3.661769868496534937e-04
7.323539736993069874e-04
1.220589956165511573e-03
1.830884934248267360e-03
2.563238907947574564e-03
3.417651877263432319e-03
4.394123842195841491e-03
5.492654802744802514e-03
6.713244758910314088e-03
8.055893710692376211e-03
9.520601658090989752e-03
1.110736860110615558e-02
1.281619453973787195e-02
1.464707947398613888e-02
1.541162949916062737e-02
1.733808318655570557e-02
1.937785767909167012e-02
2.153095297676852274e-02
2.379736907958626344e-02
2.617710598754488874e-02
2.867016370064440212e-02
3.127654221888480357e-02
3.399624154226608963e-02
3.682926167078826030e-02
3.977560260445132251e-02
4.283526434325526933e-02
4.600824688720010769e-02
4.929455023628583066e-02
2.601594696520419941e-02
2.775034342955114489e-02
2.954068816694153943e-02
3.138698117737538651e-02
3.328922246085268266e-02
3.749165763919731775e-02
3.963403807572287579e-02
4.183592907992969567e-02
4.409733065181779127e-02
4.641824279138714870e-02
4.782331900059021840e-02
5.021448495061973244e-02
5.266397202138166367e-02
5.517178021287603290e-02
5.773790952510282626e-02
5.819506777919625229e-02
6.078151523604941736e-02
6.342418981152982138e-02
6.612309150563747129e-02
6.887822031837237402e-02
6.601932576973104649e-02
6.866009880052027781e-02
7.135265169465833390e-02
7.409698445214520091e-02
7.689309707298086494e-02
7.317111440579013304e-02
7.583188220236432298e-02
7.854016370959161775e-02
8.129595892747203123e-02
8.409926785600553567e-02
8.135171874017406435e-02
8.406344269817987713e-02
8.681962114730051860e-02
8.962025408753603040e-02
9.246534151888637088e-02
8.593942815146471403e-02
8.858371824843284947e-02
9.126807334687021822e-02
9.399249344677679252e-02
9.675697854815257237e-02
9.423640509166110457e-02
9.692887380856569923e-02
9.965926462007458630e-02
1.024275775261877797e-01
1.052338125269052516e-01
9.907681979130179839e-02
1.017188683190698578e-01
1.043956806432559115e-01
1.071072567638599593e-01
1.098535966808820152e-01
1.030240218785521134e-01
1.055996224255159183e-01
1.082070205100965632e-01
1.108462161322940481e-01
1.135172092921083453e-01
1.052791092737461326e-01
1.077562647860695888e-01
1.102622244322572498e-01
1.127969882123091294e-01
1.153605561262252693e-01
1.100376894171012504e-01
1.124829714041479523e-01
1.149551246218215306e-01
1.174541490701219992e-01
1.199800447490493444e-01
1.143552504372051110e-01
1.167627293937778532e-01
1.191952862561482390e-01
1.216529210243162268e-01
1.241356336982818581e-01
1.083210412746018619e-01
1.104874621000939139e-01
1.126753326367294222e-01
1.148846528845084564e-01
1.171154228434309330e-01
1.193676425134969216e-01
1.216413118947063804e-01
1.239364309870593234e-01
1.262529997905557644e-01
1.129797264447721938e-01
1.150527489483459953e-01
1.171446171110432088e-01
1.192553309328637928e-01
1.213848904138077889e-01
1.235332955538751970e-01
1.257005463530659617e-01
1.278866428113801523e-01
1.300915849288177550e-01
1.170127245352990536e-01
1.189959910528464865e-01
1.209959236755834139e-01
1.230125224035098080e-01
1.250457872366256828e-01
1.270957181749310105e-01
1.291623152184258327e-01
1.312455783671100940e-01
1.333455076209838497e-01
1.216937134898394557e-01
1.236101499227503231e-01
1.255415585152932778e-01
1.274879392674683753e-01
1.294492921792755880e-01
1.314256172507149156e-01
1.334169144817863584e-01
1.354231838724898884e-01
1.374444254228255891e-01
1.313138431103214876e-01
1.332449290384144502e-01
1.351901104842307133e-01
1.371493874477702768e-01
1.391227599290331685e-01
1.411102279280193605e-01
1.431117914447288531e-01
1.451274504791616460e-01
1.471572050313177671e-01
1.345827441099298749e-01
1.364390578217909711e-01
1.383080860111305932e-01
1.401898286779486857e-01
1.420842858222452765e-01
1.439914574440203932e-01
1.459113435432740080e-01
1.478439441200061211e-01
1.497892591742167046e-01
1.364565375172432649e-01
1.382287003421425187e-01
1.400122964755895205e-01
1.418073259175842704e-01
1.436137886681267406e-01
1.454316847272169588e-01
1.472610140948549251e-01
1.491017767710406117e-01
1.509539727557740185e-01
1.435322223259470620e-01
1.452933538882286157e-01
1.470652240575972547e-01
1.488478328340529788e-01
1.506411802175957881e-01
1.524452662082256826e-01
1.542600908059426346e-01
1.560856540107466994e-01
1.579219558226378495e-01
1.548844805864105501e-01
1.566854629188106640e-01
1.584968555537102086e-01
1.603186584911091839e-01
1.621508717310075898e-01
1.639934952734053986e-01
1.658465291183026380e-01
1.677099732656993081e-01
1.695838277155953810e-01
1.611989922135117492e-01
1.629801965473627323e-01
1.647711877182128637e-01
1.665719657260621711e-01
1.683825305709106823e-01
1.702028822527583696e-01
1.720330207716052329e-01
1.738729461274512722e-01
1.757226583202965153e-01
1.867776760133698088e-01
1.887437568135105770e-01
1.907201312304059593e-01
1.927067992640560112e-01
1.947037609144607606e-01
1.967110161816201241e-01
1.987285650655341851e-01
2.007564075662028880e-01
2.027945436836262882e-01
1.861306799203104601e-01
1.880013400200120643e-01
1.898813534202122011e-01
1.917707201209108425e-01
1.936694401221079609e-01
1.955775134238036117e-01
1.974949400259977672e-01
1.994217199286904274e-01
2.013578531318815923e-01
2.050467910758847212e-01
2.070183948362297743e-01
2.089994321073898875e-01
2.109899028893650053e-01
2.129898071821552108e-01
2.149991449857604209e-01
2.170179163001807465e-01
2.190461211254160490e-01
2.210837594614664392e-01
2.284056022948597331e-01
2.305107230533376961e-01
2.326255003290564061e-01
2.347499341220158353e-01
2.368840244322159561e-01
2.390277712596568238e-01
2.411811746043384108e-01
2.433442344662607448e-01
2.455169508454237703e-01
2.587210805059717567e-01
2.610106475900954015e-01
2.633103008728275296e-01
2.656200403541681410e-01
2.679398660341171801e-01
2.702697779126747579e-01
2.726097759898407635e-01
2.749598602656152524e-01
2.773200307399981690e-01
2.738215316608159644e-01
2.761519276749505591e-01
2.784921982484670488e-01
2.808423433813655445e-01
2.832023630736459352e-01
2.855722573253082208e-01
2.879520261363524569e-01
2.903416695067786435e-01
2.927411874365867250e-01
2.986083790960475937e-01
3.010559887607692775e-01
3.035135886690204510e-01
3.059811788208011141e-01
3.084587592161112113e-01
3.109463298549508536e-01
3.134438907373199301e-01
3.159514418632184962e-01
3.184689832326465520e-01
3.450427435828112843e-01
3.477703542040192497e-01
3.505087034497201826e-01
3.532577913199140829e-01
3.560176178146008952e-01
3.587881829337806749e-01
3.615694866774533667e-01
3.643615290456190814e-01
3.671643100382776526e-01
3.752312636958264336e-01
3.780956244873976413e-01
3.809708763846401669e-01
3.838570193875541769e-01
3.867540534961394494e-01
3.896619787103961507e-01
3.925807950303242255e-01
3.955105024559236182e-01
3.984511009871944398e-01
4.462027155986886262e-01
4.494957245698966708e-01
4.528008401917341108e-01
4.561180624642010573e-01
4.594473913872974546e-01
4.627888269610232475e-01
4.661423691853784357e-01
4.695080180603631304e-01
4.728857735859772760e-01
4.985860155938995342e-01
5.021473442767130368e-01
5.057213467270811336e-01
5.093080229450036578e-01
5.129073729304807205e-01
5.165193966835123218e-01
5.201440942040983506e-01
5.237814654922389179e-01
5.274315105479339127e-01
5.541880606630374961e-01
5.580232721555151709e-01
5.618717085152084012e-01
5.657333697421170760e-01
5.696082558362410841e-01
5.734963667975806478e-01
5.773977026261356560e-01
5.813122633219059976e-01
5.852400488848918947e-01
6.564347701226133092e-01
6.608403726066577333e-01
6.652607095471704257e-01
6.696957809441516085e-01
6.741455867976010596e-01
6.786101271075190011e-01
6.830894018739052109e-01
6.875834110967599111e-01
6.920921547760828796e-01
7.697962823465233084e-01
7.748112418406375435e-01
7.798424836707714691e-01
7.848900078369253075e-01
7.899538143390990586e-01
7.950339031772926113e-01
8.001302743515059657e-01
8.052429278617393438e-01
8.103718637079924125e-01
8.670984296799698621e-01
8.725863944247796988e-01
8.780916713612136881e-01
8.836142604892717189e-01
8.891541618089536803e-01
8.947113753202595721e-01
9.002859010231895054e-01
9.058777389177434802e-01
9.114868890039214966e-01
9.512603817365902215e-01
9.571142917780461890e-01
9.629861585987704586e-01
9.688759821987629195e-01
9.747837625780235715e-01
9.807094997365526368e-01
9.866531936743498932e-01
9.926148443914155628e-01
9.985944518877494236e-01
1.169891659291099728e+00
1.176896998568291997e+00
1.183923249306013004e+00
1.190970411504263193e+00
1.198038485163042122e+00
1.205127470282350011e+00
1.212237366862187082e+00
1.219368174902552893e+00
1.226519894403447442e+00
1.283759249819707682e+00
1.291244726495041073e+00
1.298751963276989052e+00
1.306280960165551397e+00
1.313831717160727885e+00
1.321404234262518962e+00
1.328998511470924182e+00
1.336614548785943768e+00
1.344252346207577720e+00
1.446103984338718007e+00
1.454320484249733481e+00
1.462560260364462739e+00
1.470823312682906225e+00
1.479109641205063497e+00
1.487419245930934553e+00
1.495752126860519615e+00
1.504108283993818684e+00
1.512487717330831538e+00
1.538711236074738364e+00
1.547235952064071940e+00
1.555784216992602831e+00
1.564356030860330815e+00
1.572951393667255449e+00
1.581570305413377397e+00
1.590212766098696440e+00
1.598878775723212575e+00
1.607568334286925582e+00
1.464233055323297394e+00
1.472147828595315122e+00
1.480083935488012203e+00
1.488041376001388860e+00
1.496020150135444426e+00
1.504020257890179346e+00
1.512041699265593619e+00
1.520084474261687246e+00
1.528148582878460227e+00
1.380547490112762787e+00
1.387832701142381442e+00
1.395137083779973031e+00
1.402460638025537110e+00
1.409803363879073901e+00
1.417165261340583626e+00
1.424546330410065620e+00
1.431946571087520548e+00
1.439365983372948188e+00
1.272477813318545037e+00
1.279036977304723210e+00
1.285613002894978818e+00
1.292205890089312081e+00
1.298815638887722779e+00
1.305442249290211132e+00
1.312085721296777363e+00
1.318746054907420806e+00
1.325423250122141905e+00
1.029850889826634752e+00
1.035039055518456541e+00
1.040240256802468899e+00
1.045454493678671604e+00
1.050681766147065099e+00
1.055922074207648942e+00
1.061175417860423353e+00
1.066441797105388112e+00
1.071721211942543661e+00
5.632329785971593727e-01
5.660075252897562859e-01
5.687888890503938200e-01
5.715770698790723081e-01
5.743720677757915283e-01
5.771738827405514805e-01
5.799825147733521646e-01
5.827979638741936919e-01
5.856202300430759511e-01
2.065031631462584949e-01
2.074983591132284200e-01
2.084959473781958783e-01
2.094959279411608422e-01
2.104983008021233115e-01
2.115030659610833419e-01
2.125102234180408778e-01
2.135197731729959469e-01
2.145317152259485216e-01
-2.876011103786852985e-01
-2.889577193899055541e-01
-2.903175204223286121e-01
-2.916805134759545837e-01
-2.930466985507834132e-01
-2.944160756468151008e-01
-2.957886447640496463e-01
-2.971644059024871054e-01
-2.985433590621274225e-01
-8.292638530702501898e-01
-8.330941710982883164e-01
-8.369333147439026455e-01
-8.407812840070929550e-01
-8.446380788878593560e-01
-8.485036993862019594e-01
-8.523781455021207654e-01
-8.562614172356155517e-01
-8.601535145866865406e-01
-1.402771136055030121e+00
-1.409118516761161732e+00
-1.415480225640444623e+00
-1.421856262692879014e+00
-1.428246627918464906e+00
-1.434651321317202521e+00
-1.441070342889091416e+00
-1.447503692634132033e+00
-1.453951370552324152e+00
-1.663480789044118113e+00
-1.670857643984446694e+00
-1.678250819400307181e+00
-1.685660315291699352e+00
-1.693086131658622984e+00
-1.700528268501078522e+00
-1.707986725819065743e+00
-1.715461503612584426e+00
-1.722952601881635237e+00
-2.061497774881791312e+00
-2.070460808685624876e+00
-2.079443285079054959e+00
-2.088445204062081562e+00
-2.097466565634703795e+00
-2.106507369796922546e+00
-2.115567616548736929e+00
-2.124647305890147830e+00
-2.133746437821154807e+00
-2.580800111239461625e+00
-2.591805655423851551e+00
-2.602834615659697537e+00
-2.613886991947000027e+00
-2.624962784285758577e+00
-2.636061992675973187e+00
-2.647184617117643857e+00
-2.658330657610771031e+00
-2.669500114155353820e+00
-2.678530355692025910e+00
-2.689737595674000836e+00
-2.700968232816689962e+00
-2.712222267120092845e+00
-2.723499698584209483e+00
-2.734800527209040322e+00
-2.746124752994584917e+00
-2.757472375940843712e+00
-2.768843396047816263e+00
-2.905198963419688862e+00
-2.917129965322850182e+00
-2.929085416000402731e+00
-2.941065315452346951e+00
-2.953069663678683288e+00
-2.965098460679410852e+00
-2.977151706454530533e+00
-2.989229401004041886e+00
-3.001331544327944467e+00
-3.211777393106407974e+00
-3.224728108401192284e+00
-3.237704881473228991e+00
-3.250707712322518983e+00
-3.263736600949062261e+00
-3.276791547352858380e+00
-3.289872551533907785e+00
-3.302979613492210031e+00
-3.316112733227765563e+00
-3.209055830482430149e+00
-3.221764962484340966e+00
-3.234499211347915182e+00
-3.247258577073153685e+00
-3.260043059660056031e+00
-3.272852659108621776e+00
-3.285687375418851808e+00
-3.298547208590745239e+00
-3.311432158624303401e+00
-3.372671389216192139e+00
-3.385794624193687152e+00
-3.398943341180846733e+00
-3.412117540177671771e+00
-3.425317221184161820e+00
-3.438542384200316882e+00
-3.451793029226136955e+00
-3.465069156261622041e+00
-3.478370765306772583e+00
-3.640304291261978076e+00
-3.654225148972348958e+00
-3.668172573205067621e+00
-3.682146563960134511e+00
-3.696147121237549626e+00
-3.710174245037312968e+00
-3.724227935359424091e+00
-3.738308192203882996e+00
-3.752415015570690127e+00
-3.837162370635553987e+00
-3.851587793081552302e+00
-3.866040280110001337e+00
-3.880519831720899759e+00
-3.895026447914248902e+00
-3.909560128690048320e+00
-3.924120874048298457e+00
-3.938708683988997983e+00
-3.953323558512148672e+00
-4.020736213101495871e+00
-4.035600302613885582e+00
-4.050491816645671150e+00
-4.065410755196851689e+00
-4.080357118267428973e+00
-4.095330905857401227e+00
-4.110332117966768450e+00
-4.125360754595532420e+00
-4.140416815743690471e+00
-4.140194894393008695e+00
-4.155250148554437750e+00
-4.170332726226141595e+00
-4.185442627408120231e+00
-4.200579852100373657e+00
-4.215744400302901873e+00
-4.230936272015705768e+00
-4.246155467238783565e+00
-4.261401985972136153e+00
-4.122013936938935252e+00
-4.136761750666802406e+00
-4.151535899776326310e+00
-4.166336384267507853e+00
-4.181163204140346146e+00
-4.196016359394841189e+00
-4.210895850030992982e+00
-4.225801676048801525e+00
-4.240733837448267707e+00
-4.311024024218300887e+00
-4.326203686275408522e+00
-4.341410026121718779e+00
-4.356643043757233436e+00
-4.371902739181952491e+00
-4.387189112395875057e+00
-4.402502163399002022e+00
-4.417841892191333386e+00
-4.433208298772868261e+00
-4.279245822888721129e+00
-4.294078564042580481e+00
-4.308936967378368621e+00
-4.323821032896082883e+00
-4.338730760595725044e+00
-4.353666150477293328e+00
-4.368627202540789511e+00
-4.383613916786212705e+00
-4.398626293213562910e+00
-3.792206984342397114e+00
-3.805149670295784325e+00
-3.818114405117916110e+00
-3.831101188808793800e+00
-3.844110021368416064e+00
-3.857140902796783788e+00
-3.870193833093896529e+00
-3.883268812259753844e+00
-3.896365840294356619e+00
-3.816841147661631517e+00
-3.829670865805032687e+00
-3.842522110321156870e+00
-3.855394881210004954e+00
-3.868289178471576495e+00
-3.881205002105872381e+00
-3.894142352112891725e+00
-3.907101228492635414e+00
-3.920081631245102560e+00
-2.821650857368999787e+00
-2.830994072128499628e+00
-2.840352730218180799e+00
-2.849726831638042412e+00
-2.859116376388085801e+00
-2.868521364468309631e+00
-2.877941795878714792e+00
-2.887377670619300840e+00
-2.896828988690067330e+00
-2.458217885685770820e+00
-2.466238172425365693e+00
-2.474271521521213657e+00
-2.482317932973315155e+00
-2.490377406781670189e+00
-2.498449942946278313e+00
-2.506535541467140416e+00
-2.514634202344255609e+00
-2.522745925577623893e+00
-1.075128299912819774e+00
-1.078585304092603669e+00
-1.082047857235758137e+00
-1.085515959342282954e+00
-1.088989610412178344e+00
-1.092468810445444083e+00
-1.095953559442080172e+00
-1.099443857402086833e+00
-1.102939704325463843e+00
-1.919700329493268243e-01
-1.925784958112898293e-01
-1.931879214309457915e-01
-1.937983098082947386e-01
-1.944096609433366984e-01
-1.950219748360716154e-01
-1.956352514864995173e-01
-1.962494908946203764e-01
-1.968646930604342482e-01
1.254434833242048519e+00
1.258354942095929907e+00
1.262281166564247936e+00
1.266213506647002607e+00
1.270151962344193697e+00
1.274096533655821872e+00
1.278047220581886245e+00
1.282004023122387482e+00
1.285966941277325359e+00
2.604531473211039394e+00
2.612557764345742495e+00
2.620596403620652382e+00
2.628647391035769498e+00
2.636710726591094289e+00
2.644786410286625866e+00
2.652874442122364673e+00
2.660974822098310710e+00
2.669087550214463977e+00
3.953459758180103645e+00
3.965476353189769654e+00
3.977511182789738697e+00
3.989564246980010775e+00
4.001635545760585444e+00
4.013725079131463147e+00
4.025832847092644329e+00
4.037958849644128101e+00
4.050103086785915352e+00
5.205594287382817598e+00
5.221203265755780087e+00
5.236835610862832446e+00
5.252491322703977339e+00
5.268170401279212989e+00
5.283872846588539396e+00
5.299598658631958337e+00
5.315347837409468035e+00
5.331120382921068490e+00
5.964018325679454335e+00
5.981663350311642091e+00
5.999334438495723454e+00
6.017031590231699312e+00
6.034754805519568777e+00
6.052504084359331848e+00
6.070279426750989415e+00
6.088080832694540590e+00
6.105908302189985370e+00
6.401695996887366569e+00
6.420387080089957621e+00
6.439105409769520172e+00
6.457850985926054221e+00
6.476623808559560658e+00
6.495423877670037704e+00
6.514251193257488026e+00
6.533105755321908958e+00
6.551987563863301389e+00
6.236654609678671690e+00
6.254627677718091583e+00
6.272626606287064810e+00
6.290651395385590483e+00
6.308702045013670379e+00
6.326778555171302720e+00
6.344880925858487508e+00
6.363009157075225630e+00
6.381163248821517975e+00
5.860145498122244057e+00
5.876817320307513803e+00
5.893512824058387167e+00
5.910232009374865036e+00
5.926974876256946523e+00
5.943741424704632514e+00
5.960531654717922123e+00
5.977345566296816237e+00
5.994183159441314857e+00
4.690341680449055417e+00
4.703516797528968674e+00
4.716710393033958226e+00
4.729922466964025851e+00
4.743153019319169772e+00
4.756402050099390877e+00
4.769669559304689166e+00
4.782955546935064639e+00
4.796260012990517296e+00
3.451545953444725701e+00
3.461120283412672194e+00
3.470707874225449352e+00
3.480308725883058063e+00
3.489922838385497439e+00
3.499550211732767480e+00
3.509190845924869073e+00
3.518844740961801332e+00
3.528511896843564255e+00
2.390862676875536774e+00
2.397412985579305378e+00
2.403972255033694605e+00
2.410540485238704900e+00
2.417117676194335818e+00
2.423703827900587360e+00
2.430298940357459969e+00
2.436903013564952758e+00
2.443516047523066614e+00
6.293890714838934475e-01
6.310924248573275275e-01
6.327980800596445521e-01
6.345060370908447434e-01
6.362162959509278792e-01
6.379288566398940707e-01
6.396437191577433179e-01
6.413608835044753986e-01
6.430803496800906460e-01
-1.751344984482354317e+00
-1.756027725082574431e+00
-1.760716717672915266e+00
-1.765411962253376155e+00
-1.770113458823957986e+00
-1.774821207384659871e+00
-1.779535207935482477e+00
-1.784255460476425137e+00
-1.788981965007488517e+00
-3.292754836616512026e+00
-3.301454320993306268e+00
-3.310165282262417907e+00
-3.318887720423846943e+00
-3.327621635477593820e+00
-3.336367027423658538e+00
-3.345123896262041097e+00
-3.353892241992740608e+00
-3.362672064615758405e+00
-5.204666018822380558e+00
-5.218255225137844455e+00
-5.231862148801828205e+00
-5.245486789814332695e+00
-5.259129148175358814e+00
-5.272789223884904786e+00
-5.286467016942972386e+00
-5.300162527349559838e+00
-5.313875755104668919e+00
-6.983799868261862720e+00
-7.001822577599313036e+00
-7.019868512077660938e+00
-7.037937671696908204e+00
-7.056030056457054833e+00
-7.074145666358099938e+00
-7.092284501400044405e+00
-7.110446561582886460e+00
-7.128631846906627878e+00
-8.758029392907037192e+00
-8.780371304623635353e+00
-8.802741677374269713e+00
-8.825140511158936718e+00
-8.847567805977638145e+00
-8.870023561830373993e+00
-8.892507778717140710e+00
-8.915020456637945401e+00
-8.937561595592782737e+00
-1.023957209620812847e+01
-1.026539699430701447e+01
-1.029125441746647773e+01
-1.031714436568651827e+01
-1.034306683896713785e+01
-1.036902183730833471e+01
-1.039500936071011061e+01
-1.042102940917246556e+01
-1.044708198269539423e+01
-1.179518697675994332e+01
-1.182460140812343496e+01
-1.185405247016110231e+01
-1.188354016287294712e+01
-1.191306448625896586e+01
-1.194262544031916207e+01
-1.197222302505353397e+01
-1.200185724046208158e+01
-1.203152808654480665e+01
-1.331709180260775405e+01
-1.334993296611603597e+01
-1.338281457440696087e+01
-1.341573662748053231e+01
-1.344869912533675205e+01
-1.348170206797561299e+01
-1.351474545539712224e+01
-1.354782928760127803e+01
-1.358095356458807679e+01
-1.456205728339861594e+01
-1.459757449628495429e+01
-1.463313497008832798e+01
-1.466873870480873698e+01
-1.470438570044618309e+01
-1.474007595700066453e+01
-1.477580947447218129e+01
-1.481158625286073338e+01
-1.484740629216632257e+01
-1.612400732817049942e+01
-1.616290722522278145e+01
-1.620185398962090773e+01
-1.624084762136488180e+01
-1.627988812045470013e+01
-1.631897548689036626e+01
-1.635810972067187663e+01
-1.639729082179923481e+01
-1.643651879027243723e+01
-1.718082720191113211e+01
-1.722183156277488436e+01
-1.726288479653596752e+01
-1.730398690319438515e+01
-1.734513788275014079e+01
-1.738633773520323089e+01
-1.742758646055365190e+01
-1.746888405880141093e+01
-1.751023052994650087e+01
-1.888474348383390833e+01
-1.892933555817590374e+01
-1.897398021751122243e+01
-1.901867746183987151e+01
-1.906342729116184742e+01
-1.910822970547715016e+01
-1.915308470478578329e+01
-1.919799228908774325e+01
-1.924295245838303003e+01
-1.849752514486243271e+01
-1.854074366155603570e+01
-1.858401260825744927e+01
-1.862733198496667342e+01
-1.867070179168370814e+01
-1.871412202840855699e+01
-1.875759269514121286e+01
-1.880111379188167930e+01
-1.884468531862995633e+01
-2.062834311081675764e+01
-2.067603870182442449e+01
-2.072378936857229093e+01
-2.077159511106034628e+01
-2.081945592928859412e+01
-2.086737182325703799e+01
-2.091534279296567789e+01
-2.096336883841450671e+01
-2.101144995960352801e+01
-1.929679273727188971e+01
-1.934095015772331294e+01
-1.938515804379811058e+01
-1.942941639549627908e+01
-1.947372521281782198e+01
-1.951808449576273929e+01
-1.956249424433102746e+01
-1.960695445852268648e+01
-1.965146513833772346e+01
-1.854040217724745077e+01
-1.858239629316420505e+01
-1.862443791373697621e+01
-1.866652703896576071e+01
-1.870866366885055854e+01
-1.875084780339137325e+01
-1.879307944258820129e+01
-1.883535858644104266e+01
-1.887768523494989736e+01
-1.600338813273536331e+01
-1.603927016890741442e+01
-1.607519238653094718e+01
-1.611115478560596159e+01
-1.614715736613245411e+01
-1.618320012811043185e+01
-1.621928307153988413e+01
-1.625540619642082163e+01
-1.629156950275323723e+01
-1.308671050336116082e+01
-1.311575980525541496e+01
-1.314484131258414124e+01
-1.317395502534733964e+01
-1.320310094354501018e+01
-1.323227906717715463e+01
-1.326148939624376943e+01
-1.329073193074485992e+01
-1.332000667068042077e+01
-8.715277707659609518e+00
-8.734432164159960266e+00
-8.753607646408390508e+00
-8.772804154404900245e+00
-8.792021688149489478e+00
-8.811260247642158205e+00
-8.830519832882904652e+00
-8.849800443871732369e+00
-8.869102080608639582e+00
-1.952917847108862182e+00
-1.957167940356106861e+00
-1.961422653269924377e+00
-1.965681985850315172e+00
-1.969945938097279026e+00
-1.974214510010815937e+00
-1.978487701590925907e+00
-1.982765512837608934e+00
-1.987047943750865020e+00
6.019703245654644874e+00
6.032676744028901084e+00
6.045664207417552838e+00
6.058665635820601025e+00
6.071681029238046534e+00
6.084710387669887588e+00
6.097753711116125075e+00
6.110810999576759883e+00
6.123882253051789348e+00
1.691231993254503863e+01
1.694841880113104793e+01
1.698455615465158530e+01
1.702073199310664364e+01
1.705694631649623361e+01
1.709319912482035164e+01
1.712949041807899064e+01
1.716582019627216127e+01
1.720218845939985641e+01
3.139802643009317151e+01
3.146440703565362540e+01
3.153085773689048565e+01
3.159737853380375228e+01
3.166396942639343592e+01
3.173063041465952594e+01
3.179736149860202943e+01
3.186416267822093928e+01
3.193103395351626261e+01
4.430355679424416593e+01
4.439633911213787343e+01
4.448921848266535761e+01
4.458219490582661848e+01
4.467526838162166314e+01
4.476843891005048448e+01
4.486170649111309672e+01
4.495507112480947853e+01
4.504853281113964414e+01
5.932935703096651281e+01
5.945244698331291744e+01
5.957566449001408415e+01
5.969900955107001295e+01
5.982248216648071093e+01
5.994608233624616389e+01
6.006981006036638604e+01
6.019366533884137027e+01
6.031764817167110948e+01
7.411438067443168620e+01
7.426672266965148594e+01
7.441922107349061832e+01
7.457187588594905492e+01
7.472468710702682415e+01
7.487765473672389760e+01
7.503077877504030369e+01
7.518405922197604241e+01
7.533749607753108535e+01
8.721962100149312391e+01
8.739725770414382566e+01
8.757507511554595681e+01
8.775307323569950313e+01
8.793125206460447885e+01
8.810961160226086974e+01
8.828815184866870425e+01
8.846687280382795393e+01
8.864577446773863301e+01
9.597242228769415817e+01
9.616611032460171771e+01
9.635999361154647147e+01
9.655407214852843367e+01
9.674834593554761852e+01
9.694281497260398339e+01
9.713747925969757091e+01
9.733233879682836687e+01
9.752739358399634284e+01
1.021426365727445074e+02
1.023469218458900087e+02
1.025514112002274487e+02
1.027561046357568557e+02
1.029610021524782013e+02
1.031661037503914997e+02
1.033714094294967651e+02
1.035769191897939692e+02
1.037826330312831260e+02
9.863815694008025048e+01
9.883367360398527524e+01
9.902938384874565259e+01
9.922528767436135411e+01
9.942138508083243664e+01
9.961767606815884335e+01
9.981416063634061686e+01
1.000108387853777572e+02
1.002077105152702217e+02
9.113973126958670434e+01
9.131878771608884904e+01
9.149801988039912715e+01
9.167742776251755288e+01
9.185701136244414045e+01
9.203677068017884721e+01
9.221670571572173003e+01
9.239681646907274626e+01
9.257710294023192432e+01
8.100701174490555445e+01
8.116476639289953710e+01
8.132267449872229292e+01
8.148073606237383615e+01
8.163895108385418098e+01
8.179731956316331321e+01
8.195584150030121862e+01
8.211451689526791142e+01
8.227334574806340584e+01
6.472606592295639416e+01
6.485101971817444166e+01
6.497609400885559694e+01
6.510128879499983157e+01
6.522660407660714554e+01
6.535203985367753887e+01
6.547759612621102576e+01
6.560327289420759200e+01
6.572907015766723759e+01
4.627561789181748964e+01
4.636418366768700139e+01
4.645283411447034183e+01
4.654156923216751807e+01
4.663038902077852299e+01
4.671929348030336371e+01
4.680828261074203311e+01
4.689735641209453831e+01
4.698651488436087931e+01
2.740859898447834198e+01
2.746060771120411204e+01
2.751266573530118009e+01
2.756477305676955325e+01
2.761692967560922796e+01
2.766913559182021132e+01
2.772139080540249623e+01
2.777369531635608624e+01
2.782604912468098135e+01
7.984725875977041198e+00
7.999748878565897670e+00
8.014786000518089537e+00
8.029837241833615025e+00
8.044902602512477685e+00
8.059982082554675742e+00
8.075075681960209195e+00
8.090183400729078045e+00
8.105305238861280515e+00
-1.147832658603735467e+01
-1.149974137444413991e+01
-1.152117612071523745e+01
-1.154263082485064729e+01
-1.156410548685037121e+01
-1.158560010671440388e+01
-1.160711468444275063e+01
-1.162864922003540791e+01
-1.165020371349237926e+01
-3.197590538374183922e+01
-3.203506524569140623e+01
-3.209427978403834203e+01
-3.215354899878263950e+01
-3.221287288992430575e+01
-3.227225145746334078e+01
-3.233168470139973749e+01
-3.239117262173349587e+01
-3.245071521846462304e+01
-5.230386315452960844e+01
-5.239983354563883466e+01
-5.249589190227612079e+01
-5.259203822444145970e+01
-5.268827251213485852e+01
-5.278459476535631723e+01
-5.288100498410582162e+01
-5.297750316838338591e+01
-5.307408931818901010e+01
-6.471606587355918805e+01
-6.483383851391144503e+01
-6.495171822030036424e+01
-6.506970499272597408e+01
-6.518779883118827456e+01
-6.530599973568725147e+01
-6.542430770622293323e+01
-6.554272274279527721e+01
-6.566124484540429762e+01
-8.200657011574125477e+01
-8.215459641558916815e+01
-8.230275619271375831e+01
-8.245104944711505368e+01
-8.259947617879301163e+01
-8.274803638774768899e+01
-8.289673007397904314e+01
-8.304555723748707408e+01
-8.319451787827181022e+01
-9.560237648097157148e+01
-9.577355352032873270e+01
-9.594488366973898508e+01
-9.611636692920231440e+01
-9.628800329871874908e+01
-9.645979277828827492e+01
-9.663173536791089191e+01
-9.680383106758660006e+01
-9.697607987731541357e+01
-1.083153592096090563e+02
-1.085077488352033868e+02
-1.087003091703146680e+02
-1.088930402149428716e+02
-1.090859419690880401e+02
-1.092790144327501451e+02
-1.094722576059291868e+02
-1.096656714886251791e+02
-1.098592560808381080e+02
-1.181056835407067354e+02
-1.183137992826286791e+02
-1.185220982250276762e+02
-1.187305803679037268e+02
-1.189392457112568025e+02
-1.191480942550869173e+02
-1.193571259993940856e+02
-1.195663409441783074e+02
-1.197757390894395542e+02
-1.229241801407270174e+02
-1.231390825535604563e+02
-1.233541726540906893e+02
-1.235694504423177307e+02
-1.237849159182415519e+02
-1.240005690818621957e+02
-1.242164099331796194e+02
-1.244324384721938515e+02
-1.246486546989048634e+02
-1.294600009058037244e+02
-1.296845629195171909e+02
-1.299093195276965957e+02
-1.301342707303419388e+02
-1.303594165274532770e+02
-1.305847569190305251e+02
-1.308102919050737682e+02
-1.310360214855829781e+02
-1.312619456605580979e+02
-1.252784116413064908e+02
-1.254940371346650352e+02
-1.257098480325750387e+02
-1.259258443350365013e+02
-1.261420260420494515e+02
-1.263583931536138465e+02
-1.265749456697297290e+02
-1.267916835903970707e+02
-1.270086069156158857e+02
-1.274348788189685990e+02
-1.276525301918447184e+02
-1.278703672740833781e+02
-1.280883900656845356e+02
-1.283065985666482334e+02
-1.285249927769744431e+02
-1.287435726966631648e+02
-1.289623383257144269e+02
-1.291812896641282009e+02
-1.195987727015526900e+02
-1.198014824857926186e+02
-1.200043639125255339e+02
-1.202074169817514644e+02
-1.204106416934704100e+02
-1.206140380476823424e+02
-1.208176060443872899e+02
-1.210213456835852526e+02
-1.212252569652762304e+02
-1.083721711440595215e+02
-1.085544624327795447e+02
-1.087369069074564862e+02
-1.089195045680903320e+02
-1.091022554146810961e+02
-1.092851594472287644e+02
-1.094682166657333227e+02
-1.096514270701948135e+02
-1.098347906606131943e+02
-8.794553910730719792e+01
-8.809235970681855576e+01
-8.823930275887329344e+01
-8.838636826347141096e+01
-8.853355622061292252e+01
-8.868086663029781391e+01
-8.882829949252607094e+01
-8.897585480729770779e+01
-8.912353257461271028e+01
-6.893662763466264209e+01
-6.905085568376729555e+01
-6.916517829251525029e+01
-6.927959546090652054e+01
-6.939410718894106367e+01
-6.950871347661892230e+01
-6.962341432394008223e+01
-6.973820973090452924e+01
-6.985309969751227754e+01
-4.416947904969224936e+01
-4.424212621918186983e+01
-4.431483308231939588e+01
-4.438759963910481332e+01
-4.446042588953812924e+01
-4.453331183361933654e+01
-4.460625747134844232e+01
-4.467926280272544659e+01
-4.475232782775034224e+01
-1.254127986172810871e+01
-1.256175542068603335e+01
-1.258224768075240441e+01
-1.260275664192722544e+01
-1.262328230421049469e+01
-1.264382466760221213e+01
-1.266438373210237778e+01
-1.268495949771099340e+01
-1.270555196442805546e+01
3.183712729487796267e+01
3.188872717704145643e+01
3.194036884048606240e+01
3.199205228521176636e+01
3.204377751121857898e+01
3.209554451850649315e+01
3.214735330707550531e+01
3.219920387692562969e+01
3.225109622805685916e+01
7.468959154880944595e+01
7.480976788275764022e+01
7.493004082147589884e+01
7.505041036496422180e+01
7.517087651322259489e+01
7.529143926625101813e+01
7.541209862404949149e+01
7.553285458661802920e+01
7.565370715395661705e+01
1.170928758705813806e+02
1.172799251930583608e+02
1.174671237967184680e+02
1.176544716815617164e+02
1.178419688475881060e+02
1.180296152947976509e+02
1.182174110231903228e+02
1.184053560327661359e+02
1.185934503235251043e+02
1.626592217629047923e+02
1.629172062542020285e+02
1.631753951706112105e+02
1.634337885121323666e+02
1.636923862787654684e+02
1.639511884705105729e+02
1.642101950873676230e+02
1.644694061293366190e+02
1.647288215964176175e+02
2.119996746681233901e+02
2.123335324235062558e+02
2.126676528521821012e+02
2.130020359541509549e+02
2.133366817294127884e+02
2.136715901779675733e+02
2.140067612998153948e+02
2.143421950949561392e+02
2.146778915633899203e+02
2.447252694422833201e+02
2.451079516462587549e+02
2.454909328207060071e+02
2.458742129656251620e+02
2.462577920810161629e+02
2.466416701668790097e+02
2.470258472232137024e+02
2.474103232500202409e+02
2.477950982472986823e+02
2.735915898986110619e+02
2.740164215599443196e+02
2.744415828036370613e+02
2.748670736296891732e+02
2.752928940381007692e+02
2.757190440288718492e+02
2.761455236020023563e+02
2.765723327574922905e+02
2.769994714953417088e+02
2.796926987378798799e+02
2.801239904861264449e+02
2.805556145084470927e+02
2.809875708048419938e+02
2.814198593753109776e+02
2.818524802198540442e+02
2.822854333384713641e+02
2.827187187311628236e+02
2.831523363979284227e+02
2.830295526756000868e+02
2.834629823121629784e+02
2.838967435704830677e+02
2.843308364505602412e+02
2.847652609523945557e+02
2.852000170759860112e+02
2.856351048213346075e+02
2.860705241884402881e+02
2.865062751773031096e+02
2.666247941736325515e+02
2.670303071685734153e+02
2.674361283040880153e+02
2.678422575801761809e+02
2.682486949968380259e+02
2.686554405540736070e+02
2.690624942518828107e+02
2.694698560902656936e+02
2.698775260692221991e+02
2.351911956748518264e+02
2.355464693843304644e+02
2.359020112249106091e+02
2.362578211965922037e+02
2.366138992993753050e+02
2.369702455332599129e+02
2.373268598982459991e+02
2.376837423943335921e+02
2.380408930215226633e+02
1.950126276645630696e+02
1.953052197540822874e+02
1.955980311780014631e+02
1.958910619363205683e+02
1.961843120290396030e+02
1.964777814561585956e+02
1.967714702176775177e+02
1.970653783135963693e+02
1.973595057439151788e+02
1.460253255854698011e+02
1.462429490215137378e+02
1.464607345003246053e+02
1.466786820219024889e+02
1.468967915862473035e+02
1.471150631933591342e+02
1.473334968432378957e+02
1.475520925358836450e+02
1.477708502712963821e+02
9.083878206286311752e+01
9.097325842417008346e+01
9.110783425024135340e+01
9.124250954107689893e+01
9.137728429667670582e+01
9.151215851704080251e+01
9.164713220216918899e+01
9.178220535206185104e+01
9.191737796671878868e+01
2.519183983542085059e+01
2.522888665870823033e+01
2.526596070229193458e+01
2.530306196617194914e+01
2.534019045034828466e+01
2.537734615482093403e+01
2.541452907958990437e+01
2.545173922465518856e+01
2.548897659001679017e+01
-3.160298326784852918e+01
-3.164915271016824860e+01
-3.169535585281083101e+01
-3.174159269577627285e+01
-3.178786323906457767e+01
-3.183416748267574192e+01
-3.188050542660976916e+01
-3.192687707086665583e+01
-3.197328241544640193e+01
-9.715534142970253129e+01
-9.729635063351922497e+01
-9.743746209201599129e+01
-9.757867580519281603e+01
-9.771999177304972761e+01
-9.786140999558669762e+01
-9.800293047280374026e+01
-9.814455320470085553e+01
-9.828627819127804344e+01
-1.540442172969974877e+02
-1.542663430609441377e+02
-1.544886288578619258e+02
-1.547110746877508234e+02
-1.549336805506109158e+02
-1.551564464464421178e+02
-1.553793723752444862e+02
-1.556024583370179926e+02
-1.558257043317626369e+02
-2.035423749212211533e+02
-2.038339829082143240e+02
-2.041257996339239753e+02
-2.044178250983502210e+02
-2.047100593014929473e+02
-2.050025022433522395e+02
-2.052951539239280123e+02
-2.055880143432203795e+02
-2.058810835012292273e+02
-2.523673478934001082e+02
-2.527265896697608127e+02
-2.530860869523636154e+02
-2.534458397412084878e+02
-2.538058480362954299e+02
-2.541661118376244417e+02
-2.545266311451955517e+02
-2.548874059590087313e+02
-2.552484362790639523e+02
-2.981809993434074499e+02
-2.986027546465805926e+02
-2.990248080100386687e+02
-2.994471594337816214e+02
-2.998698089178095643e+02
-3.002927564621224406e+02
-3.007160020667201934e+02
-3.011395457316028796e+02
-3.015633874567705561e+02
-3.380109820865821462e+02
-3.384860502272519511e+02
-3.389614519831891357e+02
-3.394371873543935862e+02
-3.399132563408654164e+02
-3.403896589426045125e+02
-3.408663951596109882e+02
-3.413434649918847867e+02
-3.418208684394259080e+02
-3.663337948864161149e+02
-3.668454342647490307e+02
-3.673574306838206098e+02
-3.678697841436306248e+02
-3.683824946441793031e+02
-3.688955621854664173e+02
-3.694089867674921379e+02
-3.699227683902563513e+02
-3.704369070537591710e+02
-3.940977762263984800e+02
-3.946447544029791743e+02
-3.951921118986837200e+02
-3.957398487135121172e+02
-3.962879648474643659e+02
-3.968364603005404092e+02
-3.973853350727403040e+02
-3.979345891640641071e+02
-3.984842225745116480e+02
-4.033473416397181381e+02
-4.039036828006005067e+02
-4.044604073806151519e+02
-4.050175153797619600e+02
-4.055750067980410449e+02
-4.061328816354524065e+02
-4.066911398919959879e+02
-4.072497815676717892e+02
-4.078088066624798671e+02
-4.250127604428732866e+02
-4.255953687505399898e+02
-4.261783761049928216e+02
-4.267617825062316683e+02
-4.273455879542565867e+02
-4.279297924490676337e+02
-4.285143959906646955e+02
-4.290993985790478860e+02
-4.296848002142170913e+02
-4.126075019689115493e+02
-4.131696375301770559e+02
-4.137321557569029551e+02
-4.142950566490892470e+02
-4.148583402067358747e+02
-4.154220064298428383e+02
-4.159860553184101377e+02
-4.165504868724378866e+02
-4.171153010919259145e+02
-4.043680306180899606e+02
-4.049155838078232819e+02
-4.054635074665619072e+02
-4.060118015943057230e+02
-4.065604661910547861e+02
-4.071095012568090965e+02
-4.076589067915685973e+02
-4.082086827953333454e+02
-4.087588292681033408e+02
-3.786922192141798291e+02
-3.792018991862043436e+02
-3.797119219154392908e+02
-3.802222874018847847e+02
-3.807329956455407682e+02
-3.812440466464072415e+02
-3.817554404044842613e+02
-3.822671769197718277e+02
-3.827792561922698269e+02
-3.389509712680060147e+02
-3.394044173834146818e+02
-3.398581666045155316e+02
-3.403122189313084505e+02
-3.407665743637934952e+02
-3.412212329019706658e+02
-3.416761945458399623e+02
-3.421314592954014415e+02
-3.425870271506549329e+02
-2.584882165439511823e+02
-2.588319508744617110e+02
-2.591759135998763099e+02
-2.595201047201948654e+02
-2.598645242354174343e+02
-2.602091721455439597e+02
-2.605540484505744985e+02
-2.608991531505090506e+02
-2.612444862453475594e+02
-2.615900477350900815e+02
-2.619358376197366169e+02
-2.622818558992871090e+02
-2.626281025737416144e+02
-2.629745776431001332e+02
-2.633212811073626085e+02
-2.636682129665290972e+02
-2.640153732205995993e+02
-1.140077110962401292e+02
-1.141576226164192605e+02
-1.143076326329980077e+02
-1.144577411459763425e+02
-1.146079481553542649e+02
-1.147582536611317749e+02
-1.149086576633088868e+02
-1.150591601618855719e+02
-1.152097611568618589e+02
-1.153604606482377477e+02
-1.155112586360132241e+02
-1.156621551201883022e+02
-1.158131501007629538e+02
-1.159642435777372071e+02
-1.161154355511110481e+02
-1.162667260208844766e+02
-1.164181149870574927e+02
8.438209484108425329e+01
8.449182448327032091e+01
8.460162542476905401e+01
8.471149766558043837e+01
8.482144120570448820e+01
8.493145604514120350e+01
8.504154218389057007e+01
8.515169962195260212e+01
8.526192835932729963e+01
8.537222839601466262e+01
8.548259973201467687e+01
8.559304236732735660e+01
8.570355630195270180e+01
8.581414153589069826e+01
8.592479806914136020e+01
8.603552590170468761e+01
8.614632503358068050e+01
3.211414406135551189e+02
3.215544842670773278e+02
3.219677933728190737e+02
3.223813679307803000e+02
3.227952079409610064e+02
3.232093134033612500e+02
3.236236843179809171e+02
3.240383206848201212e+02
3.244532225038788056e+02
3.248683897751569134e+02
3.252838224986546152e+02
3.256995206743717404e+02
3.261154843023083458e+02
3.265317133824644316e+02
3.269482079148399976e+02
3.273649678994351007e+02
3.277819933362496840e+02
5.640199506848779265e+02
5.647375333193371034e+02
5.654555721411036302e+02
5.661740671501775068e+02
5.668930183465586197e+02
5.676124257302471960e+02
5.683322893012430086e+02
5.690526090595462847e+02
5.697733850051567970e+02
5.704946171380746591e+02
5.712163054582999848e+02
5.719384499658326604e+02
5.726610506606725721e+02
5.733841075428199474e+02
5.741076206122745589e+02
5.748315898690365202e+02
5.755560153131059451e+02
7.570673733157447032e+02
7.580202586188481746e+02
7.589737432208844439e+02
7.599278271218535110e+02
7.608825103217552623e+02
7.618377928205899252e+02
7.627936746183572723e+02
7.637501557150574172e+02
7.647072361106903600e+02
7.656649158052559869e+02
7.666231947987545254e+02
7.675820730911856344e+02
7.685415506825496550e+02
7.695016275728464734e+02
7.704623037620758623e+02
7.714235792502381628e+02
7.723854540373332611e+02
8.650975824677237824e+02
8.661749144508715972e+02
8.672529168335112217e+02
8.683315896156423150e+02
8.694109327972653318e+02
8.704909463783799310e+02
8.715716303589862264e+02
8.726529847390843315e+02
8.737350095186739054e+02
8.748177046977552891e+02
8.759010702763283689e+02
8.769851062543931448e+02
8.780698126319496168e+02
8.791551894089976713e+02
8.802412365855376493e+02
8.813279541615692096e+02
8.824153421370923525e+02
8.470959755901650396e+02
8.481398400086371794e+02
8.491843472007659557e+02
8.502294971665515959e+02
8.512752899059937590e+02
8.523217254190927861e+02
8.533688037058484497e+02
8.544165247662607499e+02
8.554648886003298003e+02
8.565138952080556010e+02
8.575635445894379245e+02
8.586138367444769983e+02
8.596647716731728224e+02
8.607163493755253967e+02
8.617685698515346076e+02
8.628214331012004550e+02
8.638749391245230527e+02
7.092618385006418293e+02
7.101267919622279123e+02
7.109922725130655863e+02
7.118582801531545101e+02
7.127248148824950249e+02
7.135918767010867896e+02
7.144594656089301452e+02
7.153275816060247507e+02
7.161962246923708335e+02
7.170653948679685072e+02
7.179350921328174309e+02
7.188053164869177181e+02
7.196760679302695962e+02
7.205473464628727243e+02
7.214191520847274433e+02
7.222914847958335258e+02
7.231643445961910857e+02
5.154368134895429421e+02
5.160589460344911004e+02
5.166814538101659764e+02
5.173043368165676839e+02
5.179275950536959954e+02
5.185512285215511383e+02
5.191752372201331127e+02
5.197996211494418048e+02
5.204243803094771010e+02
5.210495147002392287e+02
5.216750243217281877e+02
5.223009091739437508e+02
5.229271692568861454e+02
5.235538045705552577e+02
5.241808151149510877e+02
5.248082008900737492e+02
5.254359618959231284e+02
2.643988321098597680e+02
2.647147207981630572e+02
2.650307980767280469e+02
2.653470639455546802e+02
2.656635184046429572e+02
2.659801614539929915e+02
2.662969930936046694e+02
2.666140133234779910e+02
2.669312221436129562e+02
2.672486195540096787e+02
2.675662055546680449e+02
2.678839801455880547e+02
2.682019433267697650e+02
2.685200950982131758e+02
2.688384354599181734e+02
2.691569644118849283e+02
2.694756819541133268e+02
2.254060225477667956e+01
2.256726174886867042e+01
2.259393699916283893e+01
2.262062800565919218e+01
2.264733476835772663e+01
2.267405728725844227e+01
2.270079556236134266e+01
2.272754959366642424e+01
2.275431938117368702e+01
2.278110492488313454e+01
2.280790622479475971e+01
2.283472328090856962e+01
2.286155609322456073e+01
2.288840466174273303e+01
2.291526898646309007e+01
2.294214906738562831e+01
2.296904490451034420e+01
-1.970562382607504617e+02
-1.972869832704234909e+02
-1.975178632976563051e+02
-1.977488783424488474e+02
-1.979800284048012315e+02
-1.982113134847133722e+02
-1.984427335821853262e+02
-1.986742886972170368e+02
-1.989059788298085607e+02
-1.991378039799598412e+02
-1.993697641476709350e+02
-1.996018593329417854e+02
-1.998340895357724492e+02
-2.000664547561628410e+02
-2.002989549941130747e+02
-2.005315902496230933e+02
-2.007643605226928685e+02
-3.692629013027501514e+02
-3.696910322028113001e+02
-3.701194111509026357e+02
-3.705480381470241014e+02
-3.709769131911757540e+02
-3.714060362833575937e+02
-3.718354074235695634e+02
-3.722650266118117202e+02
-3.726948938480840070e+02
-3.731250091323864240e+02
-3.735553724647190847e+02
-3.739859838450818756e+02
-3.744168432734747967e+02
-3.748479507498979046e+02
-3.752793062743512564e+02
-3.757109098468346247e+02
-3.761427614673482367e+02
-4.854520207050969134e+02
-4.860093709010843668e+02
-4.865670408619576506e+02
-4.871250305877167648e+02
-4.876833400783617094e+02
-4.882419693338924844e+02
-4.888009183543090899e+02
-4.893601871396115257e+02
-4.899197756897997351e+02
-4.904796840048737749e+02
-4.910399120848337020e+02
-4.916004599296794026e+02
-4.921613275394108769e+02
-4.927225149140282383e+02
-4.932840220535314302e+02
-4.938458489579203388e+02
-4.944079956271951914e+02
-5.340653819414465033e+02
-5.346726194422327580e+02
-5.352802019643261247e+02
-5.358881295077269442e+02
-5.364964020724348757e+02
-5.371050196584500327e+02
-5.377139822657725290e+02
-5.383232898944023646e+02
-5.389329425443394257e+02
-5.395429402155837124e+02
-5.401532829081352247e+02
-5.407639706219940763e+02
-5.413750033571601534e+02
-5.419863811136335698e+02
-5.425981038914142118e+02
-5.432101716905020794e+02
-5.438225845108972862e+02
-5.069143468923297746e+02
-5.074851963820734113e+02
-5.080563671151989524e+02
-5.086278590917065117e+02
-5.091996723115959753e+02
-5.097718067748674571e+02
-5.103442624815208433e+02
-5.109170394315562476e+02
-5.114901376249735563e+02
-5.120635570617729400e+02
-5.126372977419541712e+02
-5.132113596655173069e+02
-5.137857428324625744e+02
-5.143604472427896326e+02
-5.149354728964988226e+02
-5.155108197935898033e+02
-5.160864879340628022e+02
-4.364972411516145030e+02
-4.369841315488835107e+02
-4.374712933454820245e+02
-4.379587265414101580e+02
-4.384464311366678544e+02
-4.389344071312551137e+02
-4.394226545251719926e+02
-4.399111733184184345e+02
-4.403999635109944393e+02
-4.408890251029000069e+02
-4.413783580941352511e+02
-4.418679624847000014e+02
-4.423578382745943145e+02
-4.428479854638182474e+02
-4.433384040523717431e+02
-4.438290940402548586e+02
-4.443200554274675369e+02
-3.070361414301522132e+02
-3.073754078847711639e+02
-3.077148616759194510e+02
-3.080545028035970745e+02
-3.083943312678040343e+02
-3.087343470685402735e+02
-3.090745502058059060e+02
-3.094149406796008748e+02
-3.097555184899251230e+02
-3.100962836367787077e+02
-3.104372361201616286e+02
-3.107783759400739427e+02
-3.111197030965155363e+02
-3.114612175894864663e+02
-3.118029194189866757e+02
-3.121448085850163352e+02
-3.124868850875752173e+02
-1.545230565882950771e+02
-1.546922115489828400e+02
-1.548614590452071127e+02
-1.550307990769678668e+02
-1.552002316442651022e+02
-1.553697567470988190e+02
-1.555393743854690172e+02
-1.557090845593756967e+02
-1.558788872688188576e+02
-1.560487825137984998e+02
-1.562187702943145950e+02
-1.563888506103672000e+02
-1.565590234619562864e+02
-1.567292888490818541e+02
-1.568996467717439032e+02
-1.570700972299424052e+02
-1.572406402236774454e+02
1.159200610901386952e+01
1.160457878375249585e+01
1.161715827294897529e+01
1.162974457660330962e+01
1.164233769471549529e+01
1.165493762728553229e+01
1.166754437431342417e+01
1.168015793579916739e+01
1.169277831174276550e+01
1.170540550214421494e+01
1.171803950700351749e+01
1.173068032632067492e+01
1.174332796009568369e+01
1.175598240832854380e+01
1.176864367101925879e+01
1.178131174816782689e+01
1.179398663977424810e+01
1.888828007943013745e+02
1.890857914453430908e+02
1.892888911139202719e+02
1.894920998000328893e+02
1.896954175036810000e+02
1.898988442248645754e+02
1.901023799635836156e+02
1.903060247198381205e+02
1.905097784936280902e+02
1.907136412849535532e+02
1.909176130938144524e+02
1.911216939202108449e+02
1.913258837641426737e+02
1.915301826256099957e+02
1.917345905046127825e+02
1.919391074011510341e+02
1.921437333152247504e+02
3.129091470088682740e+02
3.132423835871525171e+02
3.135757975132697197e+02
3.139093887872199957e+02
3.142431574090033450e+02
3.145771033786197108e+02
3.149112266960691500e+02
3.152455273613515487e+02
3.155800053744670777e+02
3.159146607354155663e+02
3.162494934441971850e+02
3.165845035008117634e+02
3.169196909052594151e+02
3.172550556575401401e+02
3.175905977576538817e+02
3.179263172056006397e+02
3.182622140013804710e+02
4.043548107643375147e+02
4.047815704590755672e+02
4.052085552380408444e+02
4.056357651012332894e+02
4.060632000486529591e+02
4.064908600802997398e+02
4.069187451961737452e+02
4.073468553962749752e+02
4.077751906806033162e+02
4.082037510491588819e+02
4.086325365019415585e+02
4.090615470389514599e+02
4.094907826601885859e+02
4.099202433656528797e+02
4.103499291553443413e+02
4.107798400292629708e+02
4.112099759874087681e+02
3.903036594693500092e+02
3.907119268955731854e+02
3.911204077391650458e+02
3.915291020001254765e+02
3.919380096784545913e+02
3.923471307741523901e+02
3.927564652872187594e+02
3.931660132176538696e+02
3.935757745654575501e+02
3.939857493306298579e+02
3.943959375131709066e+02
3.948063391130805257e+02
3.952169541303588289e+02
3.956277825650057594e+02
3.960388244170213738e+02
3.964500796864055587e+02
3.968615483731584845e+02
3.374211481122656551e+02
3.377709885976075270e+02
3.381210103474496123e+02
3.384712133617918539e+02
3.388215976406343088e+02
3.391721631839769202e+02
3.395229099918196880e+02
3.398738380641626691e+02
3.402249474010058066e+02
3.405762380023491005e+02
3.409277098681926077e+02
3.412793629985363282e+02
3.416311973933801482e+02
3.419832130527241816e+02
3.423354099765684282e+02
3.426877881649127744e+02
3.430403476177573339e+02
2.440039563177139712e+02
2.442547311957383158e+02
2.445056348744190871e+02
2.447566673537562849e+02
2.450078286337498810e+02
2.452591187143998752e+02
2.455105375957062677e+02
2.457620852776691152e+02
2.460137617602883324e+02
2.462655670435639479e+02
2.465175011274959900e+02
2.467695640120844018e+02
2.470217556973292972e+02
2.472740761832305338e+02
2.475265254697881687e+02
2.477791035570022586e+02
2.480318104448727183e+02
1.209323301544214218e+02
1.210555419019042631e+02
1.211788163844927766e+02
1.213021536021869053e+02
1.214255535549866920e+02
1.215490162428921224e+02
1.216725416659031822e+02
1.217961298240199000e+02
1.219197807172422472e+02
1.220434943455702523e+02
1.221672707090038870e+02
1.222911098075431795e+02
1.224150116411881015e+02
1.225389762099386672e+02
1.226630035137948767e+02
1.227870935527567440e+02
1.229112463268242408e+02
8.301071271261422524e+00
8.309456191737444541e+00
8.317845344884075232e+00
8.326238730701314594e+00
8.334636349189162630e+00
8.343038200347619338e+00
8.351444284176684718e+00
8.359854600676358771e+00
8.368269149846641497e+00
8.376687931687534672e+00
8.385110946199034743e+00
8.393538193381143486e+00
8.401969673233864455e+00
8.410405385757190544e+00
8.418845330951125305e+00
8.427289508815670516e+00
8.435737919350824399e+00
-9.937896647044691179e+01
-9.947849472930565184e+01
-9.957807280210775502e+01
-9.967770068885322132e+01
-9.977737838954207916e+01
-9.987710590417431433e+01
-9.997688323274991262e+01
-1.000767103752688882e+02
-1.001765873317312270e+02
-1.002765141021369431e+02
-1.003764906864860222e+02
-1.004765170847784930e+02
-1.005765932970143268e+02
-1.006767193231935380e+02
-1.007768951633161123e+02
-1.008771208173820639e+02
-1.009773962853914071e+02
-2.244965675041334805e+02
-2.247195035195298374e+02
-2.249425501731472252e+02
-2.251657074649856725e+02
-2.253889753950451507e+02
-2.256123539633256598e+02
-2.258358431698272284e+02
-2.260594430145498279e+02
-2.262831534974934584e+02
-2.265069746186581483e+02
-2.267309063780438692e+02
-2.269549487756506494e+02
-2.271791018114784322e+02
-2.274033654855272744e+02
-2.276277397977971759e+02
-2.278522247482881085e+02
-2.280768203370000435e+02
-2.283015265639330664e+02
-2.285263434290871203e+02
-2.287512709324621767e+02
-2.289763090740582925e+02
-2.292014578538754961e+02
-2.294267172719137022e+02
-2.296520873281729394e+02
-2.298775680226532359e+02
-2.301031593553545633e+02
-2.303288613262769218e+02
-2.305546739354203112e+02
-2.307805971827847884e+02
-2.310066310683702682e+02
-2.312327755921768073e+02
-2.314590307542043490e+02
-2.316853965544529785e+02
-2.912197715936216582e+02
-2.915043048340648966e+02
-2.917889770067544077e+02
-2.920737881116901917e+02
-2.923587381488723622e+02
-2.926438271183008055e+02
-2.929290550199755785e+02
-2.932144218538966243e+02
-2.934999276200639997e+02
-2.937855723184777048e+02
-2.940713559491376827e+02
-2.943572785120439903e+02
-2.946433400071966275e+02
-2.949295404345955376e+02
-2.952158797942407773e+02
-2.955023580861323467e+02
-2.957889753102701889e+02
-2.960757314666543607e+02
-2.963626265552848622e+02
-2.966496605761616365e+02
-2.969368335292847405e+02
-2.972241454146541741e+02
-2.975115962322698806e+02
-2.977991859821319167e+02
-2.980869146642402256e+02
-2.983747822785948642e+02
-2.986627888251958325e+02
-2.989509343040431304e+02
-2.992392187151367011e+02
-2.995276420584766015e+02
-2.998162043340627747e+02
-3.001049055418953344e+02
-3.003937456819741101e+02
-2.514754041602981545e+02
-2.517172074335292109e+02
-2.519591269024706151e+02
-2.522011625671223669e+02
-2.524433144274844665e+02
-2.526855824835568853e+02
-2.529279667353396803e+02
-2.531704671828328230e+02
-2.534130838260363134e+02
-2.536558166649501231e+02
-2.538986656995743374e+02
-2.541416309299088141e+02
-2.543847123559536954e+02
-2.546279099777089243e+02
-2.548712237951744726e+02
-2.551146538083503685e+02
-2.553582000172366406e+02
-2.556018624218332320e+02
-2.558456410221401995e+02
-2.560895358181574579e+02
-2.563335468098851493e+02
-2.565776739973230747e+02
-2.568219173804714615e+02
-2.570662769593301391e+02
-2.573107527338991645e+02
-2.575553447041784807e+02
-2.578000528701682583e+02
-2.580448772318682700e+02
-2.582898177892786862e+02
-2.585348745423994501e+02
-2.587800474912305617e+02
-2.590253366357720211e+02
-2.592707419760238281e+02
-1.521353073391900921e+02
-1.522793066835717184e+02
-1.524233741449563411e+02
-1.525675097233440169e+02
-1.527117134187347176e+02
-1.528559852311284146e+02
-1.530003251605251364e+02
-1.531447332069248830e+02
-1.532892093703276544e+02
-1.534337536507334221e+02
-1.535783660481422146e+02
-1.537230465625540319e+02
-1.538677951939688455e+02
-1.540126119423867124e+02
-1.541574968078076040e+02
-1.543024497902314920e+02
-1.544474708896583763e+02
-1.545925601060883139e+02
-1.547377174395212478e+02
-1.548829428899572349e+02
-1.550282364573962184e+02
-1.551735981418382266e+02
-1.553190279432832313e+02
-1.554645258617312606e+02
-1.556100918971823432e+02
-1.557557260496364222e+02
-1.559014283190935259e+02
-1.560471987055536260e+02
-1.561930372090167509e+02
-1.563389438294829006e+02
-1.564849185669520750e+02
-1.566309614214242742e+02
-1.567770723928994983e+02
-3.902482507218160634e+01
-3.906119489983508686e+01
-3.909758166732444806e+01
-3.913398537464971128e+01
-3.917040602181084807e+01
-3.920684360880788688e+01
-3.924329813564080638e+01
-3.927976960230962078e+01
-3.931625800881431587e+01
-3.935276335515490587e+01
-3.938928564133138366e+01
-3.942582486734374925e+01
-3.946238103319200974e+01
-3.949895413887615092e+01
-3.953554418439618701e+01
-3.957215116975210378e+01
-3.960877509494392257e+01
-3.964541595997162204e+01
-3.968207376483520932e+01
-3.971874850953468439e+01
-3.975544019407005436e+01
-3.979214881844131213e+01
-3.982887438264845059e+01
-3.986561688669148396e+01
-3.990237633057041222e+01
-3.993915271428522118e+01
-3.997594603783592504e+01
-4.001275630122250959e+01
-4.004958350444498905e+01
-4.008642764750335630e+01
-4.012328873039761135e+01
-4.016016675312775419e+01
-4.019706171569379194e+01
3.941331354658858999e+01
3.944948914415315500e+01
3.948568133602852015e+01
3.952189012221469966e+01
3.955811550271168642e+01
3.959435747751948753e+01
3.963061604663809590e+01
3.966689121006751151e+01
3.970318296780774148e+01
3.973949131985877870e+01
3.977581626622062316e+01
3.981215780689327488e+01
3.984851594187674095e+01
3.988489067117101428e+01
3.992128199477609485e+01
3.995768991269198978e+01
3.999411442491869195e+01
4.003055553145620138e+01
4.006701323230452516e+01
4.010348752746365619e+01
4.013997841693359447e+01
4.017648590071434000e+01
4.021300997880589989e+01
4.024955065120826703e+01
4.028610791792144141e+01
4.032268177894543015e+01
4.035927223428022614e+01
4.039587928392583649e+01
4.043250292788224698e+01
4.046914316614947893e+01
4.050579999872751102e+01
4.054247342561635037e+01
4.057916344681600407e+01
7.470104877141817212e+01
7.476859040683537216e+01
7.483616256264814126e+01
7.490376523885649362e+01
7.497139843546042925e+01
7.503906215245993394e+01
7.510675638985503610e+01
7.517448114764570732e+01
7.524223642583194760e+01
7.531002222441378535e+01
7.537783854339119216e+01
7.544568538276418224e+01
7.551356274253275558e+01
7.558147062269689798e+01
7.564940902325662364e+01
7.571737794421193257e+01
7.578537738556282477e+01
7.585340734730928602e+01
7.592146782945133054e+01
7.598955883198895833e+01
7.605768035492215517e+01
7.612583239825094950e+01
7.619401496197529866e+01
7.626222804609524530e+01
7.633047165061076100e+01
7.639874577552187418e+01
7.646705042082855641e+01
7.653538558653080770e+01
7.660375127262865647e+01
7.667214747912207429e+01
7.674057420601106116e+01
7.680903145329564552e+01
7.687751922097579893e+01
5.749879341454794712e+01
5.755001728395957628e+01
5.760126396008064376e+01
5.765253344291114956e+01
5.770382573245110791e+01
5.775514082870051169e+01
5.780647873165935380e+01
5.785783944132764844e+01
5.790922295770538142e+01
5.796062928079255272e+01
5.801205841058917656e+01
5.806351034709524583e+01
5.811498509031075344e+01
5.816648264023570647e+01
5.821800299687010494e+01
5.826954616021394884e+01
5.832111213026723817e+01
5.837270090702996583e+01
5.842431249050214603e+01
5.847594688068375746e+01
5.852760407757482142e+01
5.857928408117533081e+01
5.863098689148528564e+01
5.868271250850467879e+01
5.873446093223351738e+01
5.878623216267180140e+01
5.883802619981953086e+01
5.888984304367670575e+01
5.894168269424331896e+01
5.899354515151938472e+01
5.904543041550488169e+01
5.909733848619983831e+01
5.914926936360423326e+01
1.525255332221128057e+01
1.526594450159864813e+01
1.527934155688745577e+01
1.529274448807770881e+01
1.530615329516940371e+01
1.531956797816254046e+01
1.533298853705711906e+01
1.534641497185314307e+01
1.535984728255060716e+01
1.537328546914951488e+01
1.538672953164986268e+01
1.540017947005165588e+01
1.541363528435488917e+01
1.542709697455956608e+01
1.544056454066568485e+01
1.545403798267324547e+01
1.546751730058225149e+01
1.548100249439269760e+01
1.549449356410458556e+01
1.550799050971791715e+01
1.552149333123269237e+01
1.553500202864890944e+01
1.554851660196656660e+01
1.556203705118566916e+01
1.557556337630621357e+01
1.558909557732819984e+01
1.560263365425162618e+01
1.561617760707649794e+01
1.562972743580281154e+01
1.564328314043056878e+01
1.565684472095976787e+01
1.567041217739040881e+01
1.568398550972249161e+01
-2.496678079469607070e+01
-2.498838770148507749e+01
-2.501000395382200026e+01
-2.503162955170684612e+01
-2.505326449513960796e+01
-2.507490878412029289e+01
-2.509656241864889381e+01
-2.511822539872541427e+01
-2.513989772434985426e+01
-2.516157939552221023e+01
-2.518327041224248930e+01
-2.520497077451068790e+01
-2.522668048232680249e+01
-2.524839953569083661e+01
-2.527012793460279028e+01
-2.529186567906266347e+01
-2.531361276907045976e+01
-2.533536920462616848e+01
-2.535713498572980029e+01
-2.537891011238135164e+01
-2.540069458458081897e+01
-2.542248840232820584e+01
-2.544429156562351224e+01
-2.546610407446673818e+01
-2.548792592885788366e+01
-2.550975712879694868e+01
-2.553159767428393323e+01
-2.555344756531883732e+01
-2.557530680190166095e+01
-2.559717538403240056e+01
-2.561905331171105971e+01
-2.564094058493763839e+01
-2.566283720371213661e+01
-5.265059094457544830e+01
-5.269551465698548753e+01
-5.274045752662897257e+01
-5.278541955350589632e+01
-5.283040073761625877e+01
-5.287540107896005281e+01
-5.292042057753728557e+01
-5.296545923334795702e+01
-5.301051704639206719e+01
-5.305559401666960895e+01
-5.310069014418058941e+01
-5.314580542892500858e+01
-5.319093987090285935e+01
-5.323609347011415593e+01
-5.328126622655888411e+01
-5.332645814023705100e+01
-5.337166921114865659e+01
-5.341689943929369377e+01
-5.346214882467217677e+01
-5.350741736728409137e+01
-5.355270506712943757e+01
-5.359801192420822957e+01
-5.364333793852046028e+01
-5.368868311006612259e+01
-5.373404743884523072e+01
-5.377943092485776333e+01
-5.382483356810373465e+01
-5.387025536858315178e+01
-5.391569632629600051e+01
-5.396115644124228794e+01
-5.400663571342200697e+01
-5.405213414283517182e+01
-5.409765172948177536e+01
-6.438126680803915747e+01
-6.443543699466771102e+01
-6.448962996102150669e+01
-6.454384570710055868e+01
-6.459808423290483859e+01
-6.465234553843437482e+01
-6.470662962368915316e+01
-6.476093648866915942e+01
-6.481526613337442200e+01
-6.486961855780492670e+01
-6.492399376196067351e+01
-6.497839174584166244e+01
-6.503281250944789349e+01
-6.508725605277936666e+01
-6.514172237583608194e+01
-6.519621147861805355e+01
-6.525072336112525306e+01
-6.530525802335770891e+01
-6.535981546531539266e+01
-6.541439568699833274e+01
-6.546899868840650072e+01
-6.552362446953993924e+01
-6.557827303039860567e+01
-6.563294437098250000e+01
-6.568763849129166488e+01
-6.574235539132604345e+01
-6.579709507108569255e+01
-6.585185753057056957e+01
-6.590664276978070291e+01
-6.596145078871606415e+01
-6.601628158737668173e+01
-6.607113516576254142e+01
-6.612601152387362902e+01
-4.499999381344040472e+01
-4.503733820664658083e+01
-4.507469808902455810e+01
-4.511207346057432943e+01
-4.514946432129590193e+01
-4.518687067118926848e+01
-4.522429251025443619e+01
-4.526172983849139797e+01
-4.529918265590016091e+01
-4.533665096248073212e+01
-4.537413475823309028e+01
-4.541163404315724250e+01
-4.544914881725321010e+01
-4.548667908052095754e+01
-4.552422483296052036e+01
-4.556178607457187013e+01
-4.559936280535502107e+01
-4.563695502530997317e+01
-4.567456273443672643e+01
-4.571218593273527375e+01
-4.574982462020561513e+01
-4.578747879684776478e+01
-4.582514846266170849e+01
-4.586283361764744626e+01
-4.590053426180498519e+01
-4.593825039513432529e+01
-4.597598201763545944e+01
-4.601372912930840187e+01
-4.605149173015313124e+01
-4.608926982016966889e+01
-4.612706339935799349e+01
-4.616487246771812636e+01
-4.620269702525005329e+01
-3.278802916147513713e+01
-3.281487159222542260e+01
-3.284172500596701383e+01
-3.286858940269991081e+01
-3.289546478242411354e+01
-3.292235114513962202e+01
-3.294924849084643625e+01
-3.297615681954455624e+01
-3.300307613123398198e+01
-3.303000642591470637e+01
-3.305694770358674361e+01
-3.308389996425008661e+01
-3.311086320790472826e+01
-3.313783743455068276e+01
-3.316482264418793591e+01
-3.319181883681650191e+01
-3.321882601243636657e+01
-3.324584417104753697e+01
-3.327287331265001313e+01
-3.329991343724379504e+01
-3.332696454482888981e+01
-3.335402663540528323e+01
-3.338109970897298240e+01
-3.340818376553198021e+01
-3.343527880508229089e+01
-3.346238482762390731e+01
-3.348950183315682949e+01
-3.351662982168105742e+01
-3.354376879319659110e+01
-3.357091874770342343e+01
-3.359807968520156862e+01
-3.362525160569101246e+01
-3.365243450917176204e+01
-1.702759941587529369e+01
-1.704135353495112071e+01
-1.705511320675972087e+01
-1.706887843130109417e+01
-1.708264920857523705e+01
-1.709642553858214953e+01
-1.711020742132183869e+01
-1.712399485679429745e+01
-1.713778784499952934e+01
-1.715158638593753082e+01
-1.716539047960830544e+01
-1.717920012601185320e+01
-1.719301532514817055e+01
-1.720683607701726103e+01
-1.722066238161912466e+01
-1.723449423895375787e+01
-1.724833164902116422e+01
-1.726217461182134016e+01
-1.727602312735428924e+01
-1.728987719562001146e+01
-1.730373681661850327e+01
-1.731760199034976822e+01
-1.733147271681380630e+01
-1.734534899601061397e+01
-1.735923082794019479e+01
-1.737311821260254519e+01
-1.738701114999767228e+01
-1.740090964012556896e+01
-1.741481368298623522e+01
-1.742872327857967463e+01
-1.744263842690588362e+01
-1.745655912796486930e+01
-1.747048538175662458e+01
