9.361143355663305440e-06
1.872228671132661088e-05
3.120381118554435372e-05
4.680571677831652720e-05
6.552800348964314485e-05
8.737067131952419314e-05
1.123337202679596653e-04
1.404171503349495884e-04
1.716209615204939353e-04
2.059451538245927332e-04
2.433897272472459550e-04
2.839546817884536006e-04
3.276400174482156972e-04
3.744457342265322176e-04
3.276964951263916428e-04
3.686585570171905710e-04
4.120301519603895000e-04
4.578112799559883213e-04
5.060019410039870349e-04
5.566021351043858034e-04
6.096118622571844101e-04
6.650311224623830716e-04
7.228599157199815713e-04
7.830982420299800175e-04
8.457461013923784103e-04
9.108034938071767495e-04
9.782704192743750353e-04
1.048146877793973159e-03
8.472253981907358709e-04
9.037070914034514438e-04
9.620107747198031883e-04
1.022136448139790996e-03
1.084084111663414542e-03
1.441526110794098337e-03
1.523899031410904043e-03
1.608560088711509690e-03
1.695509282695915713e-03
1.784746613364121678e-03
9.619446732210955742e-04
1.010041906882150255e-03
1.059312243803230613e-03
1.109755683984336863e-03
1.161372227425469007e-03
2.761813912289561284e-03
2.884561197280208558e-03
3.009976901509782334e-03
3.138061024978283913e-03
3.268813567685712428e-03
4.667179323654240160e-03
4.853866496600410183e-03
5.044214202349446216e-03
5.238222440901348261e-03
5.435891212256115448e-03
4.846706270467797568e-03
5.022950134848444895e-03
5.202341211093032027e-03
5.384879499201559831e-03
5.570564999174026574e-03
4.696113706262049735e-03
4.852650829804118666e-03
5.011754135699335658e-03
5.173423623947701576e-03
5.337659294549215554e-03
7.568344317586220629e-03
7.801216450435027525e-03
8.037616948933059766e-03
8.277545813080315618e-03
8.521003042876795081e-03
8.337278732512651280e-03
8.575486696298725495e-03
8.817049701828266056e-03
9.061967749101274699e-03
9.310240838117747955e-03
6.880171567350002078e-03
7.063642809146002122e-03
7.249528146228791971e-03
7.437827578598370758e-03
7.628541106254739350e-03
1.230310359737953226e-02
1.261068118731402052e-02
1.292205603144522957e-02
1.323722812977316289e-02
1.355619748229781700e-02
1.579545711610621031e-02
1.616711493060282723e-02
1.654309434759359057e-02
1.692339536707850034e-02
1.730801798905756000e-02
1.579671555091275228e-02
1.614775367426636923e-02
1.650264935941507874e-02
1.686140260635888427e-02
1.722401341509778583e-02
1.537373785202816694e-02
1.569739549101823242e-02
1.602442456374778001e-02
1.635482507021680798e-02
1.668859701042531285e-02
1.965240316582469657e-02
2.004545122914119099e-02
2.044239085744101528e-02
2.084322205072417292e-02
2.124794480899066043e-02
2.165655913224048476e-02
2.206906502047363550e-02
2.248546247369011611e-02
2.290575149188993354e-02
2.434039895342089005e-02
2.478701177825430244e-02
2.523768471967710939e-02
2.569241777768930743e-02
2.615121095229090351e-02
2.661406424348189415e-02
2.708097765126227588e-02
2.755195117563205218e-02
2.802698481659122998e-02
2.021282680454985353e-02
2.055541708937273435e-02
2.090088628415210856e-02
2.124923438888797617e-02
2.160046140358034064e-02
2.195456732822919851e-02
2.231155216283455325e-02
2.267141590739639792e-02
2.303415856191473945e-02
2.715604710471326150e-02
2.758370138982685696e-02
2.801469672404290068e-02
2.844903310736139265e-02
2.888671053978233982e-02
2.932772902130573525e-02
2.977208855193157894e-02
3.021978913165987435e-02
3.067083076049061802e-02
3.481534669853165315e-02
3.532733709115711690e-02
3.584306463993313513e-02
3.636252934485970090e-02
3.688573120593682114e-02
3.741267022316448893e-02
3.794334639654271119e-02
3.847775972607148098e-02
3.901591021175079832e-02
3.484248725598887431e-02
3.532307328710596744e-02
3.580695100336769160e-02
3.629412040477405371e-02
3.678458149132505378e-02
3.727833426302069181e-02
3.777537871986096779e-02
3.827571486184588173e-02
3.877934268897543363e-02
3.939151593992997608e-02
3.990309406901997730e-02
4.041797270216862525e-02
4.093615183937591301e-02
4.145763148064185444e-02
4.198241162596642873e-02
4.251049227534965669e-02
4.304187342879152445e-02
4.357655508629203894e-02
3.496081444761193341e-02
3.538978149604889156e-02
3.582136419722021375e-02
3.625556255112591386e-02
3.669237655776598495e-02
3.713180621714043395e-02
3.757385152924924004e-02
3.801851249409243100e-02
3.846578911166998599e-02
3.707311660954420302e-02
3.750419936081797467e-02
3.793777391990257181e-02
3.837384028679800829e-02
3.881239846150427025e-02
3.925344844402136463e-02
3.969699023434929142e-02
4.014302383248805062e-02
4.059154923843763529e-02
4.296143699953653555e-02
4.343614901058113348e-02
4.391346932937872927e-02
4.439339795592931598e-02
4.487593489023289361e-02
4.536108013228946911e-02
4.584883368209903554e-02
4.633919553966159288e-02
4.683216570497714115e-02
3.228620683416794090e-02
3.262606164294865746e-02
3.296769579627796543e-02
3.331110929415585786e-02
3.365630213658234865e-02
3.400327432355741697e-02
3.435202585508109058e-02
3.470255673115334172e-02
3.505486695177419121e-02
2.939676518720759149e-02
2.969221006346093455e-02
2.998913216409554439e-02
3.028753148911142098e-02
3.058740803850856088e-02
3.088876181228697101e-02
3.119159281044664792e-02
3.149590103298759158e-02
3.180168647990980202e-02
2.443308718728264689e-02
2.466802071792959655e-02
2.490407833245524005e-02
2.514126003085957392e-02
2.537956581314260510e-02
2.561899567930432664e-02
2.585954962934474549e-02
2.610122766326385124e-02
2.634402978106165430e-02
2.131240860158370443e-02
2.150883633063056105e-02
2.170616510430607021e-02
2.190439492261023538e-02
2.210352578554305308e-02
2.230355769310453026e-02
2.250449064529465998e-02
2.270632464211344917e-02
2.290905968356088743e-02
-1.708457498505112915e-02
-1.723576591412237513e-02
-1.738762288252873947e-02
-1.754014589027022217e-02
-1.769333493734681628e-02
-1.784719002375852875e-02
-1.800171114950535611e-02
-1.815689831458729836e-02
-1.831275151900435549e-02
-2.945370678960830893e-02
-2.970437663462625194e-02
-2.995610864000444046e-02
-3.020890280574287795e-02
-3.046275913184155748e-02
-3.071767761830047905e-02
-3.097365826511964959e-02
-3.123070107229906564e-02
-3.148880603983873067e-02
-8.249807011423943015e-02
-8.317428380370039953e-02
-8.385325754903674711e-02
-8.453499135024841737e-02
-8.521948520733545196e-02
-8.590673912029783699e-02
-8.659675308913557246e-02
-8.728952711384864449e-02
-8.798506119443709472e-02
-8.917595928924448856e-02
-8.988090758402111913e-02
-9.058863126578507730e-02
-9.129913033453633531e-02
-9.201240479027489316e-02
-9.272845463300076474e-02
-9.344727986271395004e-02
-9.416888047941444906e-02
-9.489325648310224792e-02
-1.689554984511855429e-01
-1.702452350805838954e-01
-1.715398756515389145e-01
-1.728394201640505723e-01
-1.741438686181188689e-01
-1.754532210137438319e-01
-1.767674773509254338e-01
-1.780866376296636744e-01
-1.794107018499585815e-01
-2.458362967123990939e-01
-2.476505867250367310e-01
-2.494715469215443293e-01
-2.512991773019219166e-01
-2.531334778661695761e-01
-2.549744486142871414e-01
-2.568220895462747233e-01
-2.586764006621323220e-01
-2.605373819618598819e-01
-3.106062098740147159e-01
-3.128248256588290754e-01
-3.150513368734826902e-01
-3.172857435179754493e-01
-3.195280455923074636e-01
-3.217782430964786222e-01
-3.240363360304889806e-01
-3.263023243943385943e-01
-3.285762081880273522e-01
-4.392152523387319318e-01
-4.422548042580310979e-01
-4.453048373908450874e-01
-4.483653517371739561e-01
-4.514363472970175928e-01
-4.545178240703760530e-01
-4.576097820572493924e-01
-4.607122212576374998e-01
-4.638251416715404307e-01
-6.223018101215453957e-01
-6.264783323371262425e-01
-6.306688228544313768e-01
-6.348732816734609097e-01
-6.390917087942148411e-01
-6.433241042166930601e-01
-6.475704679408956776e-01
-6.518307999668226937e-01
-6.561051002944738864e-01
-8.123950824986170272e-01
-8.176875586060999845e-01
-8.229972180775680934e-01
-8.283240609130215759e-01
-8.336680871124604320e-01
-8.390292966758846616e-01
-8.444076896032941537e-01
-8.498032658946890194e-01
-8.552160255500691477e-01
-1.033011643931094348e+00
-1.039549692310405060e+00
-1.046108365448010113e+00
-1.052687663343909730e+00
-1.059287585998103465e+00
-1.065908133410591541e+00
-1.072549305581373957e+00
-1.079211102510450937e+00
-1.085893524197822035e+00
-1.255666380621590861e+00
-1.263393558348492984e+00
-1.271144439074557431e+00
-1.278919022799783978e+00
-1.286717309524172848e+00
-1.294539299247724262e+00
-1.302384991970437556e+00
-1.310254387692313394e+00
-1.318147486413351555e+00
-1.668809302316944576e+00
-1.678802172390698733e+00
-1.688824871927359528e+00
-1.698877400926927184e+00
-1.708959759389401478e+00
-1.719071947314782633e+00
-1.729213964703070427e+00
-1.739385811554264860e+00
-1.749587487868366154e+00
-1.943342248700757224e+00
-1.954673690384143292e+00
-1.966038072304981288e+00
-1.977435394463271212e+00
-1.988865656859012621e+00
-2.000328859492205957e+00
-2.011825002362850334e+00
-2.023354085470947084e+00
-2.034916108816495761e+00
-2.215606484292460987e+00
-2.228195157498667811e+00
-2.240819492668632229e+00
-2.253479489802353353e+00
-2.266175148899831182e+00
-2.278906469961066605e+00
-2.291673452986058290e+00
-2.304476097974807125e+00
-2.317314404927313110e+00
-2.341195257632245674e+00
-2.354165868477853696e+00
-2.367172309740162461e+00
-2.380214581419171527e+00
-2.393292683514880892e+00
-2.406406616027291445e+00
-2.419556378956402298e+00
-2.432741972302213895e+00
-2.445963396064725792e+00
-2.519590534239775970e+00
-2.533209942532963943e+00
-2.546866060821551425e+00
-2.560558889105538416e+00
-2.574288427384924471e+00
-2.588054675659710036e+00
-2.601857633929895552e+00
-2.615697302195479690e+00
-2.629573680456463780e+00
-2.213400447119456604e+00
-2.225080660560720514e+00
-2.236791611405776870e+00
-2.248533299654626116e+00
-2.260305725307268254e+00
-2.272108888363702839e+00
-2.283942788823930314e+00
-2.295807426687950681e+00
-2.307702801955763938e+00
-1.729796514792542927e+00
-1.738712991672916930e+00
-1.747652390087687690e+00
-1.756614710036855431e+00
-1.765599951520419708e+00
-1.774608114538381187e+00
-1.783639199090739424e+00
-1.792693205177494420e+00
-1.801770132798646173e+00
-9.412612952749823680e-01
-9.460031657801460936e-01
-9.507569505328100634e-01
-9.555226495329744996e-01
-9.603002627806395131e-01
-9.650897902758047708e-01
-9.698912320184703839e-01
-9.747045880086364633e-01
-9.795298582463031201e-01
5.849265752471750034e-03
5.878079869478999679e-03
5.906964782842532777e-03
5.935920492562350194e-03
5.964946998638449328e-03
5.994044301070831915e-03
6.023212399859497954e-03
6.052451295004446577e-03
6.081760986505678653e-03
1.160041832615710922e+00
1.165632395664461418e+00
1.171236397566694398e+00
1.176853838322409862e+00
1.182484717931607809e+00
1.188129036394288685e+00
1.193786793710451821e+00
1.199457989880097886e+00
1.205142624903226212e+00
2.421807242275605176e+00
2.433230861342942752e+00
2.444681359513968477e+00
2.456158736788681907e+00
2.467662993167083485e+00
2.479194128649172324e+00
2.490752143234949312e+00
2.502337036924414004e+00
2.513948809717567290e+00
3.292559405612735191e+00
3.307767532197551485e+00
3.323010700548692409e+00
3.338288910666157516e+00
3.353602162549947252e+00
3.368950456200061616e+00
3.384333791616500609e+00
3.399752168799263341e+00
3.415205587748351146e+00
4.085583262589228326e+00
4.104070064682392882e+00
4.122598597705789736e+00
4.141168861659418887e+00
4.159780856543281224e+00
4.178434582357376748e+00
4.197130039101705457e+00
4.215867226776266463e+00
4.234646145381060656e+00
4.493831730906071797e+00
4.513760031264856920e+00
4.533732420783728401e+00
4.553748899462685351e+00
4.573809467301727771e+00
4.593914124300856550e+00
4.614062870460069909e+00
4.634255705779370516e+00
4.654492630258756591e+00
4.518539372546453770e+00
4.538185195905350966e+00
4.557873634933140572e+00
4.577604689629820811e+00
4.597378359995391683e+00
4.617194646029854965e+00
4.637053547733208880e+00
4.656955065105454317e+00
4.676899198146591274e+00
4.538888002601146887e+00
4.558243601759360608e+00
4.577640383043442895e+00
4.597078346453393749e+00
4.616557491989214057e+00
4.636077819650902043e+00
4.655639329438458596e+00
4.675242021351883714e+00
4.694885895391177399e+00
4.194556997448279034e+00
4.212107445136346939e+00
4.229694532589943101e+00
4.247318259809068408e+00
4.264978626793721084e+00
4.282675633543902904e+00
4.300409280059612094e+00
4.318179566340850428e+00
4.335986492387617020e+00
3.767814661772399543e+00
3.783288233278651713e+00
3.798793512923236637e+00
3.814330500706153426e+00
3.829899196627403413e+00
3.845499600686985264e+00
3.861131712884899869e+00
3.876795533221146783e+00
3.892491061695726007e+00
3.290514522311273282e+00
3.303782726030270123e+00
3.317077626336226714e+00
3.330399223229143502e+00
3.343747516709019596e+00
3.357122506775855886e+00
3.370524193429651483e+00
3.383952576670407275e+00
3.397407656498122375e+00
2.973768642308981747e+00
2.985545943862680573e+00
2.997346520715892915e+00
3.009170372868617882e+00
3.021017500320856808e+00
3.032887903072608360e+00
3.044781581123873870e+00
3.056698534474652007e+00
3.068638763124944102e+00
2.300560401522137255e+00
2.309511998415219480e+00
2.318480977049841574e+00
2.327467337426003979e+00
2.336471079543705809e+00
2.345492203402948395e+00
2.354530709003730404e+00
2.363586596346052282e+00
2.372659865429914472e+00
1.457689853770605559e+00
1.463264193555579018e+00
1.468849171393577402e+00
1.474444787284600711e+00
1.480051041228648501e+00
1.485667933225721438e+00
1.491295463275818634e+00
1.496933631378940976e+00
1.502582437535087800e+00
6.691092464533211492e-01
6.716246947482584773e-01
6.741448624583833427e-01
6.766697495836956344e-01
6.791993561241953525e-01
6.817336820798827191e-01
6.842727274507575119e-01
6.868164922368197312e-01
6.893649764380695988e-01
-2.408961572031318166e-01
-2.417867160097977308e-01
-2.426789179138929275e-01
-2.435727629154173790e-01
-2.444682510143711129e-01
-2.453653822107541294e-01
-2.462641565045664283e-01
-2.471645738958079819e-01
-2.480666343844788180e-01
-1.262066177093253305e+00
-1.266655508646319817e+00
-1.271253169294763730e+00
-1.275859159038585267e+00
-1.280473477877784649e+00
-1.285096125812361434e+00
-1.289727102842315842e+00
-1.294366408967647875e+00
-1.299014044188357531e+00
-2.628039066398504264e+00
-2.637441710643221526e+00
-2.646861145324090003e+00
-2.656297370441109695e+00
-2.665750385994281046e+00
-2.675220191983603613e+00
-2.684706788409077394e+00
-2.694210175270702390e+00
-2.703730352568479045e+00
-4.037511899773263302e+00
-4.051728490969648711e+00
-4.065970067387819853e+00
-4.080236629027776729e+00
-4.094528175889520227e+00
-4.108844707973050348e+00
-4.123186225278366202e+00
-4.137552727805468678e+00
-4.151944215554357775e+00
-5.103715704421244226e+00
-5.121406226793587813e+00
-5.139127355606023073e+00
-5.156879090858547343e+00
-5.174661432551164175e+00
-5.192474380683870017e+00
-5.210317935256666644e+00
-5.228192096269554057e+00
-5.246096863722532255e+00
-6.108277667528779098e+00
-6.129125031581779126e+00
-6.150007910735379113e+00
-6.170926304989581723e+00
-6.191880214344385180e+00
-6.212869638799789485e+00
-6.233894578355795524e+00
-6.254955033012403298e+00
-6.276051002769611920e+00
-7.465656388813534328e+00
-7.490751032137278109e+00
-7.515887780567268805e+00
-7.541066634103507305e+00
-7.566287592745993607e+00
-7.591550656494728599e+00
-7.616855825349710507e+00
-7.642203099310941106e+00
-7.667592478378419507e+00
-8.338596154218574696e+00
-8.366207399762345176e+00
-8.393864283728502684e+00
-8.421566806117043669e+00
-8.449314966927975235e+00
-8.477108766161290276e+00
-8.504948203816992347e+00
-8.532833279895081446e+00
-8.560763994395555798e+00
-9.186601106767765756e+00
-9.216573704179731763e+00
-9.246595116896930477e+00
-9.276665344919358347e+00
-9.306784388247018924e+00
-9.336952246879910433e+00
-9.367168920818034650e+00
-9.397434410061388022e+00
-9.427748714609972325e+00
-9.817790477180107445e+00
-9.849358935306089080e+00
-9.880978065114454978e+00
-9.912647866605206914e+00
-9.944368339778343113e+00
-9.976139484633865351e+00
-1.000796130117177185e+01
-1.003983378939206439e+01
-1.007175694929474297e+01
-8.645147326526023690e+00
-8.672548744359703576e+00
-8.699993518867170650e+00
-8.727481650048424910e+00
-8.755013137903468134e+00
-8.782587982432298546e+00
-8.810206183634916144e+00
-8.837867741511320929e+00
-8.865572656061512902e+00
-7.471825068370542944e+00
-7.495174521709201620e+00
-7.518560401652131908e+00
-7.541982708199334695e+00
-7.565441441350809093e+00
-7.588936601106557767e+00
-7.612468187466578051e+00
-7.636036200430870835e+00
-7.659640639999436118e+00
-5.435752095383493909e+00
-5.452503257464798914e+00
-5.469280190564690614e+00
-5.486082894683169009e+00
-5.502911369820234100e+00
-5.519765615975884998e+00
-5.536645633150123480e+00
-5.553551421342947769e+00
-5.570482980554359642e+00
-2.789411561192457700e+00
-2.797890015785748030e+00
-2.806381336015750350e+00
-2.814885521882464658e+00
-2.823402573385891401e+00
-2.831932490526029689e+00
-2.840475273302880854e+00
-2.849030921716443565e+00
-2.857599435766718710e+00
9.322860219124390335e-01
9.350814822480085775e-01
9.378811274044396296e-01
9.406849573817324117e-01
9.434929721798869240e-01
9.463051717989029443e-01
9.491215562387806948e-01
9.519421254995199533e-01
9.547668795811209419e-01
5.415123450988450493e+00
5.431144526287232210e+00
5.447189266394432572e+00
5.463257671310050689e+00
5.479349741034085675e+00
5.495465475566539304e+00
5.511604874907409801e+00
5.527767939056698943e+00
5.543954668014404952e+00
9.127589058816466761e+00
9.154238953878705232e+00
9.180927697184474212e+00
9.207655288733771926e+00
9.234421728526603701e+00
9.261227016562965986e+00
9.288071152842858780e+00
9.314954137366282083e+00
9.341875970133235896e+00
1.292862240996346479e+01
1.296588068780197567e+01
1.300319257467334921e+01
1.304055807057758187e+01
1.307797717551467898e+01
1.311544988948463519e+01
1.315297621248745052e+01
1.319055614452312852e+01
1.322818968559166919e+01
1.647219798097036048e+01
1.651906056413101709e+01
1.656598971346093307e+01
1.661298542896011199e+01
1.666004771062855738e+01
1.670717655846626215e+01
1.675437197247322629e+01
1.680163395264945692e+01
1.684896249899494691e+01
1.931000992600353072e+01
1.936425152691927210e+01
1.941856920301161082e+01
1.947296295428055402e+01
1.952743278072609101e+01
1.958197868234823247e+01
1.963660065914697128e+01
1.969129871112231100e+01
1.974607283827425164e+01
2.115339005573154907e+01
2.121206797544231648e+01
2.127082716651002414e+01
2.132966762893467205e+01
2.138858936271626021e+01
2.144759236785478507e+01
2.150667664435025372e+01
2.156584219220266263e+01
2.162508901141200823e+01
2.192088120736339008e+01
2.198093841615068555e+01
2.204107778254234162e+01
2.210129930653835828e+01
2.216160298813873553e+01
2.222198882734347691e+01
2.228245682415257534e+01
2.234300697856603080e+01
2.240363929058385040e+01
2.262352417524300208e+01
2.268475157490536276e+01
2.274606171429699941e+01
2.280745459341791204e+01
2.286893021226809353e+01
2.293048857084755099e+01
2.299212966915628087e+01
2.305385350719428317e+01
2.311566008496155789e+01
2.199431067037809839e+01
2.205311898767857315e+01
2.211200582075649024e+01
2.217097116961183545e+01
2.223001503424462655e+01
2.228913741465484932e+01
2.234833831084251443e+01
2.240761772280761122e+01
2.246697565055015033e+01
1.983172731903186303e+01
1.988412289979548575e+01
1.993658760401658370e+01
1.998912143169514977e+01
2.004172438283119106e+01
2.009439645742470049e+01
2.014713765547568514e+01
2.019994797698414146e+01
2.025282742195006946e+01
1.838354166886774621e+01
1.843154047218071767e+01
1.847960185541978007e+01
1.852772581858493339e+01
1.857591236167618121e+01
1.862416148469352351e+01
1.867247318763695674e+01
1.872084747050648090e+01
1.876928433330209955e+01
1.589354577392653134e+01
1.593456137592376187e+01
1.597562983307820339e+01
1.601675114538985767e+01
1.605792531285872826e+01
1.609915233548480984e+01
1.614043221326810240e+01
1.618176494620860950e+01
1.622315053430633114e+01
1.350787212631909462e+01
1.354233098378419342e+01
1.357683373788300685e+01
1.361138038861553490e+01
1.364597093598177402e+01
1.368060537998172776e+01
1.371528372061539436e+01
1.375000595788277558e+01
1.378477209178387142e+01
1.000192403559454313e+01
1.002714956910171651e+01
1.005240687280222645e+01
1.007769594669606761e+01
1.010301679078324355e+01
1.012836940506375427e+01
1.015375378953759800e+01
1.017916994420477650e+01
1.020461786906528801e+01
6.442086469759837009e+00
6.458151523300385222e+00
6.474236583134258538e+00
6.490341649261458734e+00
6.506466721681984033e+00
6.522611800395835324e+00
6.538776885403011718e+00
6.554961976703514104e+00
6.571167074297342481e+00
1.827295633520186424e+00
1.831801911284724582e+00
1.836313738652420868e+00
1.840831115623275505e+00
1.845354042197288491e+00
1.849882518374459606e+00
1.854416544154789070e+00
1.858956119538277107e+00
1.863501244524923051e+00
-2.467412662833516901e+00
-2.473430742498964552e+00
-2.479456152346708464e+00
-2.485488892376749082e+00
-2.491528962589086404e+00
-2.497576362983720433e+00
-2.503631093560650278e+00
-2.509693154319877273e+00
-2.515762545261400529e+00
-7.383205991415209724e+00
-7.401018309850470267e+00
-7.418852088910350417e+00
-7.436707328594851951e+00
-7.454584028903973980e+00
-7.472482189837716504e+00
-7.490401811396080411e+00
-7.508342893579064814e+00
-7.526305436386670600e+00
-1.319700348207586948e+01
-1.322849991043404749e+01
-1.326003387923126731e+01
-1.329160538846753248e+01
-1.332321443814284123e+01
-1.335486102825719534e+01
-1.338654515881059304e+01
-1.341826682980303609e+01
-1.345002604123452272e+01
-2.104197166761762361e+01
-2.109165755113029661e+01
-2.114140202648673394e+01
-2.119120509368694272e+01
-2.124106675273090872e+01
-2.129098700361864616e+01
-2.134096584635014082e+01
-2.139100328092540693e+01
-2.144109930734443736e+01
-2.654269536939115426e+01
-2.660471101277758166e+01
-2.666679901980856471e+01
-2.672895939048411051e+01
-2.679119212480421197e+01
-2.685349722276887618e+01
-2.691587468437809605e+01
-2.697832450963187156e+01
-2.704084669853020628e+01
-3.493540167603327262e+01
-3.501617717123797746e+01
-3.509704594068656291e+01
-3.517800798437903609e+01
-3.525906330231538988e+01
-3.534021189449563849e+01
-3.542145376091976772e+01
-3.550278890158777756e+01
-3.558421731649967512e+01
-4.358246193970207116e+01
-4.368219297388903044e+01
-4.378203798640077338e+01
-4.388199697723731418e+01
-4.398206994639862444e+01
-4.408225689388472546e+01
-4.418255781969561724e+01
-4.428297272383128558e+01
-4.438350160629174468e+01
-5.259177826448937054e+01
-5.271089894006012599e+01
-5.283015436752632610e+01
-5.294954454688797085e+01
-5.306906947814505315e+01
-5.318872916129758011e+01
-5.330852359634554460e+01
-5.342845278328895375e+01
-5.354851672212780755e+01
-6.440802640401085455e+01
-6.455243901926647254e+01
-6.469701335077658655e+01
-6.484174939854119657e+01
-6.498664716256027418e+01
-6.513170664283384781e+01
-6.527692783936191745e+01
-6.542231075214445468e+01
-6.556785538118148793e+01
-7.585366576390778448e+01
-7.602204238047585250e+01
-7.619060566735052475e+01
-7.635935562453180125e+01
-7.652829225201971042e+01
-7.669741554981422382e+01
-7.686672551791535568e+01
-7.703622215632310599e+01
-7.720590546503747476e+01
-8.686388698889356874e+01
-8.705479663062740769e+01
-8.724591583289003438e+01
-8.743724459568146301e+01
-8.762878291900169359e+01
-8.782053080285069768e+01
-8.801248824722851793e+01
-8.820465525213512592e+01
-8.839703181757053585e+01
-9.912468986067031551e+01
-9.934041279834316640e+01
-9.955637021746998983e+01
-9.977256211805082842e+01
-9.998898850008563954e+01
-1.002056493635744516e+02
-1.004225447085172505e+02
-1.006396745349140502e+02
-1.008570388427648226e+02
-1.086137213773385923e+02
-1.088478026734104418e+02
-1.090821359407374871e+02
-1.093167211793197140e+02
-1.095515583891571509e+02
-1.097866475702497411e+02
-1.100219887225975555e+02
-1.102575818462005515e+02
-1.104934269410587291e+02
-1.190725123726370640e+02
-1.193266692827173898e+02
-1.195810971489918444e+02
-1.198357959714603993e+02
-1.200907657501230972e+02
-1.203460064849798954e+02
-1.206015181760308081e+02
-1.208573008232758355e+02
-1.211133544267149631e+02
-1.227054172797093514e+02
-1.229648367665586335e+02
-1.232245301916200049e+02
-1.234844975548934514e+02
-1.237447388563790156e+02
-1.240052540960766549e+02
-1.242660432739863836e+02
-1.245271063901082016e+02
-1.247884434444421089e+02
-1.232631301275893918e+02
-1.235212728084848663e+02
-1.237796855131051217e+02
-1.240383682414501720e+02
-1.242973209935200032e+02
-1.245565437693146151e+02
-1.248160365688340221e+02
-1.250757993920782241e+02
-1.253358322390472068e+02
-1.164511323714465334e+02
-1.166927322311383364e+02
-1.169345824533790363e+02
-1.171766830381686333e+02
-1.174190339855071556e+02
-1.176616352953945608e+02
-1.179044869678308771e+02
-1.181475890028161047e+02
-1.183909414003502150e+02
-1.016999660317774925e+02
-1.019090101551727088e+02
-1.021182689029246120e+02
-1.023277422750331738e+02
-1.025374302714984083e+02
-1.027473328923203013e+02
-1.029574501374988671e+02
-1.031677820070341056e+02
-1.033783285009260169e+02
-8.275461671370642591e+01
-8.292315972126998247e+01
-8.309187418662354219e+01
-8.326076010976707664e+01
-8.342981749070061426e+01
-8.359904632942414082e+01
-8.376844662593768476e+01
-8.393801838024118922e+01
-8.410776159233471105e+01
-5.511854431550771949e+01
-5.522978254823325983e+01
-5.534113291627405573e+01
-5.545259541963009298e+01
-5.556417005830138578e+01
-5.567585683228791993e+01
-5.578765574158970253e+01
-5.589956678620673358e+01
-5.601158996613900598e+01
-2.378678092367628949e+01
-2.383435448552364377e+01
-2.388197557340680888e+01
-2.392964418732578480e+01
-2.397736032728057154e+01
-2.402512399327116910e+01
-2.407293518529758103e+01
-2.412079390335980378e+01
-2.416870014745783735e+01
1.044327237583727985e+01
1.046397261840583681e+01
1.048469335626406718e+01
1.050543458941196739e+01
1.052619631784954102e+01
1.054697854157678627e+01
1.056778126059370138e+01
1.058860447490029166e+01
1.060944818449655180e+01
4.135255644852892232e+01
4.143379919204273421e+01
4.151512166346970645e+01
4.159652386280984615e+01
4.167800579006314621e+01
4.175956744522960662e+01
4.184120882830923449e+01
4.192292993930202982e+01
4.200473077820798551e+01
6.929748308667267054e+01
6.943243436824360515e+01
6.956751692538026077e+01
6.970273075808265162e+01
6.983807586635077769e+01
6.997355225018462477e+01
7.010915990958420707e+01
7.024489884454952460e+01
7.038076905508056313e+01
9.213094886947526163e+01
9.230880784412674700e+01
9.248683833177213387e+01
9.266504033241137961e+01
9.284341384604451264e+01
9.302195887267151875e+01
9.320067541229241215e+01
9.337956346490717863e+01
9.355862303051581819e+01
1.079750473087298559e+02
1.081816981169762357e+02
1.083885464881367966e+02
1.085955924222115669e+02
1.088028359192005183e+02
1.090102769791036650e+02
1.092179156019210069e+02
1.094257517876525441e+02
1.096337855362982623e+02
1.180794792674578559e+02
1.183035390004131955e+02
1.185278111122623130e+02
1.187522956030052228e+02
1.189769924726419390e+02
1.192019017211724616e+02
1.194270233485967765e+02
1.196523573549148836e+02
1.198779037401267971e+02
1.215485642479320205e+02
1.217772539266675409e+02
1.220061585393116559e+02
1.222352780858643513e+02
1.224646125663256413e+02
1.226941619806954975e+02
1.229239263289739625e+02
1.231539056111610080e+02
1.233840998272566338e+02
1.174292400647055103e+02
1.176483244678112925e+02
1.178676130502303323e+02
1.180871058119626014e+02
1.183068027530081139e+02
1.185267038733668556e+02
1.187468091730388551e+02
1.189671186520240838e+02
1.191876323103225559e+02
1.096512601567963827e+02
1.098541302033399489e+02
1.100571877453054555e+02
1.102604327826929023e+02
1.104638653155023036e+02
1.106674853437336452e+02
1.108712928673869271e+02
1.110752878864621636e+02
1.112794704009593403e+02
1.007165341960200777e+02
1.009013351761962554e+02
1.010863055431553761e+02
1.012714452968974115e+02
1.014567544374223900e+02
1.016422329647302973e+02
1.018278808788211194e+02
1.020136981796948845e+02
1.021996848673515785e+02
8.529461094403725951e+01
8.544983316595543954e+01
8.560519649898444072e+01
8.576070094312429148e+01
8.591634649837496340e+01
8.607213316473647069e+01
8.622806094220882756e+01
8.638412983079200558e+01
8.654033983048603318e+01
7.043412079316890129e+01
7.056125819532263677e+01
7.068851023895712160e+01
7.081587692407237000e+01
7.094335825066835355e+01
7.107095421874510066e+01
7.119866482830258292e+01
7.132649007934082874e+01
7.145442997185982392e+01
4.968160069005799784e+01
4.977055610758719695e+01
4.985959109167948355e+01
4.994870564233485055e+01
5.003789975955330505e+01
5.012717344333484704e+01
5.021652669367947652e+01
5.030595951058718640e+01
5.039547189405798377e+01
2.833496736180833508e+01
2.838529590063925667e+01
2.843566909655875818e+01
2.848608694956684317e+01
2.853654945966350809e+01
2.858705662684874937e+01
2.863760845112257769e+01
2.868820493248498593e+01
2.873884607093597410e+01
2.564141970241637480e+00
2.568660282083472968e+00
2.573182571312493394e+00
2.577708837928698316e+00
2.582239081932088176e+00
2.586773303322662088e+00
2.591311502100420938e+00
2.595853678265365172e+00
2.600399831817493457e+00
-2.353321856982885762e+01
-2.357436056033554905e+01
-2.361553848271168121e+01
-2.365675233695725410e+01
-2.369800212307226062e+01
-2.373928784105670786e+01
-2.378060949091059229e+01
-2.382196707263391744e+01
-2.386336058622667622e+01
-5.114442734009498537e+01
-5.123314273877684855e+01
-5.132193501388738355e+01
-5.141080416542658327e+01
-5.149975019339444771e+01
-5.158877309779097686e+01
-5.167787287861617784e+01
-5.176704953587005065e+01
-5.185630306955258106e+01
-8.133855440299718964e+01
-8.147855191487842319e+01
-8.161866980295216933e+01
-8.175890806721839965e+01
-8.189926670767715677e+01
-8.203974572432839807e+01
-8.218034511717215196e+01
-8.232106488620840423e+01
-8.246190503143715489e+01
-1.111552137031493999e+02
-1.113450603533682823e+02
-1.115350689887835927e+02
-1.117252396093953308e+02
-1.119155722152034969e+02
-1.121060668062081049e+02
-1.122967233824091267e+02
-1.124875419438065904e+02
-1.126785224904004963e+02
-1.425643062501708300e+02
-1.428059406675440073e+02
-1.430477796864560105e+02
-1.432898233069068681e+02
-1.435320715288965800e+02
-1.437745243524250895e+02
-1.440171817774924818e+02
-1.442600438040987285e+02
-1.445031104322438011e+02
-1.696606586594608359e+02
-1.699460424418989533e+02
-1.702316660426416490e+02
-1.705175294616888948e+02
-1.708036326990407190e+02
-1.710899757546971216e+02
-1.713765586286581026e+02
-1.716633813209236337e+02
-1.719504438314937431e+02
-1.978380883299926154e+02
-1.981683689449007773e+02
-1.984989250232075335e+02
-1.988297565649128842e+02
-1.991608635700168008e+02
-1.994922460385193688e+02
-1.998239039704204743e+02
-2.001558373657201741e+02
-2.004880462244184400e+02
-2.254923443921499029e+02
-2.258659853936281650e+02
-2.262399357005712659e+02
-2.266141953129791773e+02
-2.269887642308518707e+02
-2.273636424541893462e+02
-2.277388299829916605e+02
-2.281143268172587284e+02
-2.284901329569906352e+02
-2.434132295489500848e+02
-2.438135802554450606e+02
-2.442142599271878112e+02
-2.446152685641782512e+02
-2.450166061664164374e+02
-2.454182727339023700e+02
-2.458202682666360204e+02
-2.462225927646174171e+02
-2.466252462278465600e+02
-2.603129417141317390e+02
-2.607379424352976685e+02
-2.611632898128430043e+02
-2.615889838467677464e+02
-2.620150245370719517e+02
-2.624414118837555634e+02
-2.628681458868185814e+02
-2.632952265462610058e+02
-2.637226538620828364e+02
-2.704984532405757136e+02
-2.709368624030401520e+02
-2.713756265526807283e+02
-2.718147456894973857e+02
-2.722542198134900673e+02
-2.726940489246588868e+02
-2.731342330230037874e+02
-2.735747721085247690e+02
-2.740156661812218317e+02
-2.662948972029794277e+02
-2.667233684776422820e+02
-2.671521841825902470e+02
-2.675813443178233229e+02
-2.680108488833415095e+02
-2.684406978791447500e+02
-2.688708913052331582e+02
-2.693014291616066203e+02
-2.697323114482651931e+02
-2.480788204240372750e+02
-2.484751124694431041e+02
-2.488717207894262629e+02
-2.492686453839867227e+02
-2.496658862531245688e+02
-2.500634433968397445e+02
-2.504613168151322498e+02
-2.508595065080020845e+02
-2.512580124754492488e+02
-2.229344701360157330e+02
-2.232880537524091267e+02
-2.236419175459945450e+02
-2.239960615167720448e+02
-2.243504856647416261e+02
-2.247051899899032605e+02
-2.250601744922570049e+02
-2.254154391718027739e+02
-2.257709840285406528e+02
-1.725938453134165513e+02
-1.728656466446187778e+02
-1.731376618242326515e+02
-1.734098908522581723e+02
-1.736823337286953688e+02
-1.739549904535441840e+02
-1.742278610268046464e+02
-1.745009454484767275e+02
-1.747742437185604842e+02
-1.220844491181725147e+02
-1.222753552153080392e+02
-1.224664104578319552e+02
-1.226576148457442628e+02
-1.228489683790449618e+02
-1.230404710577340381e+02
-1.232321228818115060e+02
-1.234239238512773511e+02
-1.236158739661316019e+02
-5.188148251407388045e+01
-5.196204382232554764e+01
-5.204266762965266224e+01
-5.212335393605521716e+01
-5.220410274153323371e+01
-5.228491404608669058e+01
-5.236578784971559486e+01
-5.244672415241994656e+01
-5.252772295419974569e+01
1.956672267429704348e+01
1.959689495290043126e+01
1.962709047671075879e+01
1.965730924572801896e+01
1.968755125995221533e+01
1.971781651938334790e+01
1.974810502402141665e+01
1.977841677386642516e+01
1.980875176891836631e+01
8.645676725158601528e+01
8.658916658887785900e+01
8.672166722635128622e+01
8.685426916400625430e+01
8.698697240184277746e+01
8.711977693986085569e+01
8.725268277806048900e+01
8.738568991644169159e+01
8.751879835500443505e+01
1.646153981373033730e+02
1.648657637618468073e+02
1.651163196338252988e+02
1.653670657532388475e+02
1.656180021200874535e+02
1.658691287343711451e+02
1.661204455960898940e+02
1.663719527052437002e+02
1.666236500618325636e+02
2.213810800398030381e+02
2.217154925474160336e+02
2.220501574418272526e+02
2.223850747230366380e+02
2.227202443910442184e+02
2.230556664458499938e+02
2.233913408874539925e+02
2.237272677158561862e+02
2.240634469310565464e+02
2.804268415240064769e+02
2.808475869726546534e+02
2.812686478226885924e+02
2.816900240741083508e+02
2.821117157269139284e+02
2.825337227811052685e+02
2.829560452366823711e+02
2.833786830936452930e+02
2.838016363519940342e+02
3.047604001698089746e+02
3.052145885456209271e+02
3.056691151108414601e+02
3.061239798654707442e+02
3.065791828095086089e+02
3.070347239429551109e+02
3.074906032658103072e+02
3.079468207780740840e+02
3.084033764797465551e+02
3.322444359375435283e+02
3.327362855836390736e+02
3.332284990238515547e+02
3.337210762581809718e+02
3.342140172866273247e+02
3.347073221091906134e+02
3.352009907258708381e+02
3.356950231366679986e+02
3.361894193415820951e+02
3.441636162475961669e+02
3.446697392126661157e+02
3.451762340535370868e+02
3.456831007702089096e+02
3.461903393626816978e+02
3.466979498309553946e+02
3.472059321750301137e+02
3.477142863949056846e+02
3.482230124905821640e+02
3.334260812471429745e+02
3.339131902044068738e+02
3.344006547156541842e+02
3.348884747808848488e+02
3.353766504000989812e+02
3.358651815732965247e+02
3.363540683004774223e+02
3.368433105816417878e+02
3.373329084167895076e+02
3.144042997640760859e+02
3.148606195024854628e+02
3.153172701471591495e+02
3.157742516980970322e+02
3.162315641552992247e+02
3.166892075187656133e+02
3.171471817884963116e+02
3.176054869644912628e+02
3.180641230467504101e+02
2.927534557723536750e+02
2.931755948578220909e+02
2.935980380780783321e+02
2.940207854331223416e+02
2.944438369229541763e+02
2.948671925475737794e+02
2.952908523069812645e+02
2.957148162011765180e+02
2.961390842301595399e+02
2.547371539549315855e+02
2.551021068975604464e+02
2.554673210806635666e+02
2.558327965042410881e+02
2.561985331682928972e+02
2.565645310728190225e+02
2.569307902178194922e+02
2.572973106032942496e+02
2.576640922292433515e+02
2.132857360704537371e+02
2.135893456591661277e+02
2.138931711864195790e+02
2.141972126522140627e+02
2.145014700565495787e+02
2.148059433994261553e+02
2.151106326808437927e+02
2.154155379008024624e+02
2.157206590593021645e+02
1.630384683450593002e+02
1.632690743823224580e+02
1.634998433920501384e+02
1.637307753742422847e+02
1.639618703288989536e+02
1.641931282560201169e+02
1.644245491556057743e+02
1.646561330276559261e+02
1.648878798721705721e+02
1.110080821594634983e+02
1.111641019516763720e+02
1.113202313083500883e+02
1.114764702294846046e+02
1.116328187150799494e+02
1.117892767651361225e+02
1.119458443796531384e+02
1.121025215586309542e+02
1.122593083020695985e+02
4.370411462549777326e+01
4.376515389173449933e+01
4.382623575341172995e+01
4.388736021052945802e+01
4.394852726308769064e+01
4.400973691108642072e+01
4.407098915452564825e+01
4.413228399340538033e+01
4.419362142772560276e+01
-1.790001697170576378e+01
-1.792486085369286286e+01
-1.794972196444694745e+01
-1.797460030396800690e+01
-1.799949587225605185e+01
-1.802440866931107877e+01
-1.804933869513308409e+01
-1.807428594972207492e+01
-1.809925043307804415e+01
-8.551815406908420414e+01
-8.563611014366226470e+01
-8.575414751119315326e+01
-8.587226617167688403e+01
-8.599046612511347121e+01
-8.610874737150290059e+01
-8.622710991084517218e+01
-8.634555374314028597e+01
-8.646407886838824197e+01
-1.584069279862799817e+02
-1.586240725071658915e+02
-1.588413657571757369e+02
-1.590588077363094328e+02
-1.592763984445670360e+02
-1.594941378819485465e+02
-1.597120260484539358e+02
-1.599300629440832324e+02
-1.601482485688364079e+02
-2.386599447224837718e+02
-2.389850945109340046e+02
-2.393104656402885837e+02
-2.396360581105474523e+02
-2.399618719217106957e+02
-2.402879070737782286e+02
-2.406141635667500793e+02
-2.409406414006262764e+02
-2.412673405754067915e+02
-3.184027143793546202e+02
-3.188338622661242425e+02
-3.192653018632367434e+02
-3.196970331706920661e+02
-3.201290561884903241e+02
-3.205613709166314038e+02
-3.209939773551154190e+02
-3.214268755039422558e+02
-3.218600653631119712e+02
-3.983833241921681179e+02
-3.989195063243245158e+02
-3.994560490362603673e+02
-3.999929523279757291e+02
-4.005302161994707149e+02
-4.010678406507451541e+02
-4.016058256817991605e+02
-4.021441712926326773e+02
-4.026828774832457043e+02
-4.789540619243156243e+02
-4.795948031442812294e+02
-4.802359726672013949e+02
-4.808775704930760639e+02
-4.815195966219052366e+02
-4.821620510536889697e+02
-4.828049337884272632e+02
-4.834482448261200602e+02
-4.840919841667673040e+02
-5.745872518302671779e+02
-5.753513306225946735e+02
-5.761159171084718764e+02
-5.768810112878987866e+02
-5.776466131608754040e+02
-5.784127227274018423e+02
-5.791793399874778743e+02
-5.799464649411037271e+02
-5.807140975882791736e+02
-5.814822379290044410e+02
-5.822508859632794156e+02
-5.830200416911040975e+02
-5.837897051124784866e+02
-5.845598762274025830e+02
-5.853305550358763867e+02
-5.861017415379000113e+02
-5.868734357334732294e+02
-6.868016678979655580e+02
-6.877047601634460534e+02
-6.886084457878396279e+02
-6.895127247711459404e+02
-6.904175971133653320e+02
-6.913230628144975753e+02
-6.922291218745428978e+02
-6.931357742935009583e+02
-6.940430200713720978e+02
-6.949508592081560892e+02
-6.958592917038530459e+02
-6.967683175584628543e+02
-6.976779367719857419e+02
-6.985881493444214811e+02
-6.994989552757700721e+02
-7.004103545660316286e+02
-7.013223472152061504e+02
-7.530420867036702930e+02
-7.540213351909312678e+02
-7.550012199670078417e+02
-7.559817410319001283e+02
-7.569628983856079003e+02
-7.579446920281313851e+02
-7.589271219594704689e+02
-7.599101881796252655e+02
-7.608938906885956612e+02
-7.618782294863817697e+02
-7.628632045729833635e+02
-7.638488159484006701e+02
-7.648350636126335758e+02
-7.658219475656820805e+02
-7.668094678075462980e+02
-7.677976243382261146e+02
-7.687864171577215302e+02
-7.339264681772846188e+02
-7.348704250495383121e+02
-7.358149885778796033e+02
-7.367601587623086061e+02
-7.377059356028249795e+02
-7.386523190994290644e+02
-7.395993092521205199e+02
-7.405469060608996870e+02
-7.414951095257664520e+02
-7.424439196467207012e+02
-7.433933364237625483e+02
-7.443433598568919933e+02
-7.452939899461089226e+02
-7.462452266914134498e+02
-7.471970700928055749e+02
-7.481495201502852979e+02
-7.491025768638525051e+02
-6.169062237407644034e+02
-6.176910917099002063e+02
-6.184764586415084295e+02
-6.192623245355891868e+02
-6.200486893921422507e+02
-6.208355532111678485e+02
-6.216229159926658667e+02
-6.224107777366363052e+02
-6.231991384430791641e+02
-6.239879981119944432e+02
-6.247773567433821427e+02
-6.255672143372422624e+02
-6.263575708935749162e+02
-6.271484264123799903e+02
-6.279397808936573711e+02
-6.287316343374072858e+02
-6.295239867436295071e+02
-4.303290816268412868e+02
-4.308707167201412744e+02
-4.314126924644432961e+02
-4.319550088597474087e+02
-4.324976659060536690e+02
-4.330406636033619066e+02
-4.335840019516722919e+02
-4.341276809509847681e+02
-4.346717006012992783e+02
-4.352160609026158227e+02
-4.357607618549345716e+02
-4.363058034582552409e+02
-4.368511857125781148e+02
-4.373969086179030228e+02
-4.379429721742299648e+02
-4.384893763815589978e+02
-4.390361212398901216e+02
-1.654057244543399463e+02
-1.656117091672345225e+02
-1.658178220597886536e+02
-1.660240631320023112e+02
-1.662304323838755238e+02
-1.664369298154082912e+02
-1.666435554266006136e+02
-1.668503092174524909e+02
-1.670571911879638947e+02
-1.672642013381348249e+02
-1.674713396679653670e+02
-1.676786061774554071e+02
-1.678860008666050305e+02
-1.680935237354141520e+02
-1.683011747838828853e+02
-1.685089540120111167e+02
-1.687168614197989314e+02
1.129604478741746902e+02
1.130996474402550120e+02
1.132389327203538443e+02
1.133783037144712011e+02
1.135177604226070827e+02
1.136573028447614888e+02
1.137969309809344196e+02
1.139366448311258608e+02
1.140764443953358409e+02
1.142163296735643314e+02
1.143563006658113324e+02
1.144963573720768721e+02
1.146364997923609366e+02
1.147767279266635114e+02
1.149170417749846251e+02
1.150574413373242493e+02
1.151979266136823981e+02
3.389346896733792391e+02
3.393480246607857680e+02
3.397616115281359157e+02
3.401754502754296254e+02
3.405895409026669540e+02
3.410038834098477878e+02
3.414184777969722404e+02
3.418333240640402551e+02
3.422484222110518317e+02
3.426637722380069704e+02
3.430793741449057279e+02
3.434952279317479906e+02
3.439113335985339290e+02
3.443276911452633726e+02
3.447443005719363782e+02
3.451611618785530027e+02
3.455782750651131892e+02
5.115427290946816470e+02
5.121601614774151585e+02
5.127779662560368479e+02
5.133961434305468856e+02
5.140146930009450443e+02
5.146336149672315514e+02
5.152529093294064069e+02
5.158725760874693833e+02
5.164926152414207081e+02
5.171130267912602676e+02
5.177338107369880618e+02
5.183549670786040906e+02
5.189764958161084678e+02
5.195983969495009660e+02
5.202206704787818126e+02
5.208433164039508938e+02
5.214663347250083234e+02
5.816646594961239316e+02
5.823595993521528271e+02
5.830549540976479648e+02
5.837507237326093446e+02
5.844469082570369665e+02
5.851435076709309442e+02
5.858405219742912777e+02
5.865379511671177397e+02
5.872357952494105575e+02
5.879340542211697311e+02
5.886327280823951469e+02
5.893318168330868048e+02
5.900313204732447048e+02
5.907312390028689606e+02
5.914315724219594586e+02
5.921323207305164260e+02
5.928334839285395219e+02
5.817475008233142262e+02
5.824355522731349311e+02
5.831240103727485575e+02
5.838128751221552193e+02
5.845021465213549163e+02
5.851918245703476487e+02
5.858819092691334163e+02
5.865724006177122192e+02
5.872632986160840574e+02
5.879546032642490445e+02
5.886463145622069533e+02
5.893384325099578973e+02
5.900309571075019903e+02
5.907238883548390049e+02
5.914172262519691685e+02
5.921109707988922537e+02
5.928051219956083742e+02
5.061578071293201333e+02
5.067504977699868505e+02
5.073435352161775995e+02
5.079369194678923805e+02
5.085306505251313069e+02
5.091247283878943222e+02
5.097191530561814261e+02
5.103139245299926188e+02
5.109090428093278433e+02
5.115045078941872134e+02
5.121003197845707291e+02
5.126964784804781630e+02
5.132929839819098561e+02
5.138898362888654674e+02
5.144870354013453380e+02
5.150845813193492404e+02
5.156824740428771747e+02
3.762675017550570828e+02
3.767037539310049397e+02
3.771402588602413175e+02
3.775770165427662164e+02
3.780140269785796363e+02
3.784512901676815204e+02
3.788888061100719256e+02
3.793265748057507949e+02
3.797645962547181853e+02
3.802028704569739830e+02
3.806413974125184154e+02
3.810801771213512552e+02
3.815192095834726160e+02
3.819584947988824979e+02
3.823980327675809008e+02
3.828378234895677110e+02
3.832778669648430991e+02
2.263583546215572539e+02
2.266182379219264362e+02
2.268782703234432745e+02
2.271384518261077687e+02
2.273987824299199190e+02
2.276592621348797252e+02
2.279198909409872158e+02
2.281806688482423624e+02
2.284415958566451366e+02
2.287026719661955951e+02
2.289638971768937097e+02
2.292252714887394802e+02
2.294867949017329067e+02
2.297484674158739892e+02
2.300102890311627277e+02
2.302722597475991222e+02
2.305343795651832011e+02
6.746667107873436464e+01
6.754338133578806946e+01
6.762013517821509367e+01
6.769693260601546569e+01
6.777377361918914289e+01
6.785065821773615369e+01
6.792758640165648387e+01
6.800455817095014766e+01
6.808157352561713083e+01
6.815863246565744760e+01
6.823573499107108375e+01
6.831288110185805351e+01
6.839007079801834266e+01
6.846730407955196540e+01
6.854458094645890753e+01
6.862190139873918326e+01
6.869926543639277838e+01
-6.778475574778616419e+01
-6.786108993218682883e+01
-6.793746707335979806e+01
-6.801388717130508610e+01
-6.809035022602267873e+01
-6.816685623751260437e+01
-6.824340520577482039e+01
-6.831999713080936942e+01
-6.839663201261620884e+01
-6.847330985119538127e+01
-6.855003064654687250e+01
-6.862679439867065412e+01
-6.870360110756675454e+01
-6.878045077323517376e+01
-6.885734339567591178e+01
-6.893427897488895439e+01
-6.901125751087431581e+01
-2.110160073191760830e+02
-2.112513849068159857e+02
-2.114868936971246001e+02
-2.117225336901018977e+02
-2.119583048857478786e+02
-2.121942072840625713e+02
-2.124302408850459472e+02
-2.126664056886980347e+02
-2.129027016950188056e+02
-2.131391289040082881e+02
-2.133756873156664540e+02
-2.136123769299933315e+02
-2.138491977469888639e+02
-2.140861497666531363e+02
-2.143232329889860637e+02
-2.145604474139877311e+02
-2.147977930416580534e+02
-2.884380079649054096e+02
-2.887567239958058281e+02
-2.890756160156797705e+02
-2.893946840245270664e+02
-2.897139280223478295e+02
-2.900333480091420597e+02
-2.903529439849097002e+02
-2.906727159496508079e+02
-2.909926639033653260e+02
-2.913127878460533111e+02
-2.916330877777147066e+02
-2.919535636983495692e+02
-2.922742156079578422e+02
-2.925950435065395823e+02
-2.929160473940947327e+02
-2.932372272706234071e+02
-2.935585831361254350e+02
-3.322475581974715055e+02
-3.326112665260949370e+02
-3.329751738198871749e+02
-3.333392800788481622e+02
-3.337035853029780696e+02
-3.340680894922767834e+02
-3.344327926467443604e+02
-3.347976947663807437e+02
-3.351627958511859333e+02
-3.355280959011599862e+02
-3.358935949163029022e+02
-3.362592928966145678e+02
-3.366251898420950965e+02
-3.369912857527444885e+02
-3.373575806285626868e+02
-3.377240744695496915e+02
-3.380907672757056162e+02
-3.123449103872457613e+02
-3.126836792705290691e+02
-3.130226317683832917e+02
-3.133617678808084293e+02
-3.137010876078044248e+02
-3.140405909493713352e+02
-3.143802779055091037e+02
-3.147201484762177301e+02
-3.150602026614972715e+02
-3.154004404613477277e+02
-3.157408618757690419e+02
-3.160814669047612711e+02
-3.164222555483243582e+02
-3.167632278064582465e+02
-3.171043836791631634e+02
-3.174457231664388814e+02
-3.177872462682855144e+02
-2.461874479616078304e+02
-2.464520234027272636e+02
-2.467167409359202850e+02
-2.469816005611869798e+02
-2.472466022785273196e+02
-2.475117460879412761e+02
-2.477770319894289059e+02
-2.480424599829901240e+02
-2.483080300686250439e+02
-2.485737422463335804e+02
-2.488395965161157335e+02
-2.491055928779715600e+02
-2.493717313319010032e+02
-2.496380118779040913e+02
-2.499044345159808529e+02
-2.501709992461312311e+02
-2.504377060683552543e+02
-1.531976952233031284e+02
-1.533608450584717104e+02
-1.535240817216526068e+02
-1.536874052128458743e+02
-1.538508155320514277e+02
-1.540143126792693522e+02
-1.541778966544995910e+02
-1.543415674577421441e+02
-1.545053250889970684e+02
-1.546691695482642785e+02
-1.548331008355438598e+02
-1.549971189508357270e+02
-1.551612238941399653e+02
-1.553254156654565179e+02
-1.554896942647853848e+02
-1.556540596921265944e+02
-1.558185119474801184e+02
-4.164472054635400822e-01
-4.168867275801242944e-01
-4.173264815121708327e-01
-4.177664672596796969e-01
-4.182066848226508871e-01
-4.186471342010844587e-01
-4.190878153949803564e-01
-4.195287284043385800e-01
-4.199698732291590741e-01
-4.204112498694420053e-01
-4.208528583251871513e-01
-4.212946985963946789e-01
-4.217367706830645879e-01
-4.221790745851968230e-01
-4.226216103027913840e-01
-4.230643778358482154e-01
-4.235073771843674284e-01
1.252105287472111854e+02
1.253415021036413179e+02
1.254725439249728822e+02
1.256036542112058640e+02
1.257348329623402918e+02
1.258660801783761514e+02
1.259973958593134142e+02
1.261287800051521231e+02
1.262602326158922494e+02
1.263917536915337934e+02
1.265233432320767832e+02
1.266550012375211907e+02
1.267867277078670156e+02
1.269185226431142723e+02
1.270503860432629750e+02
1.271823179083130810e+02
1.273143182382646330e+02
2.346011003003968654e+02
2.348443362778985488e+02
2.350876982844041549e+02
2.353311863199136269e+02
2.355748003844269931e+02
2.358185404779442536e+02
2.360624066004653798e+02
2.363063987519904003e+02
2.365505169325193435e+02
2.367947611420521241e+02
2.370391313805888274e+02
2.372836276481294249e+02
2.375282499446738882e+02
2.377729982702222173e+02
2.380178726247744692e+02
2.382628730083305868e+02
2.385079994208905987e+02
3.299227524727439231e+02
3.302618303272893741e+02
3.306010823358433299e+02
3.309405084984057908e+02
3.312801088149767565e+02
3.316198832855562273e+02
3.319598319101442030e+02
3.322999546887406837e+02
3.326402516213456124e+02
3.329807227079590461e+02
3.333213679485810417e+02
3.336621873432114853e+02
3.340031808918504339e+02
3.343443485944978875e+02
3.346856904511537891e+02
3.350272064618182526e+02
3.353688966264911642e+02
3.780642203779894430e+02
3.784494106178040056e+02
3.788347969829952717e+02
3.792203794735631845e+02
3.796061580895078009e+02
3.799921328308291208e+02
3.803783036975270875e+02
3.807646706896018145e+02
3.811512338070531314e+02
3.815379930498812087e+02
3.819249484180859326e+02
3.823120999116674170e+02
3.826994475306254913e+02
3.830869912749603259e+02
3.834747311446718072e+02
3.838626671397600489e+02
3.842507992602248805e+02
3.857157633782898642e+02
3.861053752604901774e+02
3.864951838170378551e+02
3.868851890479329541e+02
3.872753909531754744e+02
3.876657895327653023e+02
3.880563847867026084e+02
3.884471767149873358e+02
3.888381653176194277e+02
3.892293505945989409e+02
3.896207325459258186e+02
3.900123111716001176e+02
3.904040864716218380e+02
3.907960584459909228e+02
3.911882270947074289e+02
3.915805924177712996e+02
3.919731544151825915e+02
3.123677710904029254e+02
3.126806081170332732e+02
3.129936017187520179e+02
3.133067518955591595e+02
3.136200586474547549e+02
3.139335219744386904e+02
3.142471418765110798e+02
3.145609183536718660e+02
3.148748514059209924e+02
3.151889410332585726e+02
3.155031872356845497e+02
3.158175900131989238e+02
3.161321493658017516e+02
3.164468652934929764e+02
3.167617377962725413e+02
3.170767668741405032e+02
3.173919525270969757e+02
2.272113116993768358e+02
2.274369435878568595e+02
2.276626874524601760e+02
2.278885432931868422e+02
2.281145111100368013e+02
2.283405909030100815e+02
2.285667826721066831e+02
2.287930864173265775e+02
2.290195021386697931e+02
2.292460298361363584e+02
2.294726695097261882e+02
2.296994211594393676e+02
2.299262847852758398e+02
2.301532603872356333e+02
2.303803479653187765e+02
2.306075475195251840e+02
2.308348590498549413e+02
2.310622825563079914e+02
2.312898180388843627e+02
2.315174654975840554e+02
2.317452249324070408e+02
2.319730963433533759e+02
2.322010797304230323e+02
2.324291750936159531e+02
2.326573824329322235e+02
2.328857017483718153e+02
2.331141330399346998e+02
2.333426763076209056e+02
2.335713315514304327e+02
2.338000987713632810e+02
2.340289779674194506e+02
2.342579691395988846e+02
2.344870722879016967e+02
1.088688921316345528e+02
1.089752613472003873e+02
1.090816825008597561e+02
1.091881555926126737e+02
1.092946806224591256e+02
1.094012575903991262e+02
1.095078864964326470e+02
1.096145673405597165e+02
1.097213001227803204e+02
1.098280848430944587e+02
1.099349215015021315e+02
1.100418100980033671e+02
1.101487506325981087e+02
1.102557431052863990e+02
1.103627875160682379e+02
1.104698838649436112e+02
1.105770321519125190e+02
1.106842323769749612e+02
1.107914845401309378e+02
1.108987886413804631e+02
1.110061446807235370e+02
1.111135526581601169e+02
1.112210125736902597e+02
1.113285244273139369e+02
1.114360882190311486e+02
1.115437039488418947e+02
1.116513716167461752e+02
1.117590912227440043e+02
1.118668627668353679e+02
1.119746862490202659e+02
1.120825616692987126e+02
1.121904890276706936e+02
1.122984683241361950e+02
-6.379387069006975608e+00
-6.385521095034866867e+00
-6.391658068696600914e+00
-6.397797989992179524e+00
-6.403940858921600920e+00
-6.410086675484865104e+00
-6.416235439681972963e+00
-6.422387151512923609e+00
-6.428541810977718818e+00
-6.434699418076355926e+00
-6.440859972808837597e+00
-6.447023475175161167e+00
-6.453189925175328412e+00
-6.459359322809340220e+00
-6.465531668077193928e+00
-6.471706960978891310e+00
-6.477885201514432367e+00
-6.484066389683815324e+00
-6.490250525487043731e+00
-6.496437608924114038e+00
-6.502627639995028019e+00
-6.508820618699784788e+00
-6.515016545038385232e+00
-6.521215419010829351e+00
-6.527417240617116256e+00
-6.533622009857245949e+00
-6.539829726731220205e+00
-6.546040391239037248e+00
-6.552254003380697078e+00
-6.558470563156200583e+00
-6.564690070565547764e+00
-6.570912525608737731e+00
-6.577137928285770485e+00
-5.813331562213289772e+01
-5.818834005717514657e+01
-5.824339052080539147e+01
-5.829846701302365375e+01
-5.835356953382991207e+01
-5.840869808322418066e+01
-5.846385266120644530e+01
-5.851903326777672021e+01
-5.857423990293500538e+01
-5.862947256668128659e+01
-5.868473125901557808e+01
-5.874001597993786561e+01
-5.879532672944816341e+01
-5.885066350754647857e+01
-5.890602631423278268e+01
-5.896141514950709706e+01
-5.901683001336941459e+01
-5.907227090581974238e+01
-5.912773782685806623e+01
-5.918323077648440034e+01
-5.923874975469873760e+01
-5.929429476150108513e+01
-5.934986579689142161e+01
-5.940546286086977545e+01
-5.946108595343613956e+01
-5.951673507459049972e+01
-5.957241022433287014e+01
-5.962811140266323662e+01
-5.968383860958161335e+01
-5.973959184508800035e+01
-5.979537110918238341e+01
-5.985117640186477672e+01
-5.990700772313517319e+01
-6.252685185912080357e+01
-6.258512478722808936e+01
-6.264342485689481776e+01
-6.270175206812098168e+01
-6.276010642090656688e+01
-6.281848791525160181e+01
-6.287689655115606513e+01
-6.293533232861996396e+01
-6.299379524764329830e+01
-6.305228530822606814e+01
-6.311080251036827349e+01
-6.316934685406991434e+01
-6.322791833933099070e+01
-6.328651696615149547e+01
-6.334514273453144995e+01
-6.340379564447082572e+01
-6.346247569596964411e+01
-6.352118288902789089e+01
-6.357991722364558029e+01
-6.363867869982269809e+01
-6.369746731755925850e+01
-6.375628307685525442e+01
-6.381512597771067163e+01
-6.387399602012553856e+01
-6.393289320409984100e+01
-6.399181752963357184e+01
-6.405076899672674529e+01
-6.410974760537934003e+01
-6.416875335559137739e+01
-6.422778624736285735e+01
-6.428684628069376572e+01
-6.434593345558410249e+01
-6.440504777203388187e+01
-2.375368337607372027e+01
-2.377548574723120112e+01
-2.379729811947636620e+01
-2.381912049280921906e+01
-2.384095286722975615e+01
-2.386279524273798458e+01
-2.388464761933390079e+01
-2.390650999701750123e+01
-2.392838237578878946e+01
-2.395026475564776547e+01
-2.397215713659442571e+01
-2.399405951862877373e+01
-2.401597190175080954e+01
-2.403789428596052957e+01
-2.405982667125794094e+01
-2.408176905764303655e+01
-2.410372144511581993e+01
-2.412568383367629110e+01
-2.414765622332444650e+01
-2.416963861406028968e+01
-2.419163100588382065e+01
-2.421363339879503940e+01
-2.423564579279394238e+01
-2.425766818788053314e+01
-2.427970058405481169e+01
-2.430174298131677801e+01
-2.432379537966643213e+01
-2.434585777910377047e+01
-2.436793017962879659e+01
-2.439001258124151050e+01
-2.441210498394190864e+01
-2.443420738772999457e+01
-2.445631979260577182e+01
2.443045985895988892e+01
2.445254888234050128e+01
2.447464788720479589e+01
2.449675687355276565e+01
2.451887584138441767e+01
2.454100479069974483e+01
2.456314372149875425e+01
2.458529263378143881e+01
2.460745152754780207e+01
2.462962040279784759e+01
2.465179925953156825e+01
2.467398809774896762e+01
2.469618691745004568e+01
2.471839571863480245e+01
2.474061450130323792e+01
2.476284326545535563e+01
2.478508201109114850e+01
2.480733073821061652e+01
2.482958944681376678e+01
2.485185813690059931e+01
2.487413680847110342e+01
2.489642546152528979e+01
2.491872409606315486e+01
2.494103271208469508e+01
2.496335130958991755e+01
2.498567988857881872e+01
2.500801844905139504e+01
2.503036699100765361e+01
2.505272551444759088e+01
2.507509401937120330e+01
2.509747250577849442e+01
2.511986097366946424e+01
2.514225942304411632e+01
6.332177038367917277e+01
6.337818176041296425e+01
6.343461825352108008e+01
6.349107986300351314e+01
6.354756658886028475e+01
6.360407843109137360e+01
6.366061538969678679e+01
6.371717746467653143e+01
6.377376465603059330e+01
6.383037696375897951e+01
6.388701438786169007e+01
6.394367692833873207e+01
6.400036458519009841e+01
6.405707735841579620e+01
6.411381524801579701e+01
6.417057825399014348e+01
6.422736637633880719e+01
6.428417961506178813e+01
6.434101797015911472e+01
6.439788144163074435e+01
6.445477002947670542e+01
6.451168373369699793e+01
6.456862255429160768e+01
6.462558649126054888e+01
6.468257554460380732e+01
6.473958971432139720e+01
6.479662900041330431e+01
6.485369340287955708e+01
6.491078292172011288e+01
6.496789755693500013e+01
6.502503730852421882e+01
6.508220217648775474e+01
6.513939216082562211e+01
7.655089609529805728e+01
7.661810495929742615e+01
7.668534331380317326e+01
7.675261115881528440e+01
7.681990849433375956e+01
7.688723532035858454e+01
7.695459163688978776e+01
7.702197744392734080e+01
7.708939274147125786e+01
7.715683752952153895e+01
7.722431180807818407e+01
7.729181557714119322e+01
7.735934883671055218e+01
7.742691158678628938e+01
7.749450382736837639e+01
7.756212555845682743e+01
7.762977678005164250e+01
7.769745749215283581e+01
7.776516769476036472e+01
7.783290738787427188e+01
7.790067657149454305e+01
7.796847524562116405e+01
7.803630341025414907e+01
7.810416106539349812e+01
7.817204821103921120e+01
7.823996484719128830e+01
7.830791097384972943e+01
7.837588659101452038e+01
7.844389169868568956e+01
7.851192629686322277e+01
7.857999038554710580e+01
7.864808396473735286e+01
7.871620703443396394e+01
7.627719650364146275e+01
7.634320878966798318e+01
7.640924962772132290e+01
7.647531901780151031e+01
7.654141695990850280e+01
7.660754345404234300e+01
7.667369850020300248e+01
7.673988209839048125e+01
7.680609424860479351e+01
7.687233495084593926e+01
7.693860420511390430e+01
7.700490201140870283e+01
7.707122836973033486e+01
7.713758328007878617e+01
7.720396674245407098e+01
7.727037875685617507e+01
7.733681932328512687e+01
7.740328844174088374e+01
7.746978611222348832e+01
7.753631233473291218e+01
7.760286710926915532e+01
7.766945043583223196e+01
7.773606231442214209e+01
7.780270274503887151e+01
7.786937172768244864e+01
7.793606926235283083e+01
7.800279534905006074e+01
7.806954998777410992e+01
7.813633317852497839e+01
7.820314492130268036e+01
7.826998521610721582e+01
7.833685406293857056e+01
7.840375146179677301e+01
5.742530613878546575e+01
5.747430384026907291e+01
5.752332243629489028e+01
5.757236192686291076e+01
5.762142231197315567e+01
5.767050359162559658e+01
5.771960576582025482e+01
5.776872883455712326e+01
5.781787279783620193e+01
5.786703765565749080e+01
5.791622340802099700e+01
5.796543005492670630e+01
5.801465759637461872e+01
5.806390603236475556e+01
5.811317536289709551e+01
5.816246558797164568e+01
5.821177670758841316e+01
5.826110872174738375e+01
5.831046163044857167e+01
5.835983543369196269e+01
5.840923013147756393e+01
5.845864572380538249e+01
5.850808221067540416e+01
5.855753959208764314e+01
5.860701786804209235e+01
5.865651703853875176e+01
5.870603710357761429e+01
5.875557806315869414e+01
5.880513991728198420e+01
5.885472266594747737e+01
5.890432630915518786e+01
5.895395084690510856e+01
5.900359627919724659e+01
2.884926227688459832e+01
2.887353595149703622e+01
2.889781983371023699e+01
2.892211392352420418e+01
2.894641822093892713e+01
2.897073272595442006e+01
2.899505743857066875e+01
2.901939235878768031e+01
2.904373748660545473e+01
2.906809282202399203e+01
2.909245836504329219e+01
2.911683411566335522e+01
2.914122007388417401e+01
2.916561623970576278e+01
2.919002261312811086e+01
2.921443919415122181e+01
2.923886598277509208e+01
2.926330297899972877e+01
2.928775018282512121e+01
2.931220759425128364e+01
2.933667521327820182e+01
2.936115303990588643e+01
2.938564107413433391e+01
2.941013931596354070e+01
2.943464776539351035e+01
2.945916642242423933e+01
2.948369528705573472e+01
2.950823435928798943e+01
2.953278363912100701e+01
2.955734312655479101e+01
2.958191282158933078e+01
2.960649272422463696e+01
2.963108283446070246e+01
1.686733709765097089e+01
1.688133488777350166e+01
1.689533848369865510e+01
1.690934788542643119e+01
1.692336309295683350e+01
1.693738410628985491e+01
1.695141092542549899e+01
1.696544355036376217e+01
1.697948198110465157e+01
1.699352621764816362e+01
1.700757625999429479e+01
1.702163210814305216e+01
1.703569376209442865e+01
1.704976122184842779e+01
1.706383448740505315e+01
1.707791355876429762e+01
1.709199843592616475e+01
1.710608911889065453e+01
1.712018560765776698e+01
1.713428790222750209e+01
1.714839600259985986e+01
1.716250990877483673e+01
1.717662962075243982e+01
1.719075513853266202e+01
1.720488646211551043e+01
1.721902359150097794e+01
1.723316652668907167e+01
1.724731526767978451e+01
1.726146981447312001e+01
1.727563016706907817e+01
1.728979632546765899e+01
1.730396828966886247e+01
1.731814605967268506e+01
1.001285872337568961e+01
1.002105590612098318e+01
1.002925644286903584e+01
1.003746033361984935e+01
1.004566757837342195e+01
1.005387817712975540e+01
1.006209212988884794e+01
1.007030943665069955e+01
1.007853009741531380e+01
1.008675411218268536e+01
1.009498148095281955e+01
1.010321220372571283e+01
1.011144628050136518e+01
1.011968371127977662e+01
1.012792449606094891e+01
1.013616863484488206e+01
1.014441612763157430e+01
1.015266697442102561e+01
1.016092117521323956e+01
1.016917873000821082e+01
1.017743963880594293e+01
1.018570390160643591e+01
1.019397151840968618e+01
1.020224248921569909e+01
1.021051681402447109e+01
1.021879449283600216e+01
1.022707552565029410e+01
1.023535991246734511e+01
1.024364765328715876e+01
1.025193874810972794e+01
1.026023319693506153e+01
1.026853099976315242e+01
1.027683215659400240e+01
1.622297797730271185e+01
1.623608215983688297e+01
1.624919163271523104e+01
1.626230639593776317e+01
1.627542644950447226e+01
1.628855179341536186e+01
1.630168242767043196e+01
1.631481835226968258e+01
1.632795956721311725e+01
1.634110607250072533e+01
1.635425786813251747e+01
1.636741495410849012e+01
1.638057733042863973e+01
1.639374499709297339e+01
1.640691795410148401e+01
1.642009620145417514e+01
1.643327973915104678e+01
1.644646856719210248e+01
1.645966268557733514e+01
1.647286209430674830e+01
1.648606679338033842e+01
1.649927678279810905e+01
1.651249206256006374e+01
1.652571263266619539e+01
1.653893849311651110e+01
1.655216964391100376e+01
1.656540608504967693e+01
1.657864781653253061e+01
1.659189483835956480e+01
1.660514715053077950e+01
1.661840475304617115e+01
1.663166764590574331e+01
1.664493582910949954e+01
