1.413434301171147408e-04
2.826868602342294816e-04
4.711447670570491721e-04
7.067171505855737853e-04
9.894040108198033211e-04
1.319205347759737617e-03
1.696121161405376998e-03
2.120151451756721248e-03
2.591296218813770365e-03
3.109555462576524352e-03
3.674929183044983640e-03
4.287417380219146930e-03
4.947020054099015955e-03
5.653737204684590283e-03
-9.921663365670754797e-03
-1.116187128637959915e-02
-1.247503261418896232e-02
-1.386114734909884780e-02
-1.532021549110925210e-02
-1.685223704022017696e-02
-1.845721199643162239e-02
-2.013514035974358837e-02
-2.188602213015607492e-02
-2.370985730766908203e-02
-2.560664589228260624e-02
-2.757638788399665447e-02
-2.961908328281122327e-02
-3.173473208872630569e-02
-1.488330184064187364e-02
-1.587552196335132934e-02
-1.689974918679335025e-02
-1.795598351096793638e-02
-1.904422493587508425e-02
-2.174417566060981785e-02
-2.298669998407323889e-02
-2.426373887207730271e-02
-2.557529232462202318e-02
-2.692136034170739337e-02
-2.588933655296691422e-02
-2.718380338061526097e-02
-2.850984256991356477e-02
-2.986745412086182910e-02
-3.125663803346005742e-02
-3.230892939145844911e-02
-3.374488180885660410e-02
-3.521205058315471370e-02
-3.671043571435278485e-02
-3.824003720245081756e-02
-3.760630183221015665e-02
-3.911055390549856431e-02
-4.064430111747890234e-02
-4.220754346815116381e-02
-4.380028095751536260e-02
-3.900555125065075651e-02
-4.042393493249260561e-02
-4.186764689436733855e-02
-4.333668713627496227e-02
-4.483105565821547678e-02
-4.328079498661779184e-02
-4.472348815283838652e-02
-4.618983202670193938e-02
-4.767982660820845736e-02
-4.919347189735793352e-02
-4.783045538638371064e-02
-4.930216170596474212e-02
-5.079616660614549861e-02
-5.231247008692595929e-02
-5.385107214830613803e-02
-4.798778114610013912e-02
-4.935886060741728060e-02
-5.074925104706283496e-02
-5.215895246503680915e-02
-5.358796486133918235e-02
-5.053254229116779794e-02
-5.188007675226560811e-02
-5.324534192995681453e-02
-5.462833782424140333e-02
-5.602906443511938839e-02
-4.892096014276157978e-02
-5.014398414633061685e-02
-5.138210721167211364e-02
-5.263532933878607017e-02
-5.390365052767247950e-02
-4.638205741763070517e-02
-4.747339994510437616e-02
-4.857743250196726315e-02
-4.969415508821938693e-02
-5.082356770386074057e-02
-3.876704436379141416e-02
-3.962853423854233864e-02
-4.049949103499381198e-02
-4.137991475314585499e-02
-4.226980539299845380e-02
-3.425904550534416421e-02
-3.498028856861456343e-02
-3.570904458046070262e-02
-3.644531354088257485e-02
-3.718909544988017318e-02
-3.582002164119066356e-02
-3.653642207401448100e-02
-3.725991558043061092e-02
-3.799050216043905331e-02
-3.872818181403981513e-02
-3.947295454123288944e-02
-4.022482034201827622e-02
-4.098377921639597549e-02
-4.174983116436599417e-02
-3.402149228299577999e-02
-3.464573984782139127e-02
-3.527566239050905494e-02
-3.591125991105876408e-02
-3.655253240947053256e-02
-3.719947988574434650e-02
-3.785210233988021283e-02
-3.851039977187812463e-02
-3.917437218173809577e-02
-2.166070400854938974e-02
-2.202783458496547844e-02
-2.239805029227582775e-02
-2.277135113048042378e-02
-2.314773709957927347e-02
-2.352720819957237683e-02
-2.390976443045973038e-02
-2.429540579224133759e-02
-2.468413228491719846e-02
-1.782821878996049617e-02
-1.810897814098349698e-02
-1.839193092443636157e-02
-1.867707714031909688e-02
-1.896441678863169944e-02
-1.925394986937416925e-02
-1.954567638254650283e-02
-1.983959632814870713e-02
-2.013570970618077868e-02
-1.203631779816873547e-02
-1.221332247167121639e-02
-1.239161915008977349e-02
-1.257120783342440852e-02
-1.275208852167511973e-02
-1.293426121484190713e-02
-1.311772591292477072e-02
-1.330248261592371049e-02
-1.348853132383872819e-02
-6.069983482134531233e-03
-6.153707392232939284e-03
-6.238004753770376096e-03
-6.322875566746844270e-03
-6.408319831162342071e-03
-6.494337547016869501e-03
-6.580928714310428293e-03
-6.668093333043016713e-03
-6.755831403214635628e-03
1.589586165065260759e-03
1.610230141234939580e-03
1.631007304347648502e-03
1.651917654403387741e-03
1.672961191402156864e-03
1.694137915343956304e-03
1.715447826228786062e-03
1.736890924056645920e-03
1.758467208827535662e-03
-4.029372629028562559e-03
-4.078812783985968395e-03
-4.128554403302869824e-03
-4.178597486979268583e-03
-4.228942035015162935e-03
-4.279588047410554617e-03
-4.330535524165441894e-03
-4.381784465279826499e-03
-4.433334870753706698e-03
-2.247501424718102540e-03
-2.273635162214824885e-03
-2.299919961778001953e-03
-2.326355823407634180e-03
-2.352942747103721130e-03
-2.379680732866263672e-03
-2.406569780695260938e-03
-2.433609890590713361e-03
-2.460801062552620943e-03
4.271995687549309806e-03
4.319200059787423746e-03
4.366663796708164513e-03
4.414386898311532109e-03
4.462369364597527401e-03
4.510611195566149520e-03
4.559112391217398468e-03
4.607872951551274243e-03
4.656892876567777714e-03
4.787756385608302884e-03
4.838153821246284937e-03
4.888815117803837346e-03
4.939740275280960977e-03
4.990929293677654963e-03
5.042382172993919304e-03
5.094098913229754867e-03
5.146079514385159918e-03
5.198323976460136192e-03
3.201181531356190376e-03
3.233354210063287860e-03
3.265687752163920748e-03
3.298182157658089038e-03
3.330837426545792731e-03
3.363653558827032260e-03
3.396630554501807193e-03
3.429768413570117528e-03
3.463067136031962832e-03
3.956676083435310860e-03
3.994721045776035429e-03
4.032948041429395246e-03
4.071357070395388578e-03
4.109948132674018026e-03
4.148721228265281856e-03
4.187676357169181802e-03
4.226813519385716131e-03
4.266132714914885708e-03
5.176351777784323101e-03
5.224060089100307849e-03
5.271987245881045239e-03
5.320133248126534403e-03
5.368498095836774474e-03
5.417081789011768921e-03
5.465884327651513407e-03
5.514905711756012269e-03
5.564145941325262038e-03
2.823783158471866381e-02
2.848772389962767396e-02
2.873871706173893384e-02
2.899081107105243305e-02
2.924400592756817505e-02
2.949830163128615984e-02
2.975369818220638396e-02
3.001019558032885434e-02
3.026779382565356405e-02
3.221691988088768582e-02
3.249110643306545032e-02
3.276645479266770272e-02
3.304296495969443609e-02
3.332063693414565042e-02
3.359947071602133878e-02
3.387946630532152198e-02
3.416062370204617921e-02
3.444294290619532434e-02
4.111066917539896171e-02
4.144764187355796936e-02
4.178598997048497271e-02
4.212571346617997176e-02
4.246681236064296650e-02
4.280928665387395693e-02
4.315313634587295000e-02
4.349836143663993182e-02
4.384496192617490934e-02
8.809463698526713571e-02
8.879103727764078857e-02
8.949017930344899119e-02
9.019206306269172968e-02
9.089668855536900405e-02
9.160405578148082817e-02
9.231416474102718817e-02
9.302701543400809792e-02
9.374260786042354354e-02
9.404218003625840205e-02
9.476005927317640576e-02
9.548066808894199731e-02
9.620400648355520445e-02
9.693007445701599945e-02
9.765887200932438228e-02
9.839039914048038071e-02
9.912465585048396699e-02
9.986164213933514111e-02
1.076279864607522507e-01
1.084222889438574283e-01
1.092195116566798962e-01
1.100196545992196823e-01
1.108227177714767725e-01
1.116287011734511392e-01
1.124376048051428101e-01
1.132494286665517852e-01
1.140641727576780506e-01
1.241187965642415042e-01
1.250053593968432353e-01
1.258950772573189658e-01
1.267879501456687652e-01
1.276839780618925779e-01
1.285831610059904040e-01
1.294854989779622711e-01
1.303909919778081516e-01
1.312996400055280732e-01
1.033038681969592754e-01
1.040187738592219663e-01
1.047361447134235041e-01
1.054559807595638610e-01
1.061782819976430647e-01
1.069030484276611154e-01
1.076302800496179851e-01
1.083599768635137017e-01
1.090921388693482513e-01
1.345734483897855806e-02
1.354766258957573050e-02
1.363828240622841012e-02
1.372920428893659867e-02
1.382042823770029787e-02
1.391195425251950425e-02
1.400378233339422129e-02
1.409591248032444726e-02
1.418834469331018040e-02
-4.597175037959830984e-02
-4.627124061008429379e-02
-4.657170321144847580e-02
-4.687313818369086282e-02
-4.717554552681144792e-02
-4.747892524081023802e-02
-4.778327732568722619e-02
-4.808860178144241937e-02
-4.839489860807580368e-02
-1.333331022790862075e-01
-1.341769826732576443e-01
-1.350235251506914369e-01
-1.358727297113876131e-01
-1.367245963553461729e-01
-1.375791250825670609e-01
-1.384363158930503601e-01
-1.392961687867960152e-01
-1.401586837638040262e-01
-8.365767360785797413e-02
-8.417249006082941354e-02
-8.468888570537438931e-02
-8.520686054149288757e-02
-8.572641456918490832e-02
-8.624754778845046543e-02
-8.677026019928955891e-02
-8.729455180170218875e-02
-8.782042259568835496e-02
1.731534015946163338e-02
1.741902483107517566e-02
1.752301900917114727e-02
1.762732269374954475e-02
1.773193588481037156e-02
1.783685858235363117e-02
1.794209078637931665e-02
1.804763249688742799e-02
1.815348371387797213e-02
1.703479980000930649e-01
1.713412807872655985e-01
1.723374510244008728e-01
1.733365087114988601e-01
1.743384538485595325e-01
1.753432864355829457e-01
1.763510064725690440e-01
1.773616139595178554e-01
1.783751088964294074e-01
3.324789908236056024e-01
3.343680759987397444e-01
3.362625126899507211e-01
3.381623008972385880e-01
3.400674406206033451e-01
3.419779318600449369e-01
3.438937746155633635e-01
3.458149688871586802e-01
3.477415146748308872e-01
3.167510868268156310e-01
3.185059404934461602e-01
3.202656418221392909e-01
3.220301908128948565e-01
3.237995874657129680e-01
3.255738317805935700e-01
3.273529237575367179e-01
3.291368633965424118e-01
3.309256506976105405e-01
3.788359047791624024e-01
3.808836664266173067e-01
3.829369476472460065e-01
3.849957484410483910e-01
3.870600688080245155e-01
3.891299087481743801e-01
3.912052682614979848e-01
3.932861473479952741e-01
3.953725460076663589e-01
2.139184588853000335e-01
2.150473161881248374e-01
2.161791441680623316e-01
2.173139428251125160e-01
2.184517121592754185e-01
2.195924521705510113e-01
2.207361628589392943e-01
2.218828442244402677e-01
2.230324962670539590e-01
-1.506169473518424728e-01
-1.513933233691200364e-01
-1.521716952116347887e-01
-1.529520628793867576e-01
-1.537344263723759430e-01
-1.545187856906023449e-01
-1.553051408340659911e-01
-1.560934918027668261e-01
-1.568838385967048776e-01
-5.283222141523353788e-01
-5.309837870196015830e-01
-5.336520472558808903e-01
-5.363269948611735227e-01
-5.390086298354794803e-01
-5.416969521787985409e-01
-5.443919618911308156e-01
-5.470936589724764154e-01
-5.498020434228352293e-01
-6.924547436371416564e-01
-6.958658507486547018e-01
-6.992853389587218027e-01
-7.027132082673430702e-01
-7.061494586745182822e-01
-7.095940901802476608e-01
-7.130471027845310950e-01
-7.165084964873685847e-01
-7.199782712887602409e-01
-6.779581506648477696e-01
-6.812254188608229954e-01
-6.845005410668847379e-01
-6.877835172830327748e-01
-6.910743475092673282e-01
-6.943730317455885093e-01
-6.976795699919959848e-01
-7.009939622484900879e-01
-7.043162085150705964e-01
-4.195768515995018655e-01
-4.215559876919522941e-01
-4.235397805752085243e-01
-4.255282302492705560e-01
-4.275213367141383891e-01
-4.295190999698118572e-01
-4.315215200162911824e-01
-4.335285968535762535e-01
-4.355403304816671262e-01
-3.581937845919925256e-01
-3.598482593476137192e-01
-3.615065462570497545e-01
-3.631686453203005205e-01
-3.648345565373661281e-01
-3.665042799082465219e-01
-3.681778154329417019e-01
-3.698551631114516680e-01
-3.715363229437764758e-01
-1.711651987799921448e-01
-1.719397019418925920e-01
-1.727159534179282252e-01
-1.734939532080990721e-01
-1.742737013124051049e-01
-1.750551977308464069e-01
-1.758384424634228949e-01
-1.766234355101345965e-01
-1.774101768709815397e-01
2.900606401058734019e-01
2.913469400619970173e-01
2.926360858144837485e-01
2.939280773633335397e-01
2.952229147085464467e-01
2.965205978501225248e-01
2.978211267880616075e-01
2.991245015223638615e-01
3.004307220530292311e-01
5.995501944893942836e-01
6.021569344654350564e-01
6.047693289750465384e-01
6.073873780182285076e-01
6.100110815949810750e-01
6.126404397053043516e-01
6.152754523491981153e-01
6.179161195266624773e-01
6.205624412376974375e-01
8.658039316411469954e-01
8.694960592814077183e-01
8.731960425123924674e-01
8.769038813341011318e-01
8.806195757465338225e-01
8.843431257496904285e-01
8.880745313435709498e-01
8.918137925281754974e-01
8.955609093035038493e-01
1.245725492993243977e+00
1.250937733549701170e+00
1.256160855610451321e+00
1.261394859175494876e+00
1.266639744244831611e+00
1.271895510818461750e+00
1.277162158896384847e+00
1.282439688478601569e+00
1.287728099565111028e+00
1.392462516604305867e+00
1.398181048500011459e+00
1.403911298698782062e+00
1.409653267200617455e+00
1.415406954005518081e+00
1.421172359113483497e+00
1.426949482524513924e+00
1.432738324238609140e+00
1.438538884255769590e+00
1.681975615999683704e+00
1.688757775741617895e+00
1.695553581680215860e+00
1.702363033815477822e+00
1.709186132147403558e+00
1.716022876675993070e+00
1.722873267401246578e+00
1.729737304323163860e+00
1.736614987441745139e+00
1.606989045813967953e+00
1.613353358866696619e+00
1.619730249613205109e+00
1.626119718053493868e+00
1.632521764187562896e+00
1.638936388015411749e+00
1.645363589537040871e+00
1.651803368752450041e+00
1.658255725661639257e+00
1.435316800832191264e+00
1.440901691107802973e+00
1.446497425830551631e+00
1.452104005000437459e+00
1.457721428617460457e+00
1.463349696681620626e+00
1.468988809192917744e+00
1.474638766151352032e+00
1.480299567556923490e+00
1.735083332934874267e+00
1.741718450842846933e+00
1.748366231189575348e+00
1.755026673975059515e+00
1.761699779199299432e+00
1.768385546862294877e+00
1.775083976964045851e+00
1.781795069504552798e+00
1.788518824483815273e+00
1.336517609771941340e+00
1.341542112064317172e+00
1.346576041190262085e+00
1.351619397149776081e+00
1.356672179942859380e+00
1.361734389569511761e+00
1.366806026029733445e+00
1.371887089323524211e+00
1.376977579450884281e+00
1.609394740805899282e+00
1.615344444099082066e+00
1.621305124704613521e+00
1.627276782622494311e+00
1.633259417852723994e+00
1.639253030395303012e+00
1.645257620250230701e+00
1.651273187417507726e+00
1.657299731897133421e+00
1.244099697443181496e+00
1.248623696342974876e+00
1.253155905767087352e+00
1.257696325715518704e+00
1.262244956188269374e+00
1.266801797185338918e+00
1.271366848706727559e+00
1.275940110752435075e+00
1.280521583322461687e+00
1.102565345102679339e+00
1.106510122723798117e+00
1.110461944590668715e+00
1.114420810703291576e+00
1.118386721061666256e+00
1.122359675665792977e+00
1.126339674515671740e+00
1.130326717611302323e+00
1.134320804952684947e+00
5.305121627839634035e-01
5.323801633571464409e-01
5.342514468838850394e-01
5.361260133641794212e-01
5.380038627980293642e-01
5.398849951854350904e-01
5.417694105263964888e-01
5.436571088209135594e-01
5.455480900689863022e-01
-1.258035075418129645e-01
-1.262395682265332886e-01
-1.266763833415039953e-01
-1.271139528867250568e-01
-1.275522768621965564e-01
-1.279913552679183830e-01
-1.284311881038906200e-01
-1.288717753701132396e-01
-1.293131170665862140e-01
-1.571960733726524673e+00
-1.577325787425249981e+00
-1.582699980908811366e+00
-1.588083314177208605e+00
-1.593475787230441920e+00
-1.598877400068511312e+00
-1.604288152691416558e+00
-1.609708045099157880e+00
-1.615137077291735057e+00
-2.942579077472982529e+00
-2.952470099582135798e+00
-2.962377717365968444e+00
-2.972301930824480909e+00
-2.982242739957672750e+00
-2.992200144765544856e+00
-3.002174145248096782e+00
-3.012164741405328527e+00
-3.022171933237239649e+00
-4.779723953741837228e+00
-4.795550854250916650e+00
-4.811403914926125402e+00
-4.827283135767466149e+00
-4.843188516774937113e+00
-4.859120057948539184e+00
-4.875077759288271473e+00
-4.891061620794134868e+00
-4.907071642466128480e+00
-7.232188780088545599e+00
-7.255784828310694046e+00
-7.279419306578806648e+00
-7.303092214892884293e+00
-7.326803553252926982e+00
-7.350553321658932049e+00
-7.374341520110903936e+00
-7.398168148608838202e+00
-7.422033207152737511e+00
-1.074863716754475362e+01
-1.078319870184554041e+01
-1.081781571212433946e+01
-1.085248819838114898e+01
-1.088721616061596720e+01
-1.092199959882879767e+01
-1.095683851301964040e+01
-1.099173290318849183e+01
-1.102668276933535552e+01
-1.437680177356495115e+01
-1.442237008346531546e+01
-1.446801049512185067e+01
-1.451372300853455677e+01
-1.455950762370343732e+01
-1.460536434062848699e+01
-1.465129315930970755e+01
-1.469729407974710078e+01
-1.474336710194066669e+01
-1.907476123689872693e+01
-1.913436986576403598e+01
-1.919407148781009909e+01
-1.925386610303692336e+01
-1.931375371144450170e+01
-1.937373431303284121e+01
-1.943380790780193124e+01
-1.949397449575178598e+01
-1.955423407688239479e+01
-2.397400420681555389e+01
-2.404788403487970072e+01
-2.412187752421779408e+01
-2.419598467482982684e+01
-2.427020548671580968e+01
-2.434453995987573549e+01
-2.441898809430960782e+01
-2.449354989001742311e+01
-2.456822534699918137e+01
-2.822142963011536310e+01
-2.830720905148349686e+01
-2.839311863889316001e+01
-2.847915839234434898e+01
-2.856532831183707088e+01
-2.865162839737132217e+01
-2.873805864894710282e+01
-2.882461906656441286e+01
-2.891130965022325228e+01
-3.389087318718046049e+01
-3.399249499583767431e+01
-3.409426893295095340e+01
-3.419619499852031907e+01
-3.429827319254575002e+01
-3.440050351502726045e+01
-3.450288596596484325e+01
-3.460542054535849132e+01
-3.470810725320822598e+01
-3.776186596617083069e+01
-3.787358746311216606e+01
-3.798547398442121192e+01
-3.809752553009797538e+01
-3.820974210014244221e+01
-3.832212369455462664e+01
-3.843467031333452155e+01
-3.854738195648212695e+01
-3.866025862399744994e+01
-4.251574209866485887e+01
-4.263987565223760612e+01
-4.276419015851234917e+01
-4.288868561748909514e+01
-4.301336202916784401e+01
-4.313821939354858870e+01
-4.326325771063134340e+01
-4.338847698041609391e+01
-4.351387720290284733e+01
-4.449813503412517690e+01
-4.462637173451170725e+01
-4.475479294813619902e+01
-4.488339867499865932e+01
-4.501218891509908815e+01
-4.514116366843747841e+01
-4.527032293501383720e+01
-4.539966671482815741e+01
-4.552919500788045326e+01
-4.580669216962778023e+01
-4.593700992828959784e+01
-4.606751279740405636e+01
-4.619820077697116290e+01
-4.632907386699091035e+01
-4.646013206746330582e+01
-4.659137537838833509e+01
-4.672280379976602660e+01
-4.685441733159635191e+01
-4.588368170879631691e+01
-4.601256845516933680e+01
-4.614163596836756653e+01
-4.627088424839100611e+01
-4.640031329523964843e+01
-4.652992310891350769e+01
-4.665971368941256969e+01
-4.678968503673683443e+01
-4.691983715088631612e+01
-4.572962716097460145e+01
-4.585647772175400405e+01
-4.598350397583088522e+01
-4.611070592320524497e+01
-4.623808356387708329e+01
-4.636563689784639308e+01
-4.649336592511319566e+01
-4.662127064567746970e+01
-4.674935105953921521e+01
-4.362247909699683390e+01
-4.374199273835846213e+01
-4.386166987307353793e+01
-4.398151050114203997e+01
-4.410151462256398247e+01
-4.422168223733936543e+01
-4.434201334546818174e+01
-4.446250794695043140e+01
-4.458316604178611442e+01
-4.202491920927473501e+01
-4.213865376735125778e+01
-4.225254202077653076e+01
-4.236658396955056105e+01
-4.248077961367333444e+01
-4.259512895314486514e+01
-4.270963198796514604e+01
-4.282428871813417715e+01
-4.293909914365196556e+01
-3.987997144481474265e+01
-3.998660238450676019e+01
-4.009337568860424028e+01
-4.020029135710718293e+01
-4.030734939001559525e+01
-4.041454978732946302e+01
-4.052189254904880045e+01
-4.062937767517359333e+01
-4.073700516570385588e+01
-3.791206006533762007e+01
-3.801222402852213378e+01
-3.811252013413828621e+01
-3.821294838218607737e+01
-3.831350877266551436e+01
-3.841420130557659718e+01
-3.851502598091931873e+01
-3.861598279869367900e+01
-3.871707175889968511e+01
-3.614275067897661131e+01
-3.623711817422198322e+01
-3.633160870401134446e+01
-3.642622226834470922e+01
-3.652095886722207041e+01
-3.661581850064342092e+01
-3.671080116860878206e+01
-3.680590687111812542e+01
-3.690113560817147231e+01
-3.396135366575079217e+01
-3.404899586875918516e+01
-3.413675101275082824e+01
-3.422461909772573563e+01
-3.431260012368390022e+01
-3.440069409062532202e+01
-3.448890099855000102e+01
-3.457722084745794433e+01
-3.466565363734913774e+01
-3.226585159441417261e+01
-3.234816244031829058e+01
-3.243057814080317769e+01
-3.251309869586883394e+01
-3.259572410551525934e+01
-3.267845436974245388e+01
-3.276128948855041756e+01
-3.284422946193915749e+01
-3.292727428990866656e+01
-3.104270848421746720e+01
-3.112100030889392954e+01
-3.119939073788358641e+01
-3.127787977118643781e+01
-3.135646740880248728e+01
-3.143515365073172418e+01
-3.151393849697416272e+01
-3.159282194752979223e+01
-3.167180400239861271e+01
-3.063887030494501218e+01
-3.071527646530647360e+01
-3.079177777655256421e+01
-3.086837423868329466e+01
-3.094506585169865431e+01
-3.102185261559865026e+01
-3.109873453038328250e+01
-3.117571159605254749e+01
-3.125278381260644878e+01
-2.990398341501360235e+01
-2.997772936671524135e+01
-3.005156613855444192e+01
-3.012549373053120405e+01
-3.019951214264553130e+01
-3.027362137489742011e+01
-3.034782142728687404e+01
-3.042211229981389309e+01
-3.049649399247847370e+01
-2.956060034724729491e+01
-2.963269937248448471e+01
-2.970488621626642001e+01
-2.977716087859310079e+01
-2.984952335946453061e+01
-2.992197365888070948e+01
-2.999451177684163028e+01
-3.006713771334730012e+01
-3.013985146839771900e+01
-2.997969704397366897e+01
-3.005202441923054479e+01
-3.012443893590338817e+01
-3.019694059399220265e+01
-3.026952939349699534e+01
-3.034220533441775203e+01
-3.041496841675448692e+01
-3.048781864050719292e+01
-3.056075600567587003e+01
-2.919649628255683282e+01
-2.926617765793286452e+01
-2.933594208619969024e+01
-2.940578956735730642e+01
-2.947572010140572019e+01
-2.954573368834492797e+01
-2.961583032817492267e+01
-2.968601002089571850e+01
-2.975627276650730835e+01
-2.929830043351814695e+01
-2.936748178046860147e+01
-2.943674470919611963e+01
-2.950608921970070853e+01
-2.957551531198235750e+01
-2.964502298604107011e+01
-2.971461224187684635e+01
-2.978428307948968978e+01
-2.985403549887959329e+01
-2.920245162836004837e+01
-2.927068165552911339e+01
-2.933899129766570368e+01
-2.940738055476981927e+01
-2.947584942684146014e+01
-2.954439791388062631e+01
-2.961302601588732131e+01
-2.968173373286153449e+01
-2.975052106480327652e+01
-3.070438972717185422e+01
-3.077538253578959271e+01
-3.084645732224638337e+01
-3.091761408654222265e+01
-3.098885282867711410e+01
-3.106017354865105418e+01
-3.113157624646404642e+01
-3.120306092211608728e+01
-3.127462757560717677e+01
-3.025514038578126375e+01
-3.032437411664117377e+01
-3.039368697176492518e+01
-3.046307895115251796e+01
-3.053255005480394857e+01
-3.060210028271922056e+01
-3.067172963489833037e+01
-3.074143811134128157e+01
-3.081122571204807059e+01
-3.090212474843242774e+01
-3.097211823597134384e+01
-3.104219090166358797e+01
-3.111234274550915657e+01
-3.118257376750804610e+01
-3.125288396766026722e+01
-3.132327334596580570e+01
-3.139374190242467222e+01
-3.146428963703686321e+01
-3.171032801621017327e+01
-3.178142740638104513e+01
-3.185260641512994084e+01
-3.192386504245685330e+01
-3.199520328836178251e+01
-3.206662115284473913e+01
-3.213811863590570539e+01
-3.220969573754469195e+01
-3.228135245776169882e+01
-3.351211240341540076e+01
-3.358650111019323958e+01
-3.366097228782115991e+01
-3.373552593629916885e+01
-3.381016205562726640e+01
-3.388488064580544545e+01
-3.395968170683371312e+01
-3.403456523871206940e+01
-3.410953124144051429e+01
-3.269453077198616597e+01
-3.276638688357294882e+01
-3.283832187124270519e+01
-3.291033573499543508e+01
-3.298242847483113138e+01
-3.305460009074979411e+01
-3.312685058275143035e+01
-3.319917995083604012e+01
-3.327158819500362341e+01
-3.340788521286133772e+01
-3.348059007730717695e+01
-3.355337396877958156e+01
-3.362623688727855864e+01
-3.369917883280410820e+01
-3.377219980535623023e+01
-3.384529980493492474e+01
-3.391847883154018461e+01
-3.399173688517202407e+01
-3.112294004338893672e+01
-3.119001534520658581e+01
-3.125716284864082795e+01
-3.132438255369167024e+01
-3.139167446035910913e+01
-3.145903856864314108e+01
-3.152647487854376962e+01
-3.159398339006099476e+01
-3.166156410319481296e+01
-2.909942435072255407e+01
-2.916153624901652108e+01
-2.922371436468606376e+01
-2.928595869773118565e+01
-2.934826924815189386e+01
-2.941064601594817773e+01
-2.947308900112004437e+01
-2.953559820366748667e+01
-2.959817362359051174e+01
-2.515316352105103803e+01
-2.520634145661351155e+01
-2.525957554627901303e+01
-2.531286579004753179e+01
-2.536621218791907495e+01
-2.541961473989364251e+01
-2.547307344597123091e+01
-2.552658830615184016e+01
-2.558015932043547735e+01
-1.779869129055644450e+01
-1.783596603671468017e+01
-1.787327977319316119e+01
-1.791063249999189111e+01
-1.794802421711087348e+01
-1.798545492455010475e+01
-1.802292462230958137e+01
-1.806043331038931044e+01
-1.809798098878929196e+01
-9.615101247198257539e+00
-9.635049590034768130e+00
-9.655018604729141529e+00
-9.675008291281375961e+00
-9.695018649691471424e+00
-9.715049679959429696e+00
-9.735101382085249000e+00
-9.755173756068929336e+00
-9.775266801910472481e+00
1.229679858996904240e+00
1.232207464051368495e+00
1.234737664182890882e+00
1.237270459391471178e+00
1.239805849677109384e+00
1.242343835039805500e+00
1.244884415479559747e+00
1.247427590996371904e+00
1.249973361590241971e+00
1.076881446099740813e+01
1.079074687334159854e+01
1.081270159739722914e+01
1.083467863316429636e+01
1.085667798064280198e+01
1.087869963983274602e+01
1.090074361073413023e+01
1.092280989334695285e+01
1.094489848767121387e+01
2.364367711447267695e+01
2.369139391995092581e+01
2.373915882704760349e+01
2.378697183576270291e+01
2.383483294609623115e+01
2.388274215804818112e+01
2.393069947161855993e+01
2.397870488680736401e+01
2.402675840361458981e+01
3.438023010148754111e+01
3.444899056169051477e+01
3.451781971366192892e+01
3.458671755740176934e+01
3.465568409291005025e+01
3.472471932018676455e+01
3.479382323923191223e+01
3.486299585004549328e+01
3.493223715262750773e+01
4.784194090031530777e+01
4.793677130844278622e+01
4.803169560806347249e+01
4.812671379917734527e+01
4.822182588178441875e+01
4.831703185588467875e+01
4.841233172147813946e+01
4.850772547856480088e+01
4.860321312714464881e+01
6.419043395444329292e+01
6.431654482665241801e+01
6.444277945830432941e+01
6.456913784939904133e+01
6.469561999993655377e+01
6.482222590991686673e+01
6.494895557933996599e+01
6.507580900820586578e+01
6.520278619651456609e+01
7.979668868058074338e+01
7.995208632163348739e+01
8.010763512770670047e+01
8.026333509880039685e+01
8.041918623491456231e+01
8.057518853604922526e+01
8.073134200220435730e+01
8.088764663337995842e+01
8.104410242957605703e+01
9.045915231043981919e+01
9.063378387860667829e+01
9.080858384751432766e+01
9.098355221716271046e+01
9.115868898755185512e+01
9.133399415868176163e+01
9.150946773055243000e+01
9.168510970316386022e+01
9.186092007651603808e+01
1.048784310949090752e+02
1.050791553649471837e+02
1.052800715319929594e+02
1.054811795960464309e+02
1.056824795571075981e+02
1.058839714151764326e+02
1.060856551702529629e+02
1.062875308223371746e+02
1.064895983714290679e+02
1.121832862636291424e+02
1.123961577745658218e+02
1.126092310594465147e+02
1.128225061182712210e+02
1.130359829510399408e+02
1.132496615577526882e+02
1.134635419384094490e+02
1.136776240930102091e+02
1.138919080215550110e+02
1.185447738858108977e+02
1.187678120304690452e+02
1.189910597974436115e+02
1.192145171867345965e+02
1.194381841983419719e+02
1.196620608322657517e+02
1.198861470885059504e+02
1.201104429670625677e+02
1.203349484679355754e+02
1.224049185744673593e+02
1.226332859598674787e+02
1.228618661760088742e+02
1.230906592228915741e+02
1.233196651005155644e+02
1.235488838088808308e+02
1.237783153479873874e+02
1.240079597178352344e+02
1.242378169184243717e+02
1.237120985879232364e+02
1.239409831366520507e+02
1.241700792237808031e+02
1.243993868493094794e+02
1.246289060132380939e+02
1.248586367155666466e+02
1.250885789562951231e+02
1.253187327354235521e+02
1.255490980529519049e+02
1.252793413077882008e+02
1.255092116588116653e+02
1.257392927067654966e+02
1.259695844516496805e+02
1.262000868934642313e+02
1.264308000322091345e+02
1.266617238678843904e+02
1.268928584004900273e+02
1.271242036300260168e+02
1.252879990028558552e+02
1.255160026407136655e+02
1.257442135546058637e+02
1.259726317445324781e+02
1.262012572104935231e+02
1.264300899524889701e+02
1.266591299705188476e+02
1.268883772645831272e+02
1.271178318346818372e+02
1.237255042693885656e+02
1.239488355045318571e+02
1.241723681204101837e+02
1.243961021170235455e+02
1.246200374943718998e+02
1.248441742524553177e+02
1.250685123912737424e+02
1.252930519108272023e+02
1.255177928111156831e+02
1.263914909275992215e+02
1.266177961933603626e+02
1.268443038788583266e+02
1.270710139840930992e+02
1.272979265090646948e+02
1.275250414537731132e+02
1.277523588182183403e+02
1.279798786024003761e+02
1.282076008063192489e+02
1.228383915829240749e+02
1.230565770031424080e+02
1.232749560217815343e+02
1.234935286388414397e+02
1.237122948543221099e+02
1.239312546682235592e+02
1.241504080805458017e+02
1.243697550912888090e+02
1.245892957004526096e+02
1.209505958209996379e+02
1.211637246242084416e+02
1.213770410408003642e+02
1.215905450707753914e+02
1.218042367141335234e+02
1.220181159708747458e+02
1.222321828409990871e+02
1.224464373245065474e+02
1.226608794213970839e+02
1.191022129854482614e+02
1.193104336375207026e+02
1.195188361416910539e+02
1.197274204979592724e+02
1.199361867063253726e+02
1.201451347667893685e+02
1.203542646793512318e+02
1.205635764440109625e+02
1.207730700607685890e+02
1.193887267723551844e+02
1.195958190998007353e+02
1.198030908833359121e+02
1.200105421229607430e+02
1.202181728186751997e+02
1.204259829704792963e+02
1.206339725783730472e+02
1.208421416423564523e+02
1.210504901624294689e+02
1.109255763651740239e+02
1.111164981833585017e+02
1.113075841647572304e+02
1.114988343093702099e+02
1.116902486171974545e+02
1.118818270882389641e+02
1.120735697224947245e+02
1.122654765199647500e+02
1.124575474806490405e+02
1.085616030289731526e+02
1.087470199427715727e+02
1.089325950621278452e+02
1.091183283870419558e+02
1.093042199175139189e+02
1.094902696535437343e+02
1.096764775951313879e+02
1.098628437422768940e+02
1.100493680949802524e+02
9.861201269663008873e+01
9.877915170120064658e+01
9.894643222906043434e+01
9.911385428020943777e+01
9.928141785464765690e+01
9.944912295237509170e+01
9.961696957339177061e+01
9.978495771769765099e+01
9.995308738529277548e+01
9.667815983037597505e+01
9.684078078887955598e+01
9.700353840365077929e+01
9.716643267468965917e+01
9.732946360199618141e+01
9.749263118557036023e+01
9.765593542541218142e+01
9.781937632152167339e+01
9.798295387389879352e+01
8.787039850187991874e+01
8.801709365797654527e+01
8.816391116199318390e+01
8.831085101392983461e+01
8.845791321378651162e+01
8.860509776156320072e+01
8.875240465725990191e+01
8.889983390087660098e+01
8.904738549241332635e+01
7.605767033697783575e+01
7.618369795974001590e+01
7.630982991000448123e+01
7.643606618777124595e+01
7.656240679304028163e+01
7.668885172581161669e+01
7.681540098608523692e+01
7.694205457386114233e+01
7.706881248913931870e+01
6.645231828996945467e+01
6.656161486610426437e+01
6.667100125043640446e+01
6.678047744296586075e+01
6.689004344369263322e+01
6.699969925261670767e+01
6.710944486973811252e+01
6.721928029505683355e+01
6.732920552857287078e+01
6.390993478139204598e+01
6.401427753205554438e+01
6.411870539099854227e+01
6.422321835822103253e+01
6.432781643372301517e+01
6.443249961750450439e+01
6.453726790956548598e+01
6.464212130990597416e+01
6.474705981852594050e+01
4.847312120450063588e+01
4.855168379964569425e+01
4.863031000822812189e+01
4.870899983024790458e+01
4.878775326570505655e+01
4.886657031459957068e+01
4.894545097693145408e+01
4.902439525270069964e+01
4.910340314190730737e+01
4.525219517923284229e+01
4.532500643454937972e+01
4.539787621981393073e+01
4.547080453502648112e+01
4.554379138018703799e+01
4.561683675529560134e+01
4.568994066035216406e+01
4.576310309535673326e+01
4.583632406030930184e+01
3.551085063855296653e+01
3.556757723701711171e+01
3.562434910810572575e+01
3.568116625181880863e+01
3.573802866815636747e+01
3.579493635711840227e+01
3.585188931870491302e+01
3.590888755291588552e+01
3.596593105975133398e+01
2.916443094679198467e+01
2.921068698318658363e+01
2.925697967254187049e+01
2.930330901485784878e+01
2.934967501013452207e+01
2.939607765837189035e+01
2.944251695956995007e+01
2.948899291372870479e+01
2.953550552084815095e+01
3.118590063767176801e+01
3.123501229221927744e+01
3.128416258693559726e+01
3.133335152182071326e+01
3.138257909687463965e+01
3.143184531209735866e+01
3.148115016748888806e+01
3.153049366304921008e+01
3.157987579877834250e+01
2.539776649138944720e+01
2.543748152890530534e+01
2.547722759379421831e+01
2.551700468605619321e+01
2.555681280569122649e+01
2.559665195269931814e+01
2.563652212708046818e+01
2.567642332883468015e+01
2.571635555796195050e+01
3.224329188018326420e+01
3.229335910359969830e+01
3.234346516892723855e+01
3.239361007616588495e+01
3.244379382531563749e+01
3.249401641637649618e+01
3.254427784934846812e+01
3.259457812423153911e+01
3.264491724102571624e+01
3.901944183490284246e+01
3.907961059640616952e+01
3.913982571288752865e+01
3.920008718434694828e+01
3.926039501078439997e+01
3.932074919219989795e+01
3.938114972859344931e+01
3.944159661996504695e+01
3.950208986631468377e+01
5.353075880708470891e+01
5.361273546681990609e+01
5.369477484779438470e+01
5.377687695000813051e+01
5.385904177346116484e+01
5.394126931815347348e+01
5.402355958408505643e+01
5.410591257125592080e+01
5.418832827966605947e+01
6.266755726909408253e+01
6.276286914326761490e+01
6.285825344287744798e+01
6.295371016792357466e+01
6.304923931840600915e+01
6.314484089432474434e+01
6.324051489567978734e+01
6.333626132247112395e+01
6.343208017469876125e+01
7.253529905274452005e+01
7.264486899089065730e+01
7.275452162332973671e+01
7.286425695006175829e+01
7.297407497108672203e+01
7.308397568640461373e+01
7.319395909601544759e+01
7.330402519991923782e+01
7.341417399811595601e+01
8.429370701955905076e+01
8.442017919813302740e+01
8.454674618343759107e+01
8.467340797547269915e+01
8.480016457423836584e+01
8.492701597973460537e+01
8.505396219196141772e+01
8.518100321091878868e+01
8.530813903660673247e+01
1.088680510743526355e+02
1.090302985424217184e+02
1.091926668202212909e+02
1.093551559077513957e+02
1.095177658050119902e+02
1.096804965120030886e+02
1.098433480287246908e+02
1.100063203551767970e+02
1.101694134913594354e+02
1.028349917334628145e+02
1.029872271024242707e+02
1.031395750715106914e+02
1.032920356407221050e+02
1.034446088100584547e+02
1.035972945795198115e+02
1.037500929491061186e+02
1.039030039188174044e+02
1.040560274886536547e+02
1.180025678130888309e+02
1.181761010010492470e+02
1.183497616931889240e+02
1.185235498895078479e+02
1.186974655900060185e+02
1.188715087946834501e+02
1.190456795035401285e+02
1.192199777165760537e+02
1.193944034337912399e+02
1.103279533837354336e+02
1.104891337392996888e+02
1.106504317447585208e+02
1.108118474001119154e+02
1.109733807053598866e+02
1.111350316605024489e+02
1.112968002655395594e+02
1.114586865204712609e+02
1.116206904252975249e+02
1.220635312362583704e+02
1.222406916589524997e+02
1.224179805518588893e+02
1.225953979149775108e+02
1.227729437483084070e+02
1.229506180518515350e+02
1.231284208256069235e+02
1.233063520695745723e+02
1.234844117837544673e+02
1.225402312806771761e+02
1.227169295233313875e+02
1.228937550701949704e+02
1.230707079212679531e+02
1.232477880765503642e+02
1.234249955360421609e+02
1.236023302997433717e+02
1.237797923676539966e+02
1.239573817397740072e+02
1.207245819098977222e+02
1.208975397636368427e+02
1.210706214239999383e+02
1.212438268909870800e+02
1.214171561645981967e+02
1.215906092448333453e+02
1.217641861316924974e+02
1.219378868251756529e+02
1.221117113252828119e+02
1.115328339872521468e+02
1.116915995872339948e+02
1.118504781072727496e+02
1.120094695473683686e+02
1.121685739075208801e+02
1.123277911877302699e+02
1.124871213879965666e+02
1.126465645083197415e+02
1.128061205486997807e+02
1.087348290546617591e+02
1.088886265497885830e+02
1.090425327357246914e+02
1.091965476124700558e+02
1.093506711800247189e+02
1.095049034383886379e+02
1.096592443875618414e+02
1.098136940275443294e+02
1.099682523583360876e+02
1.169709191706055407e+02
1.171353196191938792e+02
1.172998355175354561e+02
1.174644668656302287e+02
1.176292136634782395e+02
1.177940759110794744e+02
1.179590536084339334e+02
1.181241467555416023e+02
1.182893553524025094e+02
1.074057484838854464e+02
1.075557565124942130e+02
1.077058692222115894e+02
1.078560866130375473e+02
1.080064086849721008e+02
1.081568354380152357e+02
1.083073668721669520e+02
1.084580029874272782e+02
1.086087437837961716e+02
1.064760660872274798e+02
1.066238468867933733e+02
1.067717301695767276e+02
1.069197159355775142e+02
1.070678041847957758e+02
1.072159949172314697e+02
1.073642881328846244e+02
1.075126838317552398e+02
1.076611820138432876e+02
9.990579052408540406e+01
1.000435916144634660e+02
1.001814876745798841e+02
1.003194787044346725e+02
1.004575647040278312e+02
1.005957456733593745e+02
1.007340216124292880e+02
1.008723925212375576e+02
1.010108583997842260e+02
9.575482293385782384e+01
9.588608382890079440e+01
9.601743462866642176e+01
9.614887533315466328e+01
9.628040594236554739e+01
9.641202645629907408e+01
9.654373687495521494e+01
9.667553719833399839e+01
9.680742742643541021e+01
8.352787178202252960e+01
8.364166997246124424e+01
8.375554562933321279e+01
8.386949875263843523e+01
8.398352934237689738e+01
8.409763739854859921e+01
8.421182292115355494e+01
8.432608591019176458e+01
8.444042636566319970e+01
7.430788190761347778e+01
7.440850192373751781e+01
7.450919001835691802e+01
7.460994619147166418e+01
7.471077044308177051e+01
7.481166277318722280e+01
7.491262318178800683e+01
7.501365166888415104e+01
7.511474823447562699e+01
5.719372640045597223e+01
5.727070315200437278e+01
5.734773167002992977e+01
5.742481195453265741e+01
5.750194400551255569e+01
5.757912782296961751e+01
5.765636340690384998e+01
5.773365075731525309e+01
5.781098987420381974e+01
4.112137678347213665e+01
4.117638865876774901e+01
4.123143730670727791e+01
4.128652272729071626e+01
4.134164492051807827e+01
4.139680388638934971e+01
4.145199962490453061e+01
4.150723213606363515e+01
4.156250141986664914e+01
2.943196667711553616e+01
2.947110493067552639e+01
2.951026918971961521e+01
2.954945945424779552e+01
2.958867572426006731e+01
2.962791799975643414e+01
2.966718628073689246e+01
2.970648056720144581e+01
2.974580085915009064e+01
2.978514715658283052e+01
2.982451945949966188e+01
2.986391776790058472e+01
2.990334208178560260e+01
2.994279240115471197e+01
2.998226872600791637e+01
3.002177105634521226e+01
3.006129939216660318e+01
2.811845987924841239e+01
2.815543352800481713e+01
2.819243146956592838e+01
2.822945370393174258e+01
2.826650023110225618e+01
2.830357105107747273e+01
2.834066616385739223e+01
2.837778556944201114e+01
2.841492926783133299e+01
2.845209725902535780e+01
2.848928954302408201e+01
2.852650611982751272e+01
2.856374698943563928e+01
2.860101215184847234e+01
2.863830160706600481e+01
2.867561535508824377e+01
2.871295339591517859e+01
3.369683935774623507e+01
3.374065839462236482e+01
3.378450590390713160e+01
3.382838188560051407e+01
3.387228633970252645e+01
3.391621926621316874e+01
3.396018066513242672e+01
3.400417053646032173e+01
3.404818888019683953e+01
3.409223569634198725e+01
3.413631098489575777e+01
3.418041474585815820e+01
3.422454697922918143e+01
3.426870768500882747e+01
3.431289686319710341e+01
3.435711451379400927e+01
3.440136063679953793e+01
5.444967355137935527e+01
5.451970528585057707e+01
5.458978202786323664e+01
5.465990377741734108e+01
5.473007053451286197e+01
5.480028229914982774e+01
5.487053907132822417e+01
5.494084085104805837e+01
5.501118763830932323e+01
5.508157943311201876e+01
5.515201623545615206e+01
5.522249804534172313e+01
5.529302486276872486e+01
5.536359668773715725e+01
5.543421352024702742e+01
5.550487536029832825e+01
5.557558220789106684e+01
1.136939220248972759e+02
1.138385707806541376e+02
1.139833114936619580e+02
1.141281441639207515e+02
1.142730687914304895e+02
1.144180853761911862e+02
1.145631939182028418e+02
1.147083944174654562e+02
1.148536868739790293e+02
1.149990712877435470e+02
1.151445476587590520e+02
1.152901159870255015e+02
1.154357762725428955e+02
1.155815285153112626e+02
1.157273727153305742e+02
1.158733088726008589e+02
1.160193369871220881e+02
1.951353205742723276e+02
1.953809282779529894e+02
1.956266904518874981e+02
1.958726070960759102e+02
1.961186782105182260e+02
1.963649037952144170e+02
1.966112838501645115e+02
1.968578183753684812e+02
1.971045073708263260e+02
1.973513508365380744e+02
1.975983487725037264e+02
1.978455011787231967e+02
1.980928080551966275e+02
1.983402694019239334e+02
1.985878852189050860e+02
1.988356555061401423e+02
1.990835802636291021e+02
3.047664242532352432e+02
3.051459590281458532e+02
3.055257299790209800e+02
3.059057371058605668e+02
3.062859804086646136e+02
3.066664598874331205e+02
3.070471755421661442e+02
3.074281273728636279e+02
3.078093153795255716e+02
3.081907395621519754e+02
3.085723999207428960e+02
3.089542964552982767e+02
3.093364291658181173e+02
3.097187980523024180e+02
3.101014031147512355e+02
3.104842443531645131e+02
3.108673217675422507e+02
4.033690536879628326e+02
4.038661196814168761e+02
4.043634917499900325e+02
4.048611698936823586e+02
4.053591541124937407e+02
4.058574444064242925e+02
4.063560407754739572e+02
4.068549432196427347e+02
4.073541517389306819e+02
4.078536663333376850e+02
4.083534870028638011e+02
4.088536137475090868e+02
4.093540465672734854e+02
4.098547854621569968e+02
4.103558304321596779e+02
4.108571814772814150e+02
4.113588385975222650e+02
4.896004494046662785e+02
4.901975231234524699e+02
4.907949606897211652e+02
4.913927621034723074e+02
4.919909273647060672e+02
4.925894564734222172e+02
4.931883494296209278e+02
4.937876062333021423e+02
4.943872268844657469e+02
4.949872113831120259e+02
4.955875597292406951e+02
4.961882719228518681e+02
4.967893479639456018e+02
4.973907878525217825e+02
4.979925915885805239e+02
4.985947591721217123e+02
4.991972906031454045e+02
5.394469431765057834e+02
5.400980559624762236e+02
5.407495614582089729e+02
5.414014596637041450e+02
5.420537505789616262e+02
5.427064342039814164e+02
5.433595105387636295e+02
5.440129795833081516e+02
5.446668413376149829e+02
5.453210958016842369e+02
5.459757429755158000e+02
5.466307828591096722e+02
5.472862154524658536e+02
5.479420407555844577e+02
5.485982587684653708e+02
5.492548694911087068e+02
5.499118729235143519e+02
5.813352907897948398e+02
5.820298371348244473e+02
5.827247981343884931e+02
5.834201737884867498e+02
5.841159640971194449e+02
5.848121690602864646e+02
5.855087886779878090e+02
5.862058229502234781e+02
5.869032718769935855e+02
5.876011354582979038e+02
5.882994136941367742e+02
5.889981065845097419e+02
5.896972141294172616e+02
5.903967363288589922e+02
5.910966731828350476e+02
5.917970246913456549e+02
5.924977908543904732e+02
5.703220838826517820e+02
5.709966221249731007e+02
5.716715590305582282e+02
5.723468945994070509e+02
5.730226288315196825e+02
5.736987617268961230e+02
5.743752932855362587e+02
5.750522235074403170e+02
5.757295523926080705e+02
5.764072799410396328e+02
5.770854061527348904e+02
5.777639310276940705e+02
5.784428545659170595e+02
5.791221767674037437e+02
5.798018976321542368e+02
5.804820171601684251e+02
5.811625353514464223e+02
5.480532227626068789e+02
5.486949712670128747e+02
5.493370952825388258e+02
5.499795948091850732e+02
5.506224698469515033e+02
5.512657203958381160e+02
5.519093464558450250e+02
5.525533480269720030e+02
5.531977251092191636e+02
5.538424777025865069e+02
5.544876058070741465e+02
5.551331094226818550e+02
5.557789885494098598e+02
5.564252431872580473e+02
5.570718733362264175e+02
5.577188789963149702e+02
5.583662601675235919e+02
5.061264664286879338e+02
5.067132797230980259e+02
5.073004330020355610e+02
5.078879262655005391e+02
5.084757595134930739e+02
5.090639327460130517e+02
5.096524459630604156e+02
5.102412991646352793e+02
5.108304923507376998e+02
5.114200255213674495e+02
5.120098986765248128e+02
5.126001118162095054e+02
5.131906649404216978e+02
5.137815580491613900e+02
5.143727911424285821e+02
5.149643642202231604e+02
5.155562772825452384e+02
4.173569157340896254e+02
4.178360855569760588e+02
4.183155302908337489e+02
4.187952499356626390e+02
4.192752444914628427e+02
4.197555139582342463e+02
4.202360583359769635e+02
4.207168776246908806e+02
4.211979718243761113e+02
4.216793409350324850e+02
4.221609849566601724e+02
4.226429038892591166e+02
4.231250977328292606e+02
4.236075664873707183e+02
4.240903101528833758e+02
4.245733287293672902e+02
4.250566222168224613e+02
3.397220305892120109e+02
3.401082978212634202e+02
3.404947845233330668e+02
3.408814906954208936e+02
3.412684163375269009e+02
3.416555614496511453e+02
3.420429260317936269e+02
3.424305100839543456e+02
3.428183136061331879e+02
3.432063365983302674e+02
3.435945790605455841e+02
3.439830409927790811e+02
3.443717223950308153e+02
3.447606232673007867e+02
3.451497436095889384e+02
3.455390834218952705e+02
3.459286427042198966e+02
2.224519017071365283e+02
2.227024106054553840e+02
2.229530604767051898e+02
2.232038513208859456e+02
2.234547831379976799e+02
2.237058559280403927e+02
2.239570696910140271e+02
2.242084244269186684e+02
2.244599201357542313e+02
2.247115568175207727e+02
2.249633344722182926e+02
2.252152530998467341e+02
2.254673127004061541e+02
2.257195132738965526e+02
2.259718548203179012e+02
2.262243373396701998e+02
2.264769608319534768e+02
1.354716558860474720e+02
1.356227676048272315e+02
1.357739635553342907e+02
1.359252437375686213e+02
1.360766081515302801e+02
1.362280567972192671e+02
1.363795896746355254e+02
1.365312067837790835e+02
1.366829081246499413e+02
1.368346936972480989e+02
1.369865635015735847e+02
1.371385175376263703e+02
1.372905558054064272e+02
1.374426783049138123e+02
1.375948850361484688e+02
1.377471759991104534e+02
1.378995511937997378e+02
4.626793155373704991e+01
4.631905633998427163e+01
4.637020935637298891e+01
4.642139060290320174e+01
4.647260007957491013e+01
4.652383778638811407e+01
4.657510372334281357e+01
4.662639789043900151e+01
4.667772028767669212e+01
4.672907091505587829e+01
4.678044977257654580e+01
4.683185686023872307e+01
4.688329217804238880e+01
4.693475572598755718e+01
4.698624750407420692e+01
4.703776751230235931e+01
4.708931575067200725e+01
-3.221913603184182762e+01
-3.225440602202446883e+01
-3.228969530651245634e+01
-3.232500388530579727e+01
-3.236033175840449161e+01
-3.239567892580853936e+01
-3.243104538751794053e+01
-3.246643114353268800e+01
-3.250183619385278888e+01
-3.253726053847824318e+01
-3.257270417740905089e+01
-3.260816711064520490e+01
-3.264364933818670522e+01
-3.267915086003357317e+01
-3.271467167618578031e+01
-3.275021178664334087e+01
-3.278577119140625484e+01
-1.167087092308360923e+02
-1.168352913449693204e+02
-1.169619420672944869e+02
-1.170886613978116060e+02
-1.172154493365206633e+02
-1.173423058834216590e+02
-1.174692310385145930e+02
-1.175962248017994654e+02
-1.177232871732762902e+02
-1.178504181529450534e+02
-1.179776177408057549e+02
-1.181048859368584232e+02
-1.182322227411030156e+02
-1.183596281535395320e+02
-1.184871021741680153e+02
-1.186146448029884368e+02
-1.187422560400007967e+02
-1.843118215028028715e+02
-1.845098997634184741e+02
-1.847080844033362155e+02
-1.849063754225560956e+02
-1.851047728210781713e+02
-1.853032765989023858e+02
-1.855018867560287390e+02
-1.857006032924572594e+02
-1.858994262081879469e+02
-1.860983555032208017e+02
-1.862973911775557667e+02
-1.864965332311929558e+02
-1.866957816641322552e+02
-1.868951364763736933e+02
-1.870945976679173270e+02
-1.872941652387630995e+02
-1.874938391889110392e+02
-2.194036730162764286e+02
-2.196373297500530839e+02
-2.198711108354708870e+02
-2.201050162725299231e+02
-2.203390460612301069e+02
-2.205732002015714670e+02
-2.208074786935540601e+02
-2.210418815371777725e+02
-2.212764087324426612e+02
-2.215110602793487544e+02
-2.217458361778960239e+02
-2.219807364280844979e+02
-2.222157610299141197e+02
-2.224509099833849177e+02
-2.226861832884969203e+02
-2.229215809452500707e+02
-2.231571029536444257e+02
-2.431499850936049540e+02
-2.434066077691654755e+02
-2.436633657942384161e+02
-2.439202591688238044e+02
-2.441772878929216120e+02
-2.444344519665318671e+02
-2.446917513896545415e+02
-2.449491861622896351e+02
-2.452067562844371480e+02
-2.454644617560970801e+02
-2.457223025772694598e+02
-2.459802787479542303e+02
-2.462383902681514769e+02
-2.464966371378611427e+02
-2.467550193570831993e+02
-2.470135369258177036e+02
-2.472721898440646271e+02
-2.325558800843860467e+02
-2.327991393731772121e+02
-2.330425258231230430e+02
-2.332860394342234827e+02
-2.335296802064785595e+02
-2.337734481398882451e+02
-2.340173432344525679e+02
-2.342613654901714995e+02
-2.345055149070450398e+02
-2.347497914850732172e+02
-2.349941952242560035e+02
-2.352387261245934269e+02
-2.354833841860854307e+02
-2.357281694087321000e+02
-2.359730817925334065e+02
-2.362181213374892934e+02
-2.364632880435997890e+02
-2.130965204994030842e+02
-2.133174603858721241e+02
-2.135385147489663211e+02
-2.137596835886855899e+02
-2.139809669050299874e+02
-2.142023646979994851e+02
-2.144238769675941114e+02
-2.146455037138138380e+02
-2.148672449366586932e+02
-2.150891006361286486e+02
-2.153110708122237327e+02
-2.155331554649439170e+02
-2.157553545942892299e+02
-2.159776682002596431e+02
-2.162000962828551849e+02
-2.164226388420757985e+02
-2.166452958779215692e+02
-2.028729197785384315e+02
-2.030814222654639423e+02
-2.032900318414941978e+02
-2.034987485066291981e+02
-2.037075722608689432e+02
-2.039165031042134331e+02
-2.041255410366626393e+02
-2.043346860582166187e+02
-2.045439381688753144e+02
-2.047532973686387265e+02
-2.049627636575069118e+02
-2.051723370354798135e+02
-2.053820175025574883e+02
-2.055918050587398795e+02
-2.058016997040269871e+02
-2.060117014384188394e+02
-2.062218102619154365e+02
-1.903191323244630837e+02
-1.905130387252011985e+02
-1.907070438562859351e+02
-1.909011477177172651e+02
-1.910953503094952168e+02
-1.912896516316197619e+02
-1.914840516840909004e+02
-1.916785504669086890e+02
-1.918731479800730426e+02
-1.920678442235840180e+02
-1.922626391974416151e+02
-1.924575329016458340e+02
-1.926525253361966179e+02
-1.928476165010940235e+02
-1.930428063963380509e+02
-1.932380950219287001e+02
-1.934334823778659143e+02
-1.842190634401989087e+02
-1.844051433022597166e+02
-1.845913170966082930e+02
-1.847775848232446378e+02
-1.849639464821687227e+02
-1.851504020733805760e+02
-1.853369515968801977e+02
-1.855235950526675879e+02
-1.857103324407427465e+02
-1.858971637611056735e+02
-1.860840890137563690e+02
-1.862711081986948045e+02
-1.864582213159210369e+02
-1.866454283654350093e+02
-1.868327293472367501e+02
-1.870201242613262593e+02
-1.872076131077035086e+02
-1.049381423121290311e+02
-1.050432380981201561e+02
-1.051483864846047567e+02
-1.052535874715828470e+02
-1.053588410590544271e+02
-1.054641472470194969e+02
-1.055695060354780708e+02
-1.056749174244301201e+02
-1.057803814138756593e+02
-1.058858980038146882e+02
-1.059914671942471927e+02
-1.060970889851732011e+02
-1.062027633765926993e+02
-1.063084903685056872e+02
-1.064142699609121649e+02
-1.065201021538121182e+02
-1.066259869472055755e+02
-1.293799979115202632e+02
-1.295084785449974447e+02
-1.296370229405755765e+02
-1.297656310982547438e+02
-1.298943030180348615e+02
-1.300230386999159577e+02
-1.301518381438980612e+02
-1.302807013499811148e+02
-1.304096283181651756e+02
-1.305386190484502151e+02
-1.306676735408362049e+02
-1.307967917953232018e+02
-1.309259738119111773e+02
-1.310552195906001316e+02
-1.311845291313900645e+02
-1.313139024342809762e+02
-1.314433394992728665e+02
-1.315728403263657640e+02
-1.317024049155596117e+02
-1.318320332668544665e+02
-1.319617253802502717e+02
-1.320914812557470839e+02
-1.322213008933448748e+02
-1.323511842930436444e+02
-1.324811314548433927e+02
-1.326111423787441197e+02
-1.327412170647458254e+02
-1.328713555128485098e+02
-1.330015577230522013e+02
-1.331318236953568430e+02
-1.332621534297624919e+02
-1.333925469262690910e+02
-1.335230041848766973e+02
-1.567195645078158179e+02
-1.568726857237491856e+02
-1.570258817059012983e+02
-1.571791524542720992e+02
-1.573324979688616452e+02
-1.574859182496699077e+02
-1.576394132966968584e+02
-1.577929831099425542e+02
-1.579466276894069381e+02
-1.581003470350900670e+02
-1.582541411469919126e+02
-1.584080100251124748e+02
-1.585619536694517535e+02
-1.587159720800097205e+02
-1.588700652567864324e+02
-1.590242331997818610e+02
-1.591784759089960062e+02
-1.593327933844288680e+02
-1.594871856260804464e+02
-1.596416526339507698e+02
-1.597961944080397814e+02
-1.599508109483475096e+02
-1.601055022548739544e+02
-1.602602683276191158e+02
-1.604151091665829938e+02
-1.605700247717655884e+02
-1.607250151431668996e+02
-1.608800802807869559e+02
-1.610352201846257003e+02
-1.611904348546831613e+02
-1.613457242909593674e+02
-1.615010884934542617e+02
-1.616565274621678725e+02
-2.062026044628674981e+02
-2.064008761979279427e+02
-2.065992432101316183e+02
-2.067977054994785249e+02
-2.069962630659686909e+02
-2.071949159096020310e+02
-2.073936640303786305e+02
-2.075925074282984610e+02
-2.077914461033615225e+02
-2.079904800555678150e+02
-2.081896092849173385e+02
-2.083888337914100646e+02
-2.085881535750460500e+02
-2.087875686358252665e+02
-2.089870789737476855e+02
-2.091866845888133355e+02
-2.093863854810222449e+02
-2.095861816503743569e+02
-2.097860730968696998e+02
-2.099860598205083022e+02
-2.101861418212901071e+02
-2.103863190992151146e+02
-2.105865916542834100e+02
-2.107869594864949079e+02
-2.109874225958496368e+02
-2.111879809823475682e+02
-2.113886346459887591e+02
-2.115893835867731809e+02
-2.117902278047008338e+02
-2.119911672997717176e+02
-2.121922020719858040e+02
-2.123933321213431213e+02
-2.125945574478436697e+02
-2.403159377435374040e+02
-2.405434019534224319e+02
-2.407709737622714385e+02
-2.409986531700844807e+02
-2.412264401768615016e+02
-2.414543347826025297e+02
-2.416823369873075080e+02
-2.419104467909765219e+02
-2.421386641936095430e+02
-2.423669891952065143e+02
-2.425954217957674928e+02
-2.428239619952924784e+02
-2.430526097937814427e+02
-2.432813651912344426e+02
-2.435102281876513928e+02
-2.437391987830323501e+02
-2.439682769773773146e+02
-2.441974627706862577e+02
-2.444267561629592080e+02
-2.446561571541961371e+02
-2.448856657443970732e+02
-2.451152819335620165e+02
-2.453450057216909101e+02
-2.455748371087838393e+02
-2.458047760948407472e+02
-2.460348226798616622e+02
-2.462649768638465844e+02
-2.464952386467954568e+02
-2.467256080287083648e+02
-2.469560850095852516e+02
-2.471866695894261170e+02
-2.474173617682310180e+02
-2.476481615459998977e+02
-2.499856629477571346e+02
-2.502186411984074255e+02
-2.504517279624487855e+02
-2.506849232398812433e+02
-2.509182270307047702e+02
-2.511516393349193947e+02
-2.513851601525250601e+02
-2.516187894835218515e+02
-2.518525273279096837e+02
-2.520863736856886419e+02
-2.523203285568586125e+02
-2.525543919414197092e+02
-2.527885638393719034e+02
-2.530228442507151385e+02
-2.532572331754494996e+02
-2.534917306135749016e+02
-2.537263365650914011e+02
-2.539610510299989699e+02
-2.541958740082976362e+02
-2.544308054999873718e+02
-2.546658455050682051e+02
-2.549009940235401075e+02
-2.551362510554030791e+02
-2.553716166006571200e+02
-2.556070906593022869e+02
-2.558426732313384946e+02
-2.560783643167658283e+02
-2.563141639155841744e+02
-2.565500720277936466e+02
-2.567860886533942448e+02
-2.570222137923858554e+02
-2.572584474447685352e+02
-2.574947896105423411e+02
-2.500646471235420165e+02
-2.502941695164961970e+02
-2.505237971949516691e+02
-2.507535301589085464e+02
-2.509833684083667436e+02
-2.512133119433263175e+02
-2.514433607637872399e+02
-2.516735148697495106e+02
-2.519037742612131581e+02
-2.521341389381781539e+02
-2.523646089006444981e+02
-2.525951841486121623e+02
-2.528258646820812316e+02
-2.530566505010516209e+02
-2.532875416055234155e+02
-2.535185379954965299e+02
-2.537496396709709927e+02
-2.539808466319468323e+02
-2.542121588784240203e+02
-2.544435764104025282e+02
-2.546750992278824413e+02
-2.549067273308636743e+02
-2.551384607193462841e+02
-2.553702993933302423e+02
-2.556022433528155489e+02
-2.558342925978022038e+02
-2.560664471282902355e+02
-2.562987069442796155e+02
-2.565310720457703724e+02
-2.567635424327624492e+02
-2.569961181052559027e+02
-2.572287990632506762e+02
-2.574615853067468834e+02
-2.325509551445439342e+02
-2.327612182142948711e+02
-2.329715762967298360e+02
-2.331820293918488289e+02
-2.333925774996518783e+02
-2.336032206201388988e+02
-2.338139587533099757e+02
-2.340247918991650806e+02
-2.342357200577042136e+02
-2.344467432289273745e+02
-2.346578614128345635e+02
-2.348690746094257804e+02
-2.350803828187009969e+02
-2.352917860406602699e+02
-2.355032842753035425e+02
-2.357148775226308715e+02
-2.359265657826422284e+02
-2.361383490553375850e+02
-2.363502273407169696e+02
-2.365622006387804106e+02
-2.367742689495278512e+02
-2.369864322729593482e+02
-2.371986906090748448e+02
-2.374110439578743694e+02
-2.376234923193579220e+02
-2.378360356935255311e+02
-2.380486740803771113e+02
-2.382614074799127764e+02
-2.384742358921324410e+02
-2.386871593170361336e+02
-2.389001777546238259e+02
-2.391132912048955745e+02
-2.393264996678513512e+02
-2.029580945305298485e+02
-2.031389035234301161e+02
-2.033197930189986096e+02
-2.035007630172353572e+02
-2.036818135181403591e+02
-2.038629445217136436e+02
-2.040441560279551538e+02
-2.042254480368649467e+02
-2.044068205484429939e+02
-2.045882735626892668e+02
-2.047698070796037939e+02
-2.049514210991866037e+02
-2.051331156214376676e+02
-2.053148906463569858e+02
-2.054967461739445014e+02
-2.056786822042003280e+02
-2.058606987371244088e+02
-2.060427957727167438e+02
-2.062249733109773331e+02
-2.064072313519061481e+02
-2.065895698955032458e+02
-2.067719889417685977e+02
-2.069544884907022038e+02
-2.071370685423040356e+02
-2.073197290965741502e+02
-2.075024701535125189e+02
-2.076852917131191134e+02
-2.078681937753940190e+02
-2.080511763403371504e+02
-2.082342394079485359e+02
-2.084173829782281473e+02
-2.086006070511760413e+02
-2.087839116267922179e+02
-1.854640495369376652e+02
-1.856268801335460239e+02
-1.857897821784196708e+02
-1.859527556715586627e+02
-1.861158006129629143e+02
-1.862789170026324825e+02
-1.864421048405673105e+02
-1.866053641267674834e+02
-1.867686948612329161e+02
-1.869320970439636653e+02
-1.870955706749596743e+02
-1.872591157542209999e+02
-1.874227322817476136e+02
-1.875864202575395439e+02
-1.877501796815967623e+02
-1.879140105539192689e+02
-1.880779128745070921e+02
-1.882418866433602034e+02
-1.884059318604785744e+02
-1.885700485258622621e+02
-1.887342366395112663e+02
-1.888984962014255586e+02
-1.890628272116051107e+02
-1.892272296700500078e+02
-1.893917035767601647e+02
-1.895562489317356381e+02
-1.897208657349763712e+02
-1.898855539864824493e+02
-1.900503136862537872e+02
-1.902151448342904416e+02
-1.903800474305923842e+02
-1.905450214751596434e+02
-1.907100669679921623e+02
-1.650002884567162198e+02
-1.651430840330526451e+02
-1.652859413721815827e+02
-1.654288604741030611e+02
-1.655718413388170518e+02
-1.657148839663235833e+02
-1.658579883566226556e+02
-1.660011545097142687e+02
-1.661443824255983941e+02
-1.662876721042750603e+02
-1.664310235457442673e+02
-1.665744367500060150e+02
-1.667179117170602751e+02
-1.668614484469070760e+02
-1.670050469395464177e+02
-1.671487071949782717e+02
-1.672924292132026949e+02
-1.674362129942196020e+02
-1.675800585380290784e+02
-1.677239658446310955e+02
-1.678679349140256249e+02
-1.680119657462126952e+02
-1.681560583411922778e+02
-1.683002126989644012e+02
-1.684444288195290653e+02
-1.685887067028862703e+02
-1.687330463490360160e+02
-1.688774477579782740e+02
-1.690219109297130728e+02
-1.691664358642404125e+02
-1.693110225615602644e+02
-1.694556710216726572e+02
-1.696003812445775907e+02
-1.506966995904022895e+02
-1.508252803921005807e+02
-1.509539160256972536e+02
-1.510826064911923083e+02
-1.512113517885857448e+02
-1.513401519178775629e+02
-1.514690068790677344e+02
-1.515979166721563161e+02
-1.517268812971432794e+02
-1.518559007540285961e+02
-1.519849750428122945e+02
-1.521141041634943747e+02
-1.522432881160748366e+02
-1.523725269005536802e+02
-1.525018205169309056e+02
-1.526311689652064842e+02
-1.527605722453804731e+02
-1.528900303574528152e+02
-1.530195433014235675e+02
-1.531491110772926731e+02
-1.532787336850601605e+02
-1.534084111247260296e+02
-1.535381433962902804e+02
-1.536679304997529414e+02
-1.537977724351139273e+02
-1.539276692023733233e+02
-1.540576208015310726e+02
-1.541876272325872321e+02
-1.543176884955417449e+02
-1.544478045903946395e+02
-1.545779755171459158e+02
-1.547082012757956022e+02
-1.548384818663436420e+02
-1.469595709994333390e+02
-1.470832223002321655e+02
-1.472069255990548982e+02
-1.473306808959015370e+02
-1.474544881907720537e+02
-1.475783474836664482e+02
-1.477022587745847204e+02
-1.478262220635268704e+02
-1.479502373504929267e+02
-1.480743046354828607e+02
-1.481984239184966725e+02
-1.483225951995343621e+02
-1.484468184785959579e+02
-1.485710937556814031e+02
-1.486954210307907829e+02
-1.488198003039240120e+02
-1.489442315750811474e+02
-1.490687148442621606e+02
-1.491932501114670515e+02
-1.493178373766958487e+02
-1.494424766399484952e+02
-1.495671679012250763e+02
-1.496919111605255068e+02
-1.498167064178498151e+02
-1.499415536731980296e+02
-1.500664529265701219e+02
-1.501914041779661204e+02
-1.503164074273859683e+02
-1.504414626748296939e+02
-1.505665699202973542e+02
-1.506917291637888638e+02
-1.508169404053042797e+02
-1.509422036448435449e+02
-1.373959505922711060e+02
-1.375099721280323308e+02
-1.376240409560107878e+02
-1.377381570762065053e+02
-1.378523204886194264e+02
-1.379665311932496081e+02
-1.380807891900970219e+02
-1.381950944791616678e+02
-1.383094470604435458e+02
-1.384238469339426842e+02
-1.385382940996590548e+02
-1.386527885575926291e+02
-1.387673303077434923e+02
-1.388819193501115592e+02
-1.389965556846968866e+02
-1.391112393114994461e+02
-1.392259702305192377e+02
-1.393407484417562614e+02
-1.394555739452105456e+02
-1.395704467408820335e+02
-1.396853668287707819e+02
-1.398003342088767624e+02
-1.399153488812000035e+02
-1.400304108457404482e+02
-1.401455201024981534e+02
-1.402606766514730907e+02
-1.403758804926652601e+02
-1.404911316260746901e+02
-1.406064300517013237e+02
-1.407217757695452178e+02
-1.408371687796063441e+02
-1.409526090818847308e+02
-1.410680966763803212e+02
-1.345398782155771187e+02
-1.346500213823520653e+02
-1.347602096158891527e+02
-1.348704429161884661e+02
-1.349807212832499488e+02
-1.350910447170736006e+02
-1.352014132176594501e+02
-1.353118267850074687e+02
-1.354222854191176850e+02
-1.355327891199900705e+02
-1.356433378876246536e+02
-1.357539317220214059e+02
-1.358645706231803558e+02
-1.359752545911014749e+02
-1.360859836257847917e+02
-1.361967577272302776e+02
-1.363075768954379328e+02
-1.364184411304078139e+02
-1.365293504321398359e+02
-1.366403048006340555e+02
-1.367513042358904727e+02
-1.368623487379090591e+02
-1.369734383066898147e+02
-1.370845729422327679e+02
-1.371957526445379187e+02
-1.373069774136052388e+02
-1.374182472494347280e+02
-1.375295621520264149e+02
-1.376409221213802994e+02
-1.377523271574963246e+02
-1.378637772603745759e+02
-1.379752724300149964e+02
-1.380868126664175861e+02
-1.230499225503240694e+02
-1.231493166719317713e+02
-1.232487509203547944e+02
-1.233482252955931955e+02
-1.234477397976469035e+02
-1.235472944265159754e+02
-1.236468891822003968e+02
-1.237465240647001536e+02
-1.238461990740152601e+02
-1.239459142101457019e+02
-1.240456694730914933e+02
-1.241454648628526343e+02
-1.242453003794291106e+02
-1.243451760228209366e+02
-1.244450917930281122e+02
-1.245450476900506089e+02
-1.246450437138884695e+02
-1.247450798645416796e+02
-1.248451561420102252e+02
-1.249452725462941203e+02
-1.250454290773933508e+02
-1.251456257353079167e+02
-1.252458625200378464e+02
-1.253461394315831114e+02
-1.254464564699437261e+02
-1.255468136351196762e+02
-1.256472109271109758e+02
-1.257476483459176251e+02
-1.258481258915396097e+02
-1.259486435639769439e+02
-1.260492013632296135e+02
-1.261497992892976328e+02
-1.262504373421810016e+02
