0.000000000000000000e+00
0.000000000000000000e+00
0.000000000000000000e+00
0.000000000000000000e+00
0.000000000000000000e+00
0.000000000000000000e+00
0.000000000000000000e+00
0.000000000000000000e+00
0.000000000000000000e+00
0.000000000000000000e+00
0.000000000000000000e+00
0.000000000000000000e+00
0.000000000000000000e+00
0.000000000000000000e+00
0.000000000000000000e+00
0.000000000000000000e+00
0.000000000000000000e+00
0.000000000000000000e+00
0.000000000000000000e+00
0.000000000000000000e+00
0.000000000000000000e+00
0.000000000000000000e+00
0.000000000000000000e+00
0.000000000000000000e+00
0.000000000000000000e+00
0.000000000000000000e+00
0.000000000000000000e+00
0.000000000000000000e+00
2.952694636404384204e-02
3.149540945498009725e-02
3.352737135530139273e-02
3.562283206500772847e-02
3.778179158409910449e-02
4.262291695689410242e-02
4.505851221157376046e-02
4.756176288999452301e-02
5.013266899215639005e-02
5.277123051805936160e-02
5.445582800915606259e-02
5.717861940961387057e-02
5.996782035642429093e-02
6.282343084958735835e-02
6.574545088910305202e-02
6.640582529372535125e-02
6.935719530677980638e-02
7.237272553750936921e-02
7.545241598591402588e-02
7.859626665199377638e-02
7.543411830960956854e-02
7.845148304199393852e-02
8.152801178873880783e-02
8.466370454984414873e-02
8.785856132530996121e-02
8.390259968180491246e-02
8.695360330659782089e-02
9.005908913897631152e-02
9.321905717894038435e-02
9.643350742649005325e-02
9.352089311058502108e-02
9.663825621427118984e-02
9.980672363113254897e-02
1.030262953611690846e-01
1.062969714043807967e-01
9.919053418247589238e-02
1.022425506188597566e-01
1.053408097285221945e-01
1.084853115114631505e-01
1.116760559676826525e-01
1.088682628496822624e-01
1.119787846453874636e-01
1.151331166072293577e-01
1.183312587352079587e-01
1.215732110293232526e-01
1.148181911262569632e-01
1.178800095562904798e-01
1.209821150709297216e-01
1.241245076701746330e-01
1.273071873540252696e-01
1.199003431685032178e-01
1.228978517477158083e-01
1.259323666056841040e-01
1.290038877424081187e-01
1.321124151578877970e-01
1.232838148544658508e-01
1.261846104981003691e-01
1.291191363236375567e-01
1.320873923310775244e-01
1.350893785204201891e-01
1.294822076073497141e-01
1.323595899986241553e-01
1.352685919766158928e-01
1.382092135413249268e-01
1.411814546927512570e-01
1.350141781401947016e-01
1.378565818905145846e-01
1.407285940132336488e-01
1.436302145083518667e-01
1.465614433758692381e-01
1.287093808003128281e-01
1.312835684163191075e-01
1.338832430384244154e-01
1.365084046666288353e-01
1.391590533009322839e-01
1.418351889413348443e-01
1.445368115878364612e-01
1.472639212404371345e-01
1.500165178991368919e-01
1.351764039522828642e-01
1.376567049422330047e-01
1.401595541230009068e-01
1.426849514945864872e-01
1.452328970569898292e-01
1.478033908102109051e-01
1.503964327542496593e-01
1.530120228891061751e-01
1.556501612147804525e-01
1.411482549436264833e-01
1.435405982477557518e-01
1.459530452771298226e-01
1.483855960317486400e-01
1.508382505116122596e-01
1.533110087167206537e-01
1.558038706470738222e-01
1.583168363026717929e-01
1.608499056835145380e-01
1.476987157648515514e-01
1.500246797926444997e-01
1.523688154144045570e-01
1.547311226301317788e-01
1.571116014398261096e-01
1.595102518434875771e-01
1.619270738411161814e-01
1.643620674327118947e-01
1.668152326182747724e-01
1.600010977035704607e-01
1.623540550227406398e-01
1.647241872128536178e-01
1.671114942739094777e-01
1.695159762059081643e-01
1.719376330088497329e-01
1.743764646827341280e-01
1.768324712275613497e-01
1.793056526433314535e-01
1.651803605278664988e-01
1.674587103282508815e-01
1.697526652642543099e-01
1.720622253358768117e-01
1.743873905431183868e-01
1.767281608859790354e-01
1.790845363644587851e-01
1.814565169785575527e-01
1.838441027282754214e-01
1.686799927671539523e-01
1.708706420238702284e-01
1.730754245015976023e-01
1.752943402003360462e-01
1.775273891200855603e-01
1.797745712608461166e-01
1.820358866226177708e-01
1.843113352054004950e-01
1.866009170091942893e-01
1.781819484900623585e-01
1.803682300666275273e-01
1.825678426284156608e-01
1.847807861754267866e-01
1.870070607076608216e-01
1.892466662251178489e-01
1.914996027277978130e-01
1.937658702157007418e-01
1.960454686888266351e-01
1.926236553971897025e-01
1.948634653436686626e-01
1.971162221684509552e-01
1.993819258715366083e-01
2.016605764529255940e-01
2.039521739126179400e-01
2.062567182506136187e-01
2.085742094669126578e-01
2.109046475615150296e-01
2.018328248475074471e-01
2.040630218071484148e-01
2.063054725962379654e-01
2.085601772147760713e-01
2.108271356627627602e-01
2.131063479401980598e-01
2.153978140470818869e-01
2.177015339834143248e-01
2.200175077491953457e-01
2.323568522365306588e-01
2.348027138390204605e-01
2.372613809996384771e-01
2.397328537183846808e-01
2.422171319952591828e-01
2.447142158302618165e-01
2.472241052233927205e-01
2.497468001746518118e-01
2.522823006840391735e-01
2.336214321911060376e-01
2.359693862834789380e-01
2.383290801463137376e-01
2.407005137796104088e-01
2.430836871833688961e-01
2.454786003575892828e-01
2.478852533022715410e-01
2.503036460174156708e-01
2.527337785030216444e-01
2.575889071204282010e-01
2.600657235350476992e-01
2.625543907459094162e-01
2.650549087530132963e-01
2.675672775563593953e-01
2.700914971559476574e-01
2.726275675517781938e-01
2.751754887438508379e-01
2.777352607321657563e-01
2.867130847628198698e-01
2.893556016730762792e-01
2.920102402205356773e-01
2.946770004051981195e-01
2.973558822270635504e-01
3.000468856861319700e-01
3.027500107824034337e-01
3.054652575158779415e-01
3.081926258865553825e-01
3.237911739885941942e-01
3.266565826079622648e-01
3.295346141727901745e-01
3.324252686830778125e-01
3.353285461388251787e-01
3.382444465400323841e-01
3.411729698866993177e-01
3.441141161788260350e-01
3.470678854164125360e-01
3.443847384097887265e-01
3.473156723537018653e-01
3.502590255092416505e-01
3.532147978764083041e-01
3.561829894552016595e-01
3.591636002456217169e-01
3.621566302476685317e-01
3.651620794613421594e-01
3.681799478866424891e-01
3.766086111492624733e-01
3.796955669783547149e-01
3.827951226271576468e-01
3.859072780956711579e-01
3.890320333838951927e-01
3.921693884918298068e-01
3.953193434194750555e-01
3.984818981668308280e-01
4.016570527338972352e-01
4.324902080803730842e-01
4.359091030059096261e-01
4.393414581476884906e-01
4.427872735057095666e-01
4.462465490799729095e-01
4.497192848704785195e-01
4.532054808772263965e-01
4.567051371002165960e-01
4.602182535394490071e-01
4.698522029416259960e-01
4.734388609793483416e-01
4.770391565001038114e-01
4.806530895038925721e-01
4.842806599907143461e-01
4.879218679605693554e-01
4.915767134134575445e-01
4.952451963493788578e-01
4.989273167683332955e-01
5.532030077044490790e-01
5.572856867280981952e-01
5.613833756010988552e-01
5.654960743234511700e-01
5.696237828951552506e-01
5.737665013162109862e-01
5.779242295866182655e-01
5.820969677063771996e-01
5.862847156754878997e-01
6.163919519591468665e-01
6.207947516159979529e-01
6.252132195990298680e-01
6.296473559082429450e-01
6.340971605436368508e-01
6.385626335052116964e-01
6.430437747929675929e-01
6.475405844069045402e-01
6.520530623470223164e-01
6.836324929985192478e-01
6.883635137113117697e-01
6.931108482886312316e-01
6.978744967304774116e-01
7.026544590368505316e-01
7.074507352077505917e-01
7.122633252431774808e-01
7.170922291431311990e-01
7.219374469076118572e-01
8.048859001212241848e-01
8.102878189139841592e-01
8.157078043247800725e-01
8.211458563536119248e-01
8.266019750004797162e-01
8.320761602653835576e-01
8.375684121483234490e-01
8.430787306492992794e-01
8.486071157683110489e-01
9.402284505768320200e-01
9.463537173558341786e-01
9.524988713646382887e-01
9.586639126032443503e-01
9.648488410716524744e-01
9.710536567698623278e-01
9.772783596978743548e-01
9.835229498556882222e-01
9.897874272433040410e-01
1.061662910454175490e+00
1.068382295963379081e+00
1.075122878272296356e+00
1.081884657380927317e+00
1.088667633289271741e+00
1.095471805997329628e+00
1.102297175505100979e+00
1.109143741812586237e+00
1.116011504919784736e+00
1.173838031199292864e+00
1.181061649852827022e+00
1.188307426845789161e+00
1.195575362178179502e+00
1.202865455849997600e+00
1.210177707861243679e+00
1.217512118211917960e+00
1.224868686902020221e+00
1.232247413931550462e+00
1.443396912381248676e+00
1.452040007664968657e+00
1.460708903233117750e+00
1.469403599085695733e+00
1.478124095222702827e+00
1.486870391644139033e+00
1.495642488350004129e+00
1.504440385340298336e+00
1.513264082615021433e+00
1.593489411817489154e+00
1.602780895268319794e+00
1.612099388845461112e+00
1.621444892548913108e+00
1.630817406378675560e+00
1.640216930334748691e+00
1.649643464417132277e+00
1.659097008625826541e+00
1.668577562960831484e+00
1.799418726865216867e+00
1.809642696904223635e+00
1.819895630031159728e+00
1.830177526246025144e+00
1.840488385548819661e+00
1.850828207939543502e+00
1.861196993418196222e+00
1.871594741984778265e+00
1.882021453639289632e+00
1.917836417861032317e+00
1.928461550369957589e+00
1.939116034073659289e+00
1.949799868972136752e+00
1.960513055065389976e+00
1.971255592353419628e+00
1.982027480836225264e+00
1.992828720513806884e+00
2.003659311386164266e+00
1.840161008797280395e+00
1.850107825061049427e+00
1.860081452150327275e+00
1.870081890065114161e+00
1.880109138805409641e+00
1.890163198371213715e+00
1.900244068762527050e+00
1.910351749979348979e+00
1.920486242021679724e+00
1.737573892427801470e+00
1.746743147796813389e+00
1.755936532785217663e+00
1.765154047393014292e+00
1.774395691620202831e+00
1.783661465466783502e+00
1.792951368932756306e+00
1.802265402018121243e+00
1.811603564722878312e+00
1.601678283278064496e+00
1.609934356903209185e+00
1.618211654368006958e+00
1.626510175672458480e+00
1.634829920816563087e+00
1.643170889800321000e+00
1.651533082623732440e+00
1.659916499286796965e+00
1.668321139789514795e+00
1.327506497974851429e+00
1.334194188140971571e+00
1.340898681548715166e+00
1.347619978198081991e+00
1.354358078089072492e+00
1.361112981221686447e+00
1.367884687595923410e+00
1.374673197211784270e+00
1.381478510069268362e+00
8.012203621657524311e-01
8.051672605015443018e-01
8.091238563762447322e-01
8.130901497898538333e-01
8.170661407423714939e-01
8.210518292337977142e-01
8.250472152641324941e-01
8.290522988333757226e-01
8.330670799415277328e-01
4.136987584522969219e-01
4.156924874086935784e-01
4.176910089827738370e-01
4.196943231745376979e-01
4.217024299839852719e-01
4.237153294111164481e-01
4.257330214559312820e-01
4.277555061184297736e-01
4.297827833986118673e-01
-1.302314972755793387e-01
-1.308457967910301722e-01
-1.314615417171056122e-01
-1.320787320538056586e-01
-1.326973678011302560e-01
-1.333174489590794598e-01
-1.339389755276532423e-01
-1.345619475068516591e-01
-1.351863648966746267e-01
-7.268914557853406455e-01
-7.302489220938179759e-01
-7.336141244997803623e-01
-7.369870630032275827e-01
-7.403677376041597480e-01
-7.437561483025769693e-01
-7.471522950984792466e-01
-7.505561779918663579e-01
-7.539677969827384141e-01
-1.361573595805363857e+00
-1.367734562302220791e+00
-1.373909436172659593e+00
-1.380098217416680706e+00
-1.386300906034283686e+00
-1.392517502025468756e+00
-1.398748005390235916e+00
-1.404992416128585164e+00
-1.411250734240516724e+00
-1.650251597755228783e+00
-1.657569786658799726e+00
-1.664904166245785522e+00
-1.672254736516186391e+00
-1.679621497470002112e+00
-1.687004449107232906e+00
-1.694403591427878553e+00
-1.701818924431939273e+00
-1.709250448119415067e+00
-2.096773247035163212e+00
-2.105889652457054950e+00
-2.115025833161857882e+00
-2.124181789149571564e+00
-2.133357520420195996e+00
-2.142553026973731622e+00
-2.151768308810177555e+00
-2.161003365929534681e+00
-2.170258198331802557e+00
-2.670111487569859055e+00
-2.681497890501926662e+00
-2.692908519823211666e+00
-2.704343375533713623e+00
-2.715802457633432976e+00
-2.727285766122369282e+00
-2.738793301000522540e+00
-2.750325062267893195e+00
-2.761881049924480802e+00
-2.769283421357815023e+00
-2.780870381279814119e+00
-2.792481531097266156e+00
-2.804116870810171580e+00
-2.815776400418529946e+00
-2.827460119922341697e+00
-2.839168029321605502e+00
-2.850900128616323137e+00
-2.862656417806493270e+00
-3.018668200461018358e+00
-3.031065195124102996e+00
-3.043487593464775820e+00
-3.055935395483036388e+00
-3.068408601178885586e+00
-3.080907210552322972e+00
-3.093431223603348545e+00
-3.105980640331962750e+00
-3.118555460738164697e+00
-3.358070610644102949e+00
-3.371611217945087446e+00
-3.385179069928769824e+00
-3.398774166595150081e+00
-3.412396507944229107e+00
-3.426046093976006013e+00
-3.439722924690480799e+00
-3.453427000087654353e+00
-3.467158320167525343e+00
-3.348942993971534943e+00
-3.362206134541719571e+00
-3.375495486852161164e+00
-3.388811050902859723e+00
-3.402152826693816134e+00
-3.415520814225029067e+00
-3.428915013496499853e+00
-3.442335424508228048e+00
-3.455782047260213652e+00
-3.541214267772238689e+00
-3.554993311615710638e+00
-3.568799110884120829e+00
-3.582631665577470148e+00
-3.596490975695758152e+00
-3.610377041238985285e+00
-3.624289862207150659e+00
-3.638229438600255161e+00
-3.652195770418298348e+00
-3.846212866743240699e+00
-3.860921137744170561e+00
-3.875657477964568276e+00
-3.890421887404433399e+00
-3.905214366063765929e+00
-3.920034913942565868e+00
-3.934883531040833216e+00
-3.949760217358567527e+00
-3.964664972895770134e+00
-4.064881208713337024e+00
-4.080162717016770912e+00
-4.095472896067491320e+00
-4.110811745865496469e+00
-4.126179266410788138e+00
-4.141575457703365437e+00
-4.157000319743229255e+00
-4.172453852530378704e+00
-4.187936056064814672e+00
-4.276161025041113284e+00
-4.291969383728880594e+00
-4.307806909130094120e+00
-4.323673601244753861e+00
-4.339569460072859819e+00
-4.355494485614411104e+00
-4.371448677869409494e+00
-4.387432036837853211e+00
-4.403444562519743144e+00
-4.432585633260882396e+00
-4.448704126472740050e+00
-4.464851872848321968e+00
-4.481028872387627260e+00
-4.497235125090656815e+00
-4.513470630957409746e+00
-4.529735389987887828e+00
-4.546029402182088397e+00
-4.562352667540013229e+00
-4.425474783579364413e+00
-4.441308324844406741e+00
-4.457170140290279470e+00
-4.473060229916982600e+00
-4.488978593724517019e+00
-4.504925231712880951e+00
-4.520900143882075284e+00
-4.536903330232100906e+00
-4.552934790762956041e+00
-4.660038994845258742e+00
-4.676447582855278284e+00
-4.692885008454066309e+00
-4.709351271641624592e+00
-4.725846372417951358e+00
-4.742370310783049270e+00
-4.758923086736917440e+00
-4.775504700279554982e+00
-4.792115151410961893e+00
-4.635494206970994568e+00
-4.651561777879038573e+00
-4.667657147352668900e+00
-4.683780315391883775e+00
-4.699931281996684085e+00
-4.716110047167068053e+00
-4.732316610903037457e+00
-4.748550973204591408e+00
-4.764813134071730794e+00
-4.079897607999393827e+00
-4.093822173214408444e+00
-4.107770460005599311e+00
-4.121742468372965540e+00
-4.135738198316507130e+00
-4.149757649836224083e+00
-4.163800822932116397e+00
-4.177867717604184072e+00
-4.191958333852427110e+00
-4.088307380153080040e+00
-4.102049589834267707e+00
-4.115814856914248310e+00
-4.129603181393023625e+00
-4.143414563270591877e+00
-4.157249002546953953e+00
-4.171106499222110742e+00
-4.184987053296061355e+00
-4.198890664768805792e+00
-2.939527621690041226e+00
-2.949261156861200384e+00
-2.959010780520245465e+00
-2.968776492667176914e+00
-2.978558293301994730e+00
-2.988356182424698915e+00
-2.998170160035289022e+00
-3.008000226133765498e+00
-3.017846380720127897e+00
-2.512439624057302368e+00
-2.520636816957978699e+00
-2.528847360335691796e+00
-2.537071254190442104e+00
-2.545308498522229623e+00
-2.553559093331053464e+00
-2.561823038616914516e+00
-2.570100334379812335e+00
-2.578390980619747364e+00
-9.788005838284273841e-01
-9.819478525867181284e-01
-9.851001731407685869e-01
-9.882575454905787593e-01
-9.914199696361485348e-01
-9.945874455774781353e-01
-9.977599733145674499e-01
-1.000937552847416256e+00
-1.004120184176024999e+00
-5.186068866733375970e-02
-5.202506485962325039e-02
-5.218970114082458617e-02
-5.235459751093777397e-02
-5.251975396996281381e-02
-5.268517051789970568e-02
-5.285084715474844957e-02
-5.301678388050903856e-02
-5.318298069518147958e-02
1.452353742665661418e+00
1.456892348111491708e+00
1.461438034065037694e+00
1.465990800526299376e+00
1.470550647495276975e+00
1.475117574971970491e+00
1.479691582956379481e+00
1.484272671448504610e+00
1.488860840448345435e+00
2.817208692445420493e+00
2.825890383331230993e+00
2.834585430664557926e+00
2.843293834445401291e+00
2.852015594673761534e+00
2.860750711349638209e+00
2.869499184473031761e+00
2.878261014043941746e+00
2.887036200062368163e+00
4.208543662238478866e+00
4.221335588263519512e+00
4.234146925405442907e+00
4.246977673664247277e+00
4.259827833039932621e+00
4.272697403532500715e+00
4.285586385141949783e+00
4.298494777868281602e+00
4.311422581711494395e+00
5.533474895322085807e+00
5.550067023943741518e+00
5.566683991081297300e+00
5.583325796734754043e+00
5.599992440904110858e+00
5.616683923589369520e+00
5.633400244790528255e+00
5.650141404507587950e+00
5.666907402740548605e+00
6.346664770706004433e+00
6.365441885412234768e+00
6.384246735886126345e+00
6.403079322127678275e+00
6.421939644136890557e+00
6.440827701913764081e+00
6.459743495458297957e+00
6.478687024770492187e+00
6.497658289850346769e+00
6.834121688893666224e+00
6.854075328861238603e+00
6.874058055767539699e+00
6.894069869612568624e+00
6.914110770396327155e+00
6.934180758118811738e+00
6.954279832780026815e+00
6.974407994379968834e+00
6.994565242918638681e+00
6.673156587509015303e+00
6.692387586320280413e+00
6.711646255633431757e+00
6.730932595448470224e+00
6.750246605765396701e+00
6.769588286584208525e+00
6.788957637904906584e+00
6.808354659727491764e+00
6.827779352051964068e+00
6.225054104665137089e+00
6.242764073668452873e+00
6.260499198877737648e+00
6.278259480292993189e+00
6.296044917914220385e+00
6.313855511741417459e+00
6.331691261774585300e+00
6.349552168013723907e+00
6.367438230458833281e+00
4.918750783451073971e+00
4.932567499134925093e+00
4.946403593101643459e+00
4.960259065351228180e+00
4.974133915883678370e+00
4.988028144698995803e+00
5.001941751797180480e+00
5.015874737178231513e+00
5.029827100842148013e+00
3.483854906500317483e+00
3.493518859084229433e+00
3.503196196644019711e+00
3.512886919179687872e+00
3.522591026691234362e+00
3.532308519178657846e+00
3.542039396641960103e+00
3.551783659081140243e+00
3.561541306496198267e+00
2.317862765894173727e+00
2.324213074841829041e+00
2.330572070942627416e+00
2.336939754196568853e+00
2.343316124603653794e+00
2.349701182163881796e+00
2.356094926877252860e+00
2.362497358743767428e+00
2.368908477763424614e+00
4.058590338373233020e-01
4.069574344701712976e-01
4.080573194281987837e-01
4.091586887114058158e-01
4.102615423197923383e-01
4.113658802533584069e-01
4.124717025121040215e-01
4.135790090960291265e-01
4.146878000051337221e-01
-2.178815913134824367e+00
-2.184641624132511062e+00
-2.190475113115508243e+00
-2.196316380083815911e+00
-2.202165425037434954e+00
-2.208022247976364039e+00
-2.213886848900604498e+00
-2.219759227810155000e+00
-2.225639384705016433e+00
-3.788716717260203204e+00
-3.798726536856663394e+00
-3.808749562019873913e+00
-3.818785792749833430e+00
-3.828835229046543720e+00
-3.838897870910003896e+00
-3.848973718340213956e+00
-3.859062771337173459e+00
-3.869165029900883734e+00
-5.879174043932237304e+00
-5.894524367806734055e+00
-5.909894705141301330e+00
-5.925285055935940903e+00
-5.940695420190650111e+00
-5.956125797905430730e+00
-5.971576189080283648e+00
-5.987046593715205312e+00
-6.002537011810200163e+00
-7.799458074823743203e+00
-7.819585708565224280e+00
-7.839739279979051290e+00
-7.859918789065226896e+00
-7.880124235823749324e+00
-7.900355620254619460e+00
-7.920612942357836417e+00
-7.940896202133400195e+00
-7.961205399581311681e+00
-9.759056894329848575e+00
-9.783952447631708793e+00
-9.808879715014210632e+00
-9.833838696477352315e+00
-9.858829392021130289e+00
-9.883851801645549884e+00
-9.908905925350607546e+00
-9.933991763136306830e+00
-9.959109315002644180e+00
-1.140601819974280140e+01
-1.143478495434492537e+01
-1.146358793911657692e+01
-1.149242715405774895e+01
-1.152130259916844857e+01
-1.155021427444866866e+01
-1.157916217989841634e+01
-1.160814631551768628e+01
-1.163716668130648024e+01
-1.318925818440767372e+01
-1.322214910257327780e+01
-1.325508098078641162e+01
-1.328805381904707517e+01
-1.332106761735526668e+01
-1.335412237571098615e+01
-1.338721809411423536e+01
-1.342035477256501252e+01
-1.345353241106331943e+01
-1.496037336363483483e+01
-1.499726700941445401e+01
-1.503420609071842939e+01
-1.507119060754676454e+01
-1.510822055989946122e+01
-1.514529594777651234e+01
-1.518241677117792499e+01
-1.521958303010369917e+01
-1.525679472455382957e+01
-1.635573699506307932e+01
-1.639562903651445325e+01
-1.643556966754128368e+01
-1.647555888814357417e+01
-1.651559669832132116e+01
-1.655568309807453176e+01
-1.659581808740319531e+01
-1.663600166630731891e+01
-1.667623383478690258e+01
-1.820329995341889173e+01
-1.824721623798685499e+01
-1.829118543374103822e+01
-1.833520754068144853e+01
-1.837928255880808948e+01
-1.842341048812095039e+01
-1.846759132862004193e+01
-1.851182508030536056e+01
-1.855611174317690271e+01
-1.941205072979919066e+01
-1.945838020648129074e+01
-1.950476490304024679e+01
-1.955120481947605526e+01
-1.959769995578871971e+01
-1.964425031197824367e+01
-1.969085588804462006e+01
-1.973751668398785597e+01
-1.978423269980794430e+01
-2.138477302847568140e+01
-2.143526836030206795e+01
-2.148582323851032783e+01
-2.153643766310046104e+01
-2.158711163407246048e+01
-2.163784515142633325e+01
-2.168863821516207224e+01
-2.173949082527968812e+01
-2.179040298177917379e+01
-2.096981948814037366e+01
-2.101881439348649749e+01
-2.106786646908389571e+01
-2.111697571493257541e+01
-2.116614213103253661e+01
-2.121536571738377575e+01
-2.126464647398629282e+01
-2.131398440084009138e+01
-2.136337949794516433e+01
-2.339261232620530961e+01
-2.344669929112139073e+01
-2.350084871211705462e+01
-2.355506058919229417e+01
-2.360933492234711650e+01
-2.366367171158151805e+01
-2.371807095689549882e+01
-2.377253265828905882e+01
-2.382705681576219803e+01
-2.194252426754767527e+01
-2.199273599356036968e+01
-2.204300510440279481e+01
-2.209333160007494712e+01
-2.214371548057682659e+01
-2.219415674590844034e+01
-2.224465539606977771e+01
-2.229521143106084580e+01
-2.234582485088164105e+01
-2.111187863393475084e+01
-2.115969715858692268e+01
-2.120756977659277709e+01
-2.125549648795230695e+01
-2.130347729266551937e+01
-2.135151219073241080e+01
-2.139960118215297769e+01
-2.144774426692722358e+01
-2.149594144505515203e+01
-1.831738720839142687e+01
-1.835845758329813293e+01
-1.839957394966610593e+01
-1.844073630749533521e+01
-1.848194465678582787e+01
-1.852319899753758037e+01
-1.856449932975059625e+01
-1.860584565342487551e+01
-1.864723796856041460e+01
-1.515202305440603503e+01
-1.518565684586975451e+01
-1.521932792535062084e+01
-1.525303629284862694e+01
-1.528678194836377990e+01
-1.532056489189607618e+01
-1.535438512344551398e+01
-1.538824264301209865e+01
-1.542213745059582486e+01
-1.033253070145933172e+01
-1.035523956014385760e+01
-1.037797334622540291e+01
-1.040073205970396764e+01
-1.042351570057955179e+01
-1.044632426885215359e+01
-1.046915776452177482e+01
-1.049201618758841725e+01
-1.051489953805207911e+01
-2.936701477992914810e+00
-2.943092558467328423e+00
-2.949490585768344442e+00
-2.955895559895962865e+00
-2.962307480850184138e+00
-2.968726348631007816e+00
-2.975152163238434344e+00
-2.981584924672463277e+00
-2.988024632933095059e+00
5.936483648425159743e+00
5.949277794219179682e+00
5.962085711967767487e+00
5.974907401670924045e+00
5.987742863328649356e+00
6.000592096940942533e+00
6.013455102507804462e+00
6.026331880029234256e+00
6.039222429505231915e+00
1.814340820281022104e+01
1.818213479449178038e+01
1.822090267251841311e+01
1.825971183689012634e+01
1.829856228760691295e+01
1.833745402466877650e+01
1.837638704807571699e+01
1.841536135782773442e+01
1.845437695392482524e+01
3.423265599874434884e+01
3.430502947865713281e+01
3.437747938251913382e+01
3.445000571033035186e+01
3.452260846209079403e+01
3.459528763780046035e+01
3.466804323745934369e+01
3.474087526106745116e+01
3.481378370862478278e+01
4.879457555976152605e+01
4.889676315255683647e+01
4.899905763613959664e+01
4.910145901050979234e+01
4.920396727566743067e+01
4.930658243161251164e+01
4.940930447834504236e+01
4.951213341586500860e+01
4.961506924417242459e+01
6.560896774753220484e+01
6.574508593787977873e+01
6.588134518334688039e+01
6.601774548393352404e+01
6.615428683963969547e+01
6.629096925046539468e+01
6.642779271641063588e+01
6.656475723747540485e+01
6.670186281365968739e+01
8.231918989951300603e+01
8.248839686744622668e+01
8.265777755916583658e+01
8.282733197467180730e+01
8.299706011396416727e+01
8.316696197704290228e+01
8.333703756390802653e+01
8.350728687455952581e+01
8.367770990899740013e+01
9.701501278751230473e+01
9.721259937160091624e+01
9.741038695933561087e+01
9.760837555071637439e+01
9.780656514574320681e+01
9.800495574441612234e+01
9.820354734673510677e+01
9.840233995270014589e+01
9.860133356231128232e+01
1.068714619278079141e+02
1.070871460083887570e+02
1.073030475124379279e+02
1.075191664399554128e+02
1.077355027909412541e+02
1.079520565653953952e+02
1.081688277633178785e+02
1.083858163847086900e+02
1.086030224295678153e+02
1.139834775484202396e+02
1.142114445035170860e+02
1.144396391978298198e+02
1.146680616313584125e+02
1.148967118041029067e+02
1.151255897160632600e+02
1.153546953672395148e+02
1.155840287576316427e+02
1.158135898872396439e+02
1.102562582637985997e+02
1.104748038698715504e+02
1.106935658577326933e+02
1.109125442273819999e+02
1.111317389788195271e+02
1.113511501120452181e+02
1.115707776270591154e+02
1.117906215238612049e+02
1.120106818024514865e+02
1.021008648725515400e+02
1.023014559626744386e+02
1.025022439037199149e+02
1.027032286956879972e+02
1.029044103385786713e+02
1.031057888323919371e+02
1.033073641771277948e+02
1.035091363727862586e+02
1.037111054193672999e+02
9.121455171557218478e+01
9.139218472767650780e+01
9.156999053453968429e+01
9.174796913616172844e+01
9.192612053254262605e+01
9.210444472368237712e+01
9.228294170958099585e+01
9.246161149023843961e+01
9.264045406565476526e+01
7.338476961754903982e+01
7.352643905696515958e+01
7.366824511107695628e+01
7.381018777988441570e+01
7.395226706338756628e+01
7.409448296158637959e+01
7.423683547448088405e+01
7.437932460207106544e+01
7.452195034435690957e+01
5.305820839922038346e+01
5.315975520955382194e+01
5.326139910096787844e+01
5.336314007346256716e+01
5.346497812703787389e+01
5.356691326169381284e+01
5.366894547743036981e+01
5.377107477424755899e+01
5.387330115214535908e+01
3.227737860063763975e+01
3.233862599836181317e+01
3.239993145049140821e+01
3.246129495702643197e+01
3.252271651796687735e+01
3.258419613331275144e+01
3.264573380306404715e+01
3.270732952722077158e+01
3.276898330578292473e+01
1.069838087645608660e+01
1.071850953285581554e+01
1.073865710716569488e+01
1.075882359938572463e+01
1.077900900951590302e+01
1.079921333755623181e+01
1.081943658350671278e+01
1.083967874736734238e+01
1.085993982913812239e+01
-1.100104566243604864e+01
-1.102157000135850318e+01
-1.104211346827622542e+01
-1.106267606318921715e+01
-1.108325778609747658e+01
-1.110385863700100195e+01
-1.112447861589979681e+01
-1.114511772279386115e+01
-1.116577595768319142e+01
-3.401503343433802939e+01
-3.407796596613143691e+01
-3.414095666107807858e+01
-3.420400551917794019e+01
-3.426711254043104304e+01
-3.433027772483736584e+01
-3.439350107239691567e+01
-3.445678258310969966e+01
-3.452012225697571068e+01
-5.685480793262431121e+01
-5.695912868112454674e+01
-5.706354504900928504e+01
-5.716805703627852608e+01
-5.727266464293228410e+01
-5.737736786897055907e+01
-5.748216671439332970e+01
-5.758706117920061729e+01
-5.769205126339241474e+01
-7.082142779467366722e+01
-7.095031119375406092e+01
-7.107931175956088055e+01
-7.120842949209414030e+01
-7.133766439135384019e+01
-7.146701645733996600e+01
-7.159648569005254615e+01
-7.172607208949155222e+01
-7.185577565565699842e+01
-9.025388192452842873e+01
-9.041679506879653161e+01
-9.057985511400626422e+01
-9.074306206015762655e+01
-9.090641590725060439e+01
-9.106991665528524038e+01
-9.123356430426149188e+01
-9.139735885417937311e+01
-9.156130030503888406e+01
-1.055615644288189969e+02
-1.057505734967309223e+02
-1.059397516246320663e+02
-1.061290988125223720e+02
-1.063186150604018820e+02
-1.065083003682705680e+02
-1.066981547361284584e+02
-1.068881781639755246e+02
-1.070783706518117810e+02
-1.200247152298311590e+02
-1.202379030011097143e+02
-1.204512799363379543e+02
-1.206648460355158647e+02
-1.208786012986434457e+02
-1.210925457257206830e+02
-1.213066793167476050e+02
-1.215210020717241832e+02
-1.217355139906504320e+02
-1.311545160587442638e+02
-1.313856253381429156e+02
-1.316169380588086710e+02
-1.318484542207415018e+02
-1.320801738239414078e+02
-1.323120968684083607e+02
-1.325442233541424173e+02
-1.327765532811435492e+02
-1.330090866494117279e+02
-1.369281798689398499e+02
-1.371675647987806315e+02
-1.374071587984291511e+02
-1.376469618678854090e+02
-1.378869740071493766e+02
-1.381271952162210823e+02
-1.383676254951004694e+02
-1.386082648437876230e+02
-1.388491132622824580e+02
-1.443600821426093717e+02
-1.446104899173580804e+02
-1.448611146832460292e+02
-1.451119564402733033e+02
-1.453630151884398458e+02
-1.456142909277457136e+02
-1.458657836581908782e+02
-1.461174933797753397e+02
-1.463694200924990980e+02
-1.400006812405308096e+02
-1.402416462684835494e+02
-1.404828184890656075e+02
-1.407241979022770693e+02
-1.409657845081179062e+02
-1.412075783065880898e+02
-1.414495792976876203e+02
-1.416917874814165543e+02
-1.419342028577748351e+02
-1.429254488085119590e+02
-1.431695571753924412e+02
-1.434138738258623960e+02
-1.436583987599218233e+02
-1.439031319775707516e+02
-1.441480734788091809e+02
-1.443932232636370827e+02
-1.446385813320544855e+02
-1.448841476840613609e+02
-1.347178894389931259e+02
-1.349462248448219270e+02
-1.351747535913838476e+02
-1.354034756786789160e+02
-1.356323911067071037e+02
-1.358614998754684393e+02
-1.360908019849628943e+02
-1.363202974351904970e+02
-1.365499862261512192e+02
-1.227025699173480575e+02
-1.229089661661577253e+02
-1.231155358571932794e+02
-1.233222789904547341e+02
-1.235291955659420751e+02
-1.237362855836553024e+02
-1.239435490435944303e+02
-1.241509859457594445e+02
-1.243585962901503450e+02
-1.005276921849146419e+02
-1.006955180483285091e+02
-1.008634838832715133e+02
-1.010315896897436261e+02
-1.011998354677448617e+02
-1.013682212172752344e+02
-1.015367469383347157e+02
-1.017054126309233055e+02
-1.018742182950410182e+02
-7.995547822878293687e+01
-8.008796452245117337e+01
-8.022056049020358159e+01
-8.035326613204014734e+01
-8.048608144796087061e+01
-8.061900643796575139e+01
-8.075204110205481811e+01
-8.088518544022802814e+01
-8.101843945248540990e+01
-5.274396666380348364e+01
-5.283071660897421395e+01
-5.291753783594048599e+01
-5.300443034470229264e+01
-5.309139413525963391e+01
-5.317842920761251690e+01
-5.326553556176094162e+01
-5.335271319770490095e+01
-5.343996211544440200e+01
-1.788718806195997502e+01
-1.791639163430603432e+01
-1.794561902685791921e+01
-1.797487023961563324e+01
-1.800414527257917641e+01
-1.803344412574854871e+01
-1.806276679912375016e+01
-1.809211329270478075e+01
-1.812148360649163692e+01
3.163959089425943105e+01
3.169087062018205359e+01
3.174219186814996263e+01
3.179355463816315108e+01
3.184495893022161894e+01
3.189640474432536976e+01
3.194789208047439999e+01
3.199942093866871673e+01
3.205099131890830932e+01
7.916914751301527531e+01
7.929653149935963086e+01
7.942401788440683674e+01
7.955160666815687875e+01
7.967929785060978531e+01
7.980709143176552800e+01
7.993498741162413523e+01
8.006298579018557859e+01
8.019108656744987229e+01
1.262698639454580274e+02
1.264715729932942310e+02
1.266734430220145811e+02
1.268754740316190492e+02
1.270776660221076924e+02
1.272800189934804820e+02
1.274825329457374181e+02
1.276852078788784723e+02
1.278880437929037015e+02
1.770028565351660177e+02
1.772835906454517669e+02
1.775645472074889142e+02
1.778457262212775163e+02
1.781271276868174880e+02
1.784087516041089145e+02
1.786905979731517391e+02
1.789726667939459901e+02
1.792549580664916391e+02
2.323538464177112530e+02
2.327197579868729633e+02
2.330859574486933923e+02
2.334524448031724830e+02
2.338192200503102356e+02
2.341862831901066215e+02
2.345536342225616977e+02
2.349212731476754072e+02
2.352891999654478070e+02
2.688888586037455752e+02
2.693093259354168367e+02
2.697301217571908865e+02
2.701512460690678950e+02
2.705726988710476917e+02
2.709944801631303903e+02
2.714165899453159341e+02
2.718390282176043797e+02
2.722617949799956705e+02
3.018151065876727444e+02
3.022837635854797327e+02
3.027527841651313452e+02
3.032221683266276386e+02
3.036919160699687268e+02
3.041620273951543822e+02
3.046325023021848324e+02
3.051033407910599067e+02
3.055745428617796620e+02
3.089920465131970673e+02
3.094685184430555296e+02
3.099453574545240144e+02
3.104225635476026355e+02
3.109001367222912222e+02
3.113780769785898883e+02
3.118563843164986338e+02
3.123350587360174586e+02
3.128141002371463060e+02
3.133070846142953769e+02
3.137868810685286007e+02
3.142670446202784547e+02
3.147475752695449387e+02
3.152284730163280528e+02
3.157097378606277971e+02
3.161913698024441146e+02
3.166733688417771191e+02
3.171557349786267537e+02
2.955596555005564028e+02
2.960091758891504696e+02
2.964590378585868393e+02
2.969092414088656255e+02
2.973597865399868283e+02
2.978106732519503907e+02
2.982619015447564266e+02
2.987134714184047652e+02
2.991653828728955204e+02
2.611398910524223425e+02
2.615343621869426443e+02
2.619291310355267228e+02
2.623241975981745213e+02
2.627195618748862103e+02
2.631152238656616191e+02
2.635111835705008048e+02
2.639074409894038240e+02
2.643039961223706200e+02
2.167692172372604773e+02
2.170944523719000188e+02
2.174199313109883178e+02
2.177456540545253745e+02
2.180716206025111887e+02
2.183978309549457606e+02
2.187242851118290901e+02
2.190509830731611771e+02
2.193779248389420218e+02
1.626594813017579213e+02
1.629018948357396823e+02
1.631444888712359500e+02
1.633872634082467243e+02
1.636302184467719769e+02
1.638733539868117646e+02
1.641166700283660589e+02
1.643601665714348314e+02
1.646038436160181391e+02
1.009651321074721722e+02
1.011145993644780390e+02
1.012641771741888022e+02
1.014138655366044759e+02
1.015636644517250033e+02
1.017135739195504271e+02
1.018635939400807473e+02
1.020137245133159354e+02
1.021639656392560198e+02
2.799256527215352364e+01
2.803373080931845251e+01
2.807492659302061000e+01
2.811615262325999254e+01
2.815740890003660368e+01
2.819869542335043988e+01
2.824001219320150469e+01
2.828135920958979099e+01
2.832273647251530591e+01
-3.572491505738786799e+01
-3.577710631386323570e+01
-3.582933566614624965e+01
-3.588160311423690274e+01
-3.593390865813520918e+01
-3.598625229784116186e+01
-3.603863403335475368e+01
-3.609105386467599885e+01
-3.614351179180489027e+01
-1.093774822554795065e+02
-1.095362304155019757e+02
-1.096950936938420824e+02
-1.098540720904998125e+02
-1.100131656054751943e+02
-1.101723742387682137e+02
-1.103316979903788706e+02
-1.104911368603071651e+02
-1.106506908485530971e+02
-1.734489222244285997e+02
-1.736990288173982435e+02
-1.739493156024377072e+02
-1.741997825795470476e+02
-1.744504297487262363e+02
-1.747012571099753018e+02
-1.749522646632942440e+02
-1.752034524086830345e+02
-1.754548203461417017e+02
-2.289786219668706906e+02
-2.293066715685424413e+02
-2.296349559945532235e+02
-2.299634752449030941e+02
-2.302922293195920247e+02
-2.306212182186200153e+02
-2.309504419419870658e+02
-2.312799004896931763e+02
-2.316095938617383467e+02
-2.839592086298036406e+02
-2.843634210264297053e+02
-2.847679209140918033e+02
-2.851727082927898778e+02
-2.855777831625239287e+02
-2.859831455232940129e+02
-2.863887953751001305e+02
-2.867947327179422246e+02
-2.872009575518202951e+02
-3.354519744622478470e+02
-3.359264468447969989e+02
-3.364012545435175525e+02
-3.368763975584095078e+02
-3.373518758894729217e+02
-3.378276895367077373e+02
-3.383038385001139545e+02
-3.387803227796915735e+02
-3.392571423754405942e+02
-3.803953274130525415e+02
-3.809299659617707903e+02
-3.814649799589081454e+02
-3.820003694044644931e+02
-3.825361342984398902e+02
-3.830722746408343369e+02
-3.836087904316478898e+02
-3.841456816708803785e+02
-3.846829483585319736e+02
-4.119968059075525275e+02
-4.125722204409429423e+02
-4.131480365197161291e+02
-4.137242541438719172e+02
-4.143008733134104205e+02
-4.148778940283315819e+02
-4.154553162886354585e+02
-4.160331400943219933e+02
-4.166113654453912432e+02
-4.433800184780167228e+02
-4.439953967132395292e+02
-4.446112017017460971e+02
-4.452274334435364267e+02
-4.458440919386106316e+02
-4.464611771869684844e+02
-4.470786891886102126e+02
-4.476966279435357592e+02
-4.483149934517450674e+02
-4.541646972165993361e+02
-4.547911312817256544e+02
-4.554179970726033275e+02
-4.560452945892322418e+02
-4.566730238316124542e+02
-4.573011847997439645e+02
-4.579297774936268297e+02
-4.585588019132608792e+02
-4.591882580586462836e+02
-4.789966442413191317e+02
-4.796532537604984441e+02
-4.803103130122251514e+02
-4.809678219964992536e+02
-4.816257807133207507e+02
-4.822841891626895858e+02
-4.829430473446058159e+02
-4.836023552590694408e+02
-4.842621129060804606e+02
-4.654255814435490493e+02
-4.660596762411560690e+02
-4.666942026894081437e+02
-4.673291607883052734e+02
-4.679645505378475150e+02
-4.686003719380348116e+02
-4.692366249888671064e+02
-4.698733096903445698e+02
-4.705104260424670883e+02
-4.566217412391187622e+02
-4.572400509767479093e+02
-4.578587790565540558e+02
-4.584779254785372018e+02
-4.590974902426974040e+02
-4.597174733490346057e+02
-4.603378747975488068e+02
-4.609586945882400641e+02
-4.615799327211082641e+02
-4.282453996222217825e+02
-4.288217729729919370e+02
-4.293985339319334003e+02
-4.299756824990461723e+02
-4.305532186743303669e+02
-4.311311424577858133e+02
-4.317094538494126823e+02
-4.322881528492108032e+02
-4.328672394571802897e+02
-3.843868111447839624e+02
-3.849010409924692908e+02
-3.854156145766838222e+02
-3.859305318974275565e+02
-3.864457929547004369e+02
-3.869613977485025771e+02
-3.874773462788339202e+02
-3.879936385456945231e+02
-3.885102745490842153e+02
-2.947278519716850838e+02
-2.951197773067538037e+02
-2.955119630573275344e+02
-2.959044092234063328e+02
-2.962971158049901419e+02
-2.966900828020790186e+02
-2.970833102146728493e+02
-2.974767980427718044e+02
-2.978705462863757134e+02
-2.982645549454846901e+02
-2.986588240200986775e+02
-2.990533535102176756e+02
-2.994481434158417414e+02
-2.998431937369708180e+02
-3.002385044736049053e+02
-3.006340756257440603e+02
-3.010299071933882260e+02
-1.336588357842220489e+02
-1.338345870475806407e+02
-1.340104537848310713e+02
-1.341864359959733406e+02
-1.343625336810074202e+02
-1.345387468399333386e+02
-1.347150754727510673e+02
-1.348915195794606348e+02
-1.350680791600620125e+02
-1.352447542145552291e+02
-1.354215447429402843e+02
-1.355984507452171499e+02
-1.357754722213858258e+02
-1.359526091714463405e+02
-1.361298615953986939e+02
-1.363072294932428576e+02
-1.364847128649788317e+02
8.753228217424734225e+01
8.764610828890825189e+01
8.776000836465732391e+01
8.787398240149454409e+01
8.798803039941991244e+01
8.810215235843342896e+01
8.821634827853507943e+01
8.833061815972489228e+01
8.844496200200286751e+01
8.855937980536897669e+01
8.867387156982323404e+01
8.878843729536563956e+01
8.890307698199619324e+01
8.901779062971489509e+01
8.913257823852174511e+01
8.924743980841674329e+01
8.936237533939990385e+01
3.525774399761026530e+02
3.530309157831458720e+02
3.534846830270830083e+02
3.539387417079142324e+02
3.543930918256394307e+02
3.548477333802586031e+02
3.553026663717717497e+02
3.557578908001788704e+02
3.562134066654800222e+02
3.566692139676750912e+02
3.571253127067642481e+02
3.575817028827473223e+02
3.580383844956243706e+02
3.584953575453953931e+02
3.589526220320604466e+02
3.594101779556195311e+02
3.598680253160725329e+02
6.254182876208001289e+02
6.262139851877476531e+02
6.270101886018452433e+02
6.278068978630928996e+02
6.286041129714903946e+02
6.294018339270379556e+02
6.302000607297355828e+02
6.309987933795831623e+02
6.317980318765806942e+02
6.325977762207282922e+02
6.333980264120258425e+02
6.341987824504734590e+02
6.350000443360710278e+02
6.358018120688185491e+02
6.366040856487161363e+02
6.374068650757636760e+02
6.382101503499612818e+02
8.429319242958448513e+02
8.439928832943292036e+02
8.450545095626239345e+02
8.461168031007290438e+02
8.471797639086445315e+02
8.482433919863703977e+02
8.493076873339066424e+02
8.503726499512532655e+02
8.514382798384101534e+02
8.525045769953774197e+02
8.535715414221551782e+02
8.546391731187432015e+02
8.557074720851416032e+02
8.567764383213504971e+02
8.578460718273696557e+02
8.589163726031990791e+02
8.599873406488389946e+02
9.675429099677145359e+02
9.687478201918338527e+02
9.699534802045180868e+02
9.711598900057674655e+02
9.723670495955819888e+02
9.735749589739616567e+02
9.747836181409063556e+02
9.759930270964161991e+02
9.772031858404910736e+02
9.784140943731309790e+02
9.796257526943361427e+02
9.808381608041063373e+02
9.820513187024417903e+02
9.832652263893420468e+02
9.844798838648076753e+02
9.856952911288383348e+02
9.869114481814340252e+02
9.507845865365671898e+02
9.519562249672961798e+02
9.531285848502608360e+02
9.543016661854611584e+02
9.554754689728971471e+02
9.566499932125688019e+02
9.578252389044761230e+02
9.590012060486191103e+02
9.601778946449978775e+02
9.613553046936121973e+02
9.625334361944621833e+02
9.637122891475478355e+02
9.648918635528691539e+02
9.660721594104262522e+02
9.672531767202190167e+02
9.684349154822473338e+02
9.696173756965113171e+02
7.993956157985066966e+02
8.003704885006999348e+02
8.013459552752285617e+02
8.023220161220923501e+02
8.032986710412916409e+02
8.042759200328259794e+02
8.052537630966957067e+02
8.062322002329007091e+02
8.072112314414408729e+02
8.081908567223164255e+02
8.091710760755272531e+02
8.101518895010733559e+02
8.111332969989547337e+02
8.121152985691712729e+02
8.130978942117233146e+02
8.140810839266105177e+02
8.150648677138329958e+02
5.842519549795799776e+02
5.849571474418364687e+02
5.856627652312718055e+02
5.863688083478857607e+02
5.870752767916783341e+02
5.877821705626496396e+02
5.884894896607996770e+02
5.891972340861284465e+02
5.899054038386357206e+02
5.906139989183217267e+02
5.913230193251865785e+02
5.920324650592299349e+02
5.927423361204520234e+02
5.934526325088528438e+02
5.941633542244322825e+02
5.948745012671904533e+02
5.955860736371272424e+02
3.044809901286886884e+02
3.048447666999296075e+02
3.052087604512131520e+02
3.055729713825391514e+02
3.059373994939077193e+02
3.063020447853187989e+02
3.066669072567724470e+02
3.070319869082686068e+02
3.073972837398072784e+02
3.077627977513885185e+02
3.081285289430122702e+02
3.084944773146785337e+02
3.088606428663873658e+02
3.092270255981387095e+02
3.095936255099325649e+02
3.099604426017690457e+02
3.103274768736479814e+02
3.354091502069289277e+01
3.358058493792611898e+01
3.362027830073690637e+01
3.365999510912525494e+01
3.369973536309116469e+01
3.373949906263463561e+01
3.377928620775566770e+01
3.381909679845426098e+01
3.385893083473040832e+01
3.389878831658412395e+01
3.393866924401540075e+01
3.397857361702423873e+01
3.401850143561063788e+01
3.405845269977459822e+01
3.409842740951611262e+01
3.413842556483519530e+01
3.417844716573183206e+01
-2.127447159815652924e+02
-2.129938315740495796e+02
-2.132430929334106793e+02
-2.134925000596485631e+02
-2.137420529527632880e+02
-2.139917516127548538e+02
-2.142415960396232038e+02
-2.144915862333683947e+02
-2.147417221939903982e+02
-2.149920039214892142e+02
-2.152424314158648713e+02
-2.154930046771173124e+02
-2.157437237052466230e+02
-2.159945885002526893e+02
-2.162455990621356250e+02
-2.164967553908953732e+02
-2.167480574865319340e+02
-4.066470061183982239e+02
-4.071184809081007074e+02
-4.075902288581680182e+02
-4.080622499686002129e+02
-4.085345442393972348e+02
-4.090071116705590271e+02
-4.094799522620857033e+02
-4.099530660139771499e+02
-4.104264529262335373e+02
-4.109001129988546381e+02
-4.113740462318406799e+02
-4.118482526251914351e+02
-4.123227321789071311e+02
-4.127974848929875975e+02
-4.132725107674329479e+02
-4.137478098022430686e+02
-4.142233819974180733e+02
-5.387942973969554714e+02
-5.394128901609013838e+02
-5.400318378260316194e+02
-5.406511403923458374e+02
-5.412707978598441514e+02
-5.418908102285266750e+02
-5.425111774983934083e+02
-5.431318996694442376e+02
-5.437529767416791628e+02
-5.443744087150981841e+02
-5.449961955897014150e+02
-5.456183373654887419e+02
-5.462408340424601647e+02
-5.468636856206157972e+02
-5.474868920999555257e+02
-5.481104534804793502e+02
-5.487343697621873844e+02
-5.950743795979068409e+02
-5.957509849186549218e+02
-5.964279746742442967e+02
-5.971053488646750793e+02
-5.977831074899470423e+02
-5.984612505500605266e+02
-5.991397780450151913e+02
-5.998186899748112637e+02
-6.004979863394486301e+02
-6.011776671389274043e+02
-6.018577323732473587e+02
-6.025381820424087209e+02
-6.032190161464114908e+02
-6.039002346852555547e+02
-6.045818376589410263e+02
-6.052638250674676783e+02
-6.059461969108357380e+02
-5.661056893920643915e+02
-5.667431957990373803e+02
-5.673810609603193598e+02
-5.680192848759103299e+02
-5.686578675458101770e+02
-5.692968089700189012e+02
-5.699361091485366160e+02
-5.705757680813633215e+02
-5.712157857684987903e+02
-5.718561622099433635e+02
-5.724968974056968136e+02
-5.731379913557591408e+02
-5.737794440601304586e+02
-5.744212555188106535e+02
-5.750634257317998390e+02
-5.757059546990979015e+02
-5.763488424207049547e+02
-4.883601893290521616e+02
-4.889049301983539522e+02
-4.894499747136252381e+02
-4.899953228748660194e+02
-4.905409746820763530e+02
-4.910869301352562388e+02
-4.916331892344055632e+02
-4.921797519795243829e+02
-4.927266183706127549e+02
-4.932737884076706223e+02
-4.938212620906980419e+02
-4.943690394196949001e+02
-4.949171203946612536e+02
-4.954655050155972162e+02
-4.960141932825026174e+02
-4.965631851953775708e+02
-4.971124807542220196e+02
-3.451039285803836378e+02
-3.454852588882072268e+02
-3.458667997594255894e+02
-3.462485511940386687e+02
-3.466305131920464078e+02
-3.470126857534489204e+02
-3.473950688782460929e+02
-3.477776625664379822e+02
-3.481604668180245881e+02
-3.485434816330059107e+02
-3.489267070113819500e+02
-3.493101429531527060e+02
-3.496937894583181787e+02
-3.500776465268783681e+02
-3.504617141588332174e+02
-3.508459923541828402e+02
-3.512304811129271798e+02
-1.747147504418083486e+02
-1.749060090629816386e+02
-1.750973723114094298e+02
-1.752888401870916653e+02
-1.754804126900283734e+02
-1.756720898202195542e+02
-1.758638715776652077e+02
-1.760557579623653339e+02
-1.762477489743199328e+02
-1.764398446135290044e+02
-1.766320448799925487e+02
-1.768243497737105656e+02
-1.770167592946830268e+02
-1.772092734429099892e+02
-1.774018922183914242e+02
-1.775946156211273035e+02
-1.777874436511176839e+02
1.079868838695362854e+01
1.081040063032342502e+01
1.082211922179260988e+01
1.083384416136118311e+01
1.084557544902914294e+01
1.085731308479649115e+01
1.086905706866322596e+01
1.088080740062934737e+01
1.089256408069485893e+01
1.090432710885975531e+01
1.091609648512404007e+01
1.092787220948771321e+01
1.093965428195077116e+01
1.095144270251321750e+01
1.096323747117505221e+01
1.097503858793627529e+01
1.098684605279688320e+01
2.090542448513991758e+02
2.092789135723571690e+02
2.095037029532082329e+02
2.097286129939524244e+02
2.099536436945897151e+02
2.101787950551201050e+02
2.104040670755436224e+02
2.106294597558601822e+02
2.108549730960698980e+02
2.110806070961727130e+02
2.113063617561685987e+02
2.115322370760576405e+02
2.117582330558397246e+02
2.119843496955149362e+02
2.122105869950832755e+02
2.124369449545446855e+02
2.126634235738992231e+02
3.480020453934421880e+02
3.483726546004639886e+02
3.487434610449561774e+02
3.491144647269189818e+02
3.494856656463521176e+02
3.498570638032558122e+02
3.502286591976299519e+02
3.506004518294745367e+02
3.509724416987896802e+02
3.513446288055752120e+02
3.517170131498312458e+02
3.520895947315577814e+02
3.524623735507547622e+02
3.528353496074222448e+02
3.532085229015601726e+02
3.535818934331686023e+02
3.539554612022474771e+02
4.517743841049603475e+02
4.522511908428019751e+02
4.527282490609905494e+02
4.532055587595261272e+02
4.536831199384087085e+02
4.541609325976381797e+02
4.546389967372146543e+02
4.551173123571381325e+02
4.555958794574084436e+02
4.560746980380258151e+02
4.565537680989901332e+02
4.570330896403013980e+02
4.575126626619596664e+02
4.579924871639648245e+02
4.584725631463169861e+02
4.589528906090161513e+02
4.594334695520622063e+02
4.372602910419564068e+02
4.377176762836320449e+02
4.381753006184816854e+02
4.386331640465051578e+02
4.390912665677025757e+02
4.395496081820738823e+02
4.400081888896190776e+02
4.404670086903381616e+02
4.409260675842311912e+02
4.413853655712980526e+02
4.418449026515389164e+02
4.423046788249536121e+02
4.427646940915421965e+02
4.432249484513047264e+02
4.436854419042411450e+02
4.441461744503514524e+02
4.446071460896356484e+02
3.792309353289492151e+02
3.796241244791087865e+02
3.800175173542166931e+02
3.804111139542728210e+02
3.808049142792772841e+02
3.811989183292299685e+02
3.815931261041309313e+02
3.819875376039801154e+02
3.823821528287776346e+02
3.827769717785234320e+02
3.831719944532174509e+02
3.835672208528598048e+02
3.839626509774503802e+02
3.843582848269891770e+02
3.847541224014763088e+02
3.851501637009116621e+02
3.855464087252953505e+02
2.757902692676988750e+02
2.760737125043563083e+02
2.763573013204881477e+02
2.766410357160943931e+02
2.769249156911750447e+02
2.772089412457301023e+02
2.774931123797595092e+02
2.777774290932634358e+02
2.780618913862416548e+02
2.783464992586942799e+02
2.786312527106213679e+02
2.789161517420228051e+02
2.792011963528986485e+02
2.794863865432489547e+02
2.797717223130735533e+02
2.800572036623726149e+02
2.803428305911460825e+02
1.383936288847259846e+02
1.385346310537374279e+02
1.386757050161139659e+02
1.388168507718555418e+02
1.389580683209622123e+02
1.390993576634339490e+02
1.392407187992707804e+02
1.393821517284726781e+02
1.395236564510396420e+02
1.396652329669717005e+02
1.398068812762688253e+02
1.399486013789310448e+02
1.400903932749583305e+02
1.402322569643506824e+02
1.403741924471081290e+02
1.405161997232306703e+02
1.406582787927182494e+02
1.381344221585657728e+01
1.382739518779178489e+01
1.384135520312524648e+01
1.385532226185695670e+01
1.386929636398691734e+01
1.388327750951513018e+01
1.389726569844159343e+01
1.391126093076630710e+01
1.392526320648927474e+01
1.393927252561049102e+01
1.395328888812995771e+01
1.396731229404767660e+01
1.398134274336364768e+01
1.399538023607786563e+01
1.400942477219033755e+01
1.402347635170106166e+01
1.403753497461003441e+01
-1.082878915005681364e+02
-1.083963420679197327e+02
-1.085048469148345589e+02
-1.086134060413126292e+02
-1.087220194473539436e+02
-1.088306871329585022e+02
-1.089394090981262906e+02
-1.090481853428573231e+02
-1.091570158671515856e+02
-1.092659006710090921e+02
-1.093748397544298427e+02
-1.094838331174138233e+02
-1.095928807599610622e+02
-1.097019826820715309e+02
-1.098111388837452296e+02
-1.099203493649821581e+02
-1.100296141257823592e+02
-2.481044853879825496e+02
-2.483508652145843030e+02
-2.485973673140528604e+02
-2.488439916863882502e+02
-2.490907383315904156e+02
-2.493376072496593849e+02
-2.495845984405951583e+02
-2.498317119043977073e+02
-2.500789476410670886e+02
-2.503263056506032740e+02
-2.505737859330062065e+02
-2.508213884882759999e+02
-2.510691133164125688e+02
-2.513169604174159417e+02
-2.515649297912861186e+02
-2.518130214380230996e+02
-2.520612353576268561e+02
-2.523095715500974165e+02
-2.525580300154347810e+02
-2.528066107536389495e+02
-2.530553137647098936e+02
-2.533041390486476985e+02
-2.535530866054522505e+02
-2.538021564351236066e+02
-2.540513485376617950e+02
-2.543006629130667591e+02
-2.545500995613384987e+02
-2.547996584824770707e+02
-2.550493396764824752e+02
-2.552991431433546268e+02
-2.555490688830935824e+02
-2.557991168956993420e+02
-2.560492871811719624e+02
-3.239377853436832311e+02
-3.242542853782153998e+02
-3.245709399537800550e+02
-3.248877490703771969e+02
-3.252047127280068253e+02
-3.255218309266689403e+02
-3.258391036663635418e+02
-3.261565309470906868e+02
-3.264741127688502615e+02
-3.267918491316423228e+02
-3.271097400354668707e+02
-3.274277854803239052e+02
-3.277459854662134262e+02
-3.280643399931354338e+02
-3.283828490610899280e+02
-3.287015126700769656e+02
-3.290203308200964329e+02
-3.293393035111483869e+02
-3.296584307432328274e+02
-3.299777125163497544e+02
-3.302971488304991681e+02
-3.306167396856810683e+02
-3.309364850818955119e+02
-3.312563850191423285e+02
-3.315764394974217453e+02
-3.318966485167335918e+02
-3.322170120770779249e+02
-3.325375301784547446e+02
-3.328582028208640509e+02
-3.331790300043058437e+02
-3.335000117287801231e+02
-3.338211479942868891e+02
-3.341424388008261417e+02
-2.812248649386850161e+02
-2.814952734626644997e+02
-2.817658119282701250e+02
-2.820364803355018921e+02
-2.823072786843598010e+02
-2.825782069748438516e+02
-2.828492652069539872e+02
-2.831204533806902646e+02
-2.833917714960527405e+02
-2.836632195530412446e+02
-2.839347975516560041e+02
-2.842065054918967917e+02
-2.844783433737637210e+02
-2.847503111972568490e+02
-2.850224089623760051e+02
-2.852946366691213598e+02
-2.855669943174928562e+02
-2.858394819074904376e+02
-2.861120994391142176e+02
-2.863848469123640825e+02
-2.866577243272400892e+02
-2.869307316837421808e+02
-2.872038689818704711e+02
-2.874771362216248463e+02
-2.877505334030054200e+02
-2.880240605260120219e+02
-2.882977175906448224e+02
-2.885715045969037647e+02
-2.888454215447887918e+02
-2.891194684343000176e+02
-2.893936452654373284e+02
-2.896679520382007809e+02
-2.899423887525903183e+02
-1.701507613904014704e+02
-1.703118127499759282e+02
-1.704729402927857507e+02
-1.706341440188309377e+02
-1.707954239281114894e+02
-1.709567800206274342e+02
-1.711182122963787151e+02
-1.712797207553653891e+02
-1.714413053975874561e+02
-1.716029662230448594e+02
-1.717647032317376272e+02
-1.719265164236657881e+02
-1.720884057988293137e+02
-1.722503713572282322e+02
-1.724124130988624870e+02
-1.725745310237321348e+02
-1.727367251318371473e+02
-1.728989954231775243e+02
-1.730613418977532660e+02
-1.732237645555644008e+02
-1.733862633966109001e+02
-1.735488384208927641e+02
-1.737114896284099927e+02
-1.738742170191626144e+02
-1.740370205931505723e+02
-1.741999003503739516e+02
-1.743628562908326671e+02
-1.745258884145267473e+02
-1.746889967214562205e+02
-1.748521812116210583e+02
-1.750154418850212608e+02
-1.751787787416568278e+02
-1.753421917815277880e+02
-4.372941638814143772e+01
-4.377017073705862771e+01
-4.381094406797344476e+01
-4.385173638088589598e+01
-4.389254767579598138e+01
-4.393337795270370094e+01
-4.397422721160904757e+01
-4.401509545251202837e+01
-4.405598267541264335e+01
-4.409688888031089249e+01
-4.413781406720676870e+01
-4.417875823610028618e+01
-4.421972138699143073e+01
-4.426070351988020946e+01
-4.430170463476662235e+01
-4.434272473165066231e+01
-4.438376381053233644e+01
-4.442482187141164474e+01
-4.446589891428858721e+01
-4.450699493916315674e+01
-4.454810994603536756e+01
-4.458924393490520544e+01
-4.463039690577267748e+01
-4.467156885863777660e+01
-4.471275979350051699e+01
-4.475396971036088445e+01
-4.479519860921889318e+01
-4.483644649007452188e+01
-4.487771335292779185e+01
-4.491899919777869599e+01
-4.496030402462722009e+01
-4.500162783347338546e+01
-4.504297062431718501e+01
4.424458299870692457e+01
4.428519298769150936e+01
4.432582160511141467e+01
4.436646885096662629e+01
4.440713472525715133e+01
4.444781922798299689e+01
4.448852235914415587e+01
4.452924411874062116e+01
4.456998450677240697e+01
4.461074352323951331e+01
4.465152116814192595e+01
4.469231744147964491e+01
4.473313234325269150e+01
4.477396587346104440e+01
4.481481803210471071e+01
4.485568881918369755e+01
4.489657823469799780e+01
4.493748627864760437e+01
4.497841295103253145e+01
4.501935825185276485e+01
4.506032218110831877e+01
4.510130473879918611e+01
4.514230592492536687e+01
4.518332573948686104e+01
4.522436418248366863e+01
4.526542125391579674e+01
4.530649695378323116e+01
4.534759128208597900e+01
4.538870423882404737e+01
4.542983582399742915e+01
4.547098603760612434e+01
4.551215487965012585e+01
4.555334235012945499e+01
8.399251465875570943e+01
8.406845725790466872e+01
8.414443417363708022e+01
8.422044540595291551e+01
8.429649095485220300e+01
8.437257082033491429e+01
8.444868500240107778e+01
8.452483350105066506e+01
8.460101631628370455e+01
8.467723344810018204e+01
8.475348489650008332e+01
8.482977066148343681e+01
8.490609074305021409e+01
8.498244514120044357e+01
8.505883385593409685e+01
8.513525688725120233e+01
8.521171423515174581e+01
8.528820589963572729e+01
8.536473188070313256e+01
8.544129217835400425e+01
8.551788679258828552e+01
8.559451572340603320e+01
8.567117897080719047e+01
8.574787653479179994e+01
8.582460841535984741e+01
8.590137461251133288e+01
8.597817512624625635e+01
8.605500995656461782e+01
8.613187910346641729e+01
8.620878256695165476e+01
8.628572034702033022e+01
8.636269244367244369e+01
8.643969885690799515e+01
6.540243673614254760e+01
6.546070171319034614e+01
6.551899263190199463e+01
6.557730949227752149e+01
6.563565229431691250e+01
6.569402103802016768e+01
6.575241572338730123e+01
6.581083635041829893e+01
6.586928291911317501e+01
6.592775542947190104e+01
6.598625388149450544e+01
6.604477827518097399e+01
6.610332861053130671e+01
6.616190488754551779e+01
6.622050710622357883e+01
6.627913526656553245e+01
6.633778936857133601e+01
6.639646941224101795e+01
6.645517539757456404e+01
6.651390732457197430e+01
6.657266519323326293e+01
6.663144900355841571e+01
6.669025875554743266e+01
6.674909444920031376e+01
6.680795608451707324e+01
6.686684366149769687e+01
6.692575718014218467e+01
6.698469664045055083e+01
6.704366204242278116e+01
6.710265338605887564e+01
6.716167067135883428e+01
6.722071389832267130e+01
6.727978306695037247e+01
1.836678305079853857e+01
1.838290840905209222e+01
1.839904084293453934e+01
1.841518035244588702e+01
1.843132693758612817e+01
1.844748059835526632e+01
1.846364133475329794e+01
1.847980914678023012e+01
1.849598403443605221e+01
1.851216599772077487e+01
1.852835503663439098e+01
1.854455115117690411e+01
1.856075434134831070e+01
1.857696460714861786e+01
1.859318194857781847e+01
1.860940636563591255e+01
1.862563785832290364e+01
1.864187642663879174e+01
1.865812207058357330e+01
1.867437479015725543e+01
1.869063458535983102e+01
1.870690145619130007e+01
1.872317540265166613e+01
1.873945642474092921e+01
1.875574452245908574e+01
1.877203969580614284e+01
1.878834194478208985e+01
1.880465126938693388e+01
1.882096766962067846e+01
1.883729114548331651e+01
1.885362169697484802e+01
1.886995932409527654e+01
1.888630402684460208e+01
-2.615012387132972549e+01
-2.617275487424736724e+01
-2.619539566566107425e+01
-2.621804624557085361e+01
-2.624070661397670534e+01
-2.626337677087862943e+01
-2.628605671627662588e+01
-2.630874645017069113e+01
-2.633144597256083230e+01
-2.635415528344703873e+01
-2.637687438282932106e+01
-2.639960327070767576e+01
-2.642234194708210282e+01
-2.644509041195259869e+01
-2.646784866531916691e+01
-2.649061670718180750e+01
-2.651339453754052045e+01
-2.653618215639530220e+01
-2.655897956374615987e+01
-2.658178675959308634e+01
-2.660460374393608163e+01
-2.662743051677515282e+01
-2.665026707811029283e+01
-2.667311342794150519e+01
-2.669596956626879347e+01
-2.671883549309214700e+01
-2.674171120841157645e+01
-2.676459671222707826e+01
-2.678749200453864887e+01
-2.681039708534629185e+01
-2.683331195465000718e+01
-2.685623661244979132e+01
-2.687917105874565138e+01
-5.778524569032940406e+01
-5.783455050747132020e+01
-5.788387635012161780e+01
-5.793322321828028265e+01
-5.798259111194733606e+01
-5.803198003112275671e+01
-5.808138997580655882e+01
-5.813082094599873528e+01
-5.818027294169928609e+01
-5.822974596290821125e+01
-5.827924000962551787e+01
-5.832875508185119884e+01
-5.837829117958525416e+01
-5.842784830282768382e+01
-5.847742645157848784e+01
-5.852702562583768042e+01
-5.857664582560524025e+01
-5.862628705088117442e+01
-5.867594930166549005e+01
-5.872563257795818004e+01
-5.877533687975923726e+01
-5.882506220706868305e+01
-5.887480855988649608e+01
-5.892457593821269768e+01
-5.897436434204726652e+01
-5.902417377139020971e+01
-5.907400422624152725e+01
-5.912385570660122625e+01
-5.917372821246929959e+01
-5.922362174384574729e+01
-5.927353630073056934e+01
-5.932347188312377995e+01
-5.937342849102535780e+01
-7.172528523907676856e+01
-7.178563465871418714e+01
-7.184600945657685145e+01
-7.190640963266477570e+01
-7.196683518697793147e+01
-7.202728611951634718e+01
-7.208776243028000863e+01
-7.214826411926890160e+01
-7.220879118648305450e+01
-7.226934363192246735e+01
-7.232992145558709751e+01
-7.239052465747700182e+01
-7.245115323759213766e+01
-7.251180719593251922e+01
-7.257248653249816073e+01
-7.263319124728903375e+01
-7.269392134030516672e+01
-7.275467681154654542e+01
-7.281545766101315564e+01
-7.287626388870504002e+01
-7.293709549462214170e+01
-7.299795247876451754e+01
-7.305883484113212489e+01
-7.311974258172497798e+01
-7.318067570054307680e+01
-7.324163419758643556e+01
-7.330261807285504005e+01
-7.336362732634887607e+01
-7.342466195806797202e+01
-7.348572196801231371e+01
-7.354680735618188692e+01
-7.360791812257673428e+01
-7.366905426719679895e+01
-4.986266220087091483e+01
-4.990404200352723763e+01
-4.994543896910462166e+01
-4.998685309760304563e+01
-5.002828438902253083e+01
-5.006973284336305596e+01
-5.011119846062464234e+01
-5.015268124080727574e+01
-5.019418118391096328e+01
-5.023569828993571207e+01
-5.027723255888150078e+01
-5.031878399074834363e+01
-5.036035258553624061e+01
-5.040193834324518463e+01
-5.044354126387518988e+01
-5.048516134742624217e+01
-5.052679859389834149e+01
-5.056845300329150206e+01
-5.061012457560570965e+01
-5.065181331084097138e+01
-5.069351920899728015e+01
-5.073524227007464305e+01
-5.077698249407306008e+01
-5.081873988099253125e+01
-5.086051443083304946e+01
-5.090230614359462180e+01
-5.094411501927724828e+01
-5.098594105788092179e+01
-5.102778425940564944e+01
-5.106964462385143122e+01
-5.111152215121826003e+01
-5.115341684150614299e+01
-5.119532869471508008e+01
-3.658269724069658935e+01
-3.661264623557231346e+01
-3.664260748453759220e+01
-3.667258098759243268e+01
-3.670256674473682068e+01
-3.673256475597077042e+01
-3.676257502129427479e+01
-3.679259754070733379e+01
-3.682263231420995453e+01
-3.685267934180212990e+01
-3.688273862348386700e+01
-3.691281015925515163e+01
-3.694289394911599089e+01
-3.697298999306639189e+01
-3.700309829110634752e+01
-3.703321884323586488e+01
-3.706335164945492977e+01
-3.709349670976355640e+01
-3.712365402416173765e+01
-3.715382359264947354e+01
-3.718400541522677116e+01
-3.721419949189362342e+01
-3.724440582265003030e+01
-3.727462440749599182e+01
-3.730485524643150796e+01
-3.733509833945658585e+01
-3.736535368657121836e+01
-3.739562128777541261e+01
-3.742590114306915439e+01
-3.745619325245245790e+01
-3.748649761592531604e+01
-3.751681423348772881e+01
-3.754714310513969622e+01
-1.892736616213063172e+01
-1.894265482623574570e+01
-1.895794966259120429e+01
-1.897325067119701103e+01
-1.898855785205315883e+01
-1.900387120515965123e+01
-1.901919073051649178e+01
-1.903451642812367695e+01
-1.904984829798120671e+01
-1.906518634008908109e+01
-1.908053055444730362e+01
-1.909588094105587075e+01
-1.911123749991477894e+01
-1.912660023102403528e+01
-1.914196913438363623e+01
-1.915734420999358534e+01
-1.917272545785387550e+01
-1.918811287796451381e+01
-1.920350647032549674e+01
-1.921890623493682426e+01
-1.923431217179849639e+01
-1.924972428091051313e+01
-1.926514256227287802e+01
-1.928056701588558397e+01
-1.929599764174864163e+01
-1.931143443986203678e+01
-1.932687741022578365e+01
-1.934232655283987157e+01
-1.935778186770430764e+01
-1.937324335481908832e+01
-1.938871101418421006e+01
-1.940418484579967995e+01
-1.941966484966549800e+01
