0.000000000000000000e+00
0.000000000000000000e+00
0.000000000000000000e+00
0.000000000000000000e+00
0.000000000000000000e+00
0.000000000000000000e+00
0.000000000000000000e+00
0.000000000000000000e+00
0.000000000000000000e+00
0.000000000000000000e+00
0.000000000000000000e+00
0.000000000000000000e+00
0.000000000000000000e+00
0.000000000000000000e+00
0.000000000000000000e+00
0.000000000000000000e+00
0.000000000000000000e+00
0.000000000000000000e+00
0.000000000000000000e+00
0.000000000000000000e+00
0.000000000000000000e+00
0.000000000000000000e+00
0.000000000000000000e+00
0.000000000000000000e+00
0.000000000000000000e+00
0.000000000000000000e+00
0.000000000000000000e+00
0.000000000000000000e+00
2.419480354411282855e-02
2.580779044705368286e-02
2.747280918557327631e-02
2.918985975967160890e-02
3.095894216934867368e-02
3.532988907100964582e-02
3.734873987506733689e-02
3.942366986812663454e-02
4.155467905018753183e-02
4.374176742125003570e-02
4.311728309238332252e-02
4.527314724700249454e-02
4.748159345417334032e-02
4.974262171389588066e-02
5.205623202617010864e-02
5.151668952033550131e-02
5.380632016568374226e-02
5.614572539027868486e-02
5.853490519412032911e-02
6.097385957720868194e-02
6.020121225435599854e-02
6.260926074453024293e-02
6.506452587176672631e-02
6.756700763606544868e-02
7.011670603742641006e-02
6.653625282814992770e-02
6.895575293099173719e-02
7.141845839281286967e-02
7.392436921361332514e-02
7.647348539339308970e-02
7.398103681893575256e-02
7.644707137956695264e-02
7.895353273627406243e-02
8.150042088905710969e-02
8.408773583791606665e-02
8.051895197801396675e-02
8.299645819272208347e-02
8.551150238038034146e-02
8.806408454098871297e-02
9.065420467454719800e-02
8.865066616564756807e-02
9.118354234180892082e-02
9.375209283031057939e-02
9.635631763115254378e-02
9.899621674433480012e-02
9.043715021736593862e-02
9.284880755649570216e-02
9.529219722903506384e-02
9.776731923498402366e-02
1.002741735743425955e-01
9.746780975689857407e-02
9.990450500082104224e-02
1.023712829020758802e-01
1.048681434606631019e-01
1.073950866765826934e-01
1.019105101263223651e-01
1.043084044822358419e-01
1.067341813306599274e-01
1.091878406715946354e-01
1.116693825050399796e-01
1.098620824280054364e-01
1.123034620375166631e-01
1.147716699943851643e-01
1.172667062986109260e-01
1.197885709501939483e-01
1.169797242363167789e-01
1.194424552728708122e-01
1.219308397577223008e-01
1.244448776908712168e-01
1.269845690723175602e-01
1.149911354054141965e-01
1.172909581135224838e-01
1.196135513434932185e-01
1.219589150953264284e-01
1.243270493690220857e-01
1.267179541645802043e-01
1.291316294820007704e-01
1.315680753212838117e-01
1.340272916824293004e-01
1.248682635345787356e-01
1.271594243333783458e-01
1.294714138667125147e-01
1.318042321345812007e-01
1.341578791369844315e-01
1.365323548739222070e-01
1.389276593453945274e-01
1.413437925514013926e-01
1.437807544919428027e-01
1.306582023282610028e-01
1.328727481304349256e-01
1.351059035611985593e-01
1.373576686205518482e-01
1.396280433084948480e-01
1.419170276250275586e-01
1.442246215701499523e-01
1.465508251438620568e-01
1.488956383461638444e-01
1.417431953213786067e-01
1.439753716256522986e-01
1.462249868073031145e-01
1.484920408663310543e-01
1.507765338027361457e-01
1.530784656165183888e-01
1.553978363076777558e-01
1.577346458762142467e-01
1.600888943221279170e-01
1.521228660286204626e-01
1.543599669996295887e-01
1.566133971748066567e-01
1.588831565541516666e-01
1.611692451376646462e-01
1.634716629253455678e-01
1.657904099171944590e-01
1.681254861132112643e-01
1.704768915133960394e-01
1.638699954783134349e-01
1.661302712780143298e-01
1.684060284188090284e-01
1.706972669006975862e-01
1.730039867236800033e-01
1.753261878877562241e-01
1.776638703929263319e-01
1.800170342391902434e-01
1.823856794265480141e-01
1.663956461169349144e-01
1.685566285340379666e-01
1.707315527731868565e-01
1.729204188343815563e-01
1.751232267176220936e-01
1.773399764229084408e-01
1.795706679502406256e-01
1.818153012996186479e-01
1.840738764710424524e-01
1.841820366797145281e-01
1.864419389702631769e-01
1.887156211528273342e-01
1.910030832274070833e-01
1.933043251940023410e-01
1.956193470526131628e-01
1.979481488032394931e-01
2.002907304458813875e-01
2.026470919805388182e-01
2.001658341186025869e-01
2.024933438176561018e-01
2.048343073299989381e-01
2.071887246556311235e-01
2.095565957945526026e-01
2.119379207467634307e-01
2.143326995122636081e-01
2.167409320910530790e-01
2.191626184831318991e-01
2.184150470602748140e-01
2.208284729946424774e-01
2.232551595110671416e-01
2.256951066095487235e-01
2.281483142900873062e-01
2.306147825526828621e-01
2.330945113973353355e-01
2.355875008240448099e-01
2.380937508328112573e-01
2.298378037810845931e-01
2.322571490840433794e-01
2.346891611163370306e-01
2.371338398779655188e-01
2.395911853689289273e-01
2.420611975892271450e-01
2.445438765388602553e-01
2.470392222178282027e-01
2.495472346261310426e-01
2.508538645304333459e-01
2.533750088975733616e-01
2.559087589865490786e-01
2.584551147973605523e-01
2.610140763300076716e-01
2.635856435844904921e-01
2.661698165608090139e-01
2.687665952589632368e-01
2.713759796789531609e-01
2.728859286576921783e-01
2.755098318178623162e-01
2.781462895386074274e-01
2.807953018199274564e-01
2.834568686618225142e-01
2.861309900642925452e-01
2.888176660273375496e-01
2.915168965509575272e-01
2.942286816351524781e-01
3.120712328614185793e-01
3.149474654223533010e-01
3.178368917106317859e-01
3.207395117262539785e-01
3.236553254692199344e-01
3.265843329395295980e-01
3.295265341371830248e-01
3.324819290621802148e-01
3.354505177145210570e-01
3.439431378767400793e-01
3.469868824597200363e-01
3.500440356091448768e-01
3.531145973250146008e-01
3.561985676073290974e-01
3.592959464560885330e-01
3.624067338712927411e-01
3.655309298529418327e-01
3.686685344010356968e-01
3.648596055543698036e-01
3.679647936867474489e-01
3.710831393959571622e-01
3.742146426819989991e-01
3.773593035448729593e-01
3.805171219845789876e-01
3.836880980011171394e-01
3.868722315944874146e-01
3.900695227646897578e-01
4.269552811573150697e-01
4.304549146094241996e-01
4.339688322797052300e-01
4.374970341681581054e-01
4.410395202747828813e-01
4.445962905995795023e-01
4.481673451425480237e-01
4.517526839036883901e-01
4.553523068830006570e-01
4.803645728952525285e-01
4.841619212975865616e-01
4.879742198904809536e-01
4.918014686739357599e-01
4.956436676479508141e-01
4.995008168125262826e-01
5.033729161676621100e-01
5.072599657133584072e-01
5.111619654496150078e-01
5.453638214721235888e-01
5.495269040787810200e-01
5.537058158968705124e-01
5.579005569263922881e-01
5.621111271673462362e-01
5.663375266197322455e-01
5.705797552835505382e-01
5.748378131588008921e-01
5.791117002454834184e-01
5.978030118926787040e-01
6.022148422387501032e-01
6.066428925493291269e-01
6.110871628244157749e-01
6.155476530640101585e-01
6.200243632681120554e-01
6.245172934367214657e-01
6.290264435698386114e-01
6.335518136674633816e-01
6.666608776419251647e-01
6.714227410536530716e-01
6.762015505985189412e-01
6.809973062765226626e-01
6.858100080876641247e-01
6.906396560319434386e-01
6.954862501093606042e-01
7.003497903199156216e-01
7.052302766636083797e-01
7.851644190076432217e-01
7.905980828070040545e-01
7.960504833780868150e-01
8.015216207208915034e-01
8.070114948354181195e-01
8.125201057216667744e-01
8.180474533796372461e-01
8.235935378093297565e-01
8.291583590107440838e-01
9.126968747572179463e-01
9.188223571381389787e-01
9.249683260822068043e-01
9.311347815894214230e-01
9.373217236597830571e-01
9.435291522932915953e-01
9.497570674899469267e-01
9.560054692497492734e-01
9.622743575726984133e-01
9.556927247031328232e-01
9.619187359389839154e-01
9.681649614970292417e-01
9.744314013772689131e-01
9.807180555797029298e-01
9.870249241043311805e-01
9.933520069511538875e-01
9.996993041201708285e-01
1.006066815611382115e+00
1.068181185335192795e+00
1.074941825748706670e+00
1.081723793103588127e+00
1.088527087399837168e+00
1.095351708637453791e+00
1.102197656816437776e+00
1.109064931936789344e+00
1.115953533998508496e+00
1.122863463001595230e+00
1.217801705321422068e+00
1.225295869661861659e+00
1.232813022236474376e+00
1.240353163045259999e+00
1.247916292088218970e+00
1.255502409365351069e+00
1.263111514876656072e+00
1.270743608622134424e+00
1.278398690601785903e+00
1.468684343360703304e+00
1.477478860386815418e+00
1.486299629702557468e+00
1.495146651307929897e+00
1.504019925202932262e+00
1.512919451387565006e+00
1.521845229861828130e+00
1.530797260625721190e+00
1.539775543679244407e+00
1.610277986664660155e+00
1.619667362680197398e+00
1.629084033393454423e+00
1.638527998804431007e+00
1.647999258913126930e+00
1.657497813719542856e+00
1.667023663223678120e+00
1.676576807425532945e+00
1.686157246325107550e+00
1.808689652026609584e+00
1.818966297776760666e+00
1.829272055837818822e+00
1.839606926209784055e+00
1.849970908892656141e+00
1.860364003886435080e+00
1.870786211191120874e+00
1.881237530806713742e+00
1.891717962733213465e+00
1.934563593884614185e+00
1.945281397728850337e+00
1.956028808766026472e+00
1.966805826996142370e+00
1.977612452419197808e+00
1.988448685035193453e+00
1.999314524844129082e+00
2.010209971846004695e+00
2.021135026040819849e+00
1.918700965699530192e+00
1.929072322270878770e+00
1.939471633981233900e+00
1.949898900830595583e+00
1.960354122818963374e+00
1.970837299946337273e+00
1.981348432212717947e+00
1.991887519618104507e+00
2.002454562162497620e+00
1.847625588490315662e+00
1.857375591595805231e+00
1.867151252604204226e+00
1.876952571515512425e+00
1.886779548329729828e+00
1.896632183046856435e+00
1.906510475666892024e+00
1.916414426189836817e+00
1.926344034615691037e+00
1.604972484639807018e+00
1.613245538684342062e+00
1.621539860219994189e+00
1.629855449246763399e+00
1.638192305764649470e+00
1.646550429773652846e+00
1.654929821273773305e+00
1.663330480265010847e+00
1.671752406747365249e+00
1.058400549326023343e+00
1.063732542017842286e+00
1.069077931676223336e+00
1.074436718301166716e+00
1.079808901892672646e+00
1.085194482450740905e+00
1.090593459975371271e+00
1.096005834466564188e+00
1.101431605924319657e+00
7.028163820739464773e-01
7.062785317393354134e-01
7.097491879149586680e-01
7.132283506008163521e-01
7.167160197969083546e-01
7.202121955032347866e-01
7.237168777197954261e-01
7.272300664465906062e-01
7.307517616836201046e-01
1.286129080487425635e-01
1.292327292923509674e-01
1.298540404908719026e-01
1.304768416443053136e-01
1.311011327526512837e-01
1.317269138159097575e-01
1.323541848340807625e-01
1.329829458071642712e-01
1.336131967351603111e-01
-2.375816776438607891e-01
-2.387023459346337140e-01
-2.398256510919731521e-01
-2.409515931158791313e-01
-2.420801720063516516e-01
-2.432113877633906573e-01
-2.443452403869962042e-01
-2.454817298771682921e-01
-2.466208562339068933e-01
-8.341925518553227059e-01
-8.380456352357168459e-01
-8.419075966884159712e-01
-8.457784362134201928e-01
-8.496581538107293996e-01
-8.535467494803438138e-01
-8.574442232222632132e-01
-8.613505750364875979e-01
-8.652658049230170789e-01
-1.137800129777871261e+00
-1.142948546654694253e+00
-1.148108585240042778e+00
-1.153280245533916837e+00
-1.158463527536316429e+00
-1.163658431247241554e+00
-1.168864956666692212e+00
-1.174083103794668625e+00
-1.179312872631170572e+00
-1.660172864065070364e+00
-1.667535049715026307e+00
-1.674913523386331704e+00
-1.682308285078986554e+00
-1.689719334792990857e+00
-1.697146672528344835e+00
-1.704590298285048044e+00
-1.712050212063100707e+00
-1.719526413862502823e+00
-2.124662958378516819e+00
-2.133900623414945130e+00
-2.143158326770324695e+00
-2.152436068444655071e+00
-2.161733848437936256e+00
-2.171051666750169140e+00
-2.180389523381352390e+00
-2.189747418331486895e+00
-2.199125351600572653e+00
-2.333958245963590361e+00
-2.343911159592432902e+00
-2.353885249633251409e+00
-2.363880516086046768e+00
-2.373896958950818536e+00
-2.383934578227565826e+00
-2.393993373916289968e+00
-2.404073346016990076e+00
-2.414174494529666593e+00
-2.752633108982213361e+00
-2.764150402325235234e+00
-2.775691740122000262e+00
-2.787257122372508444e+00
-2.798846549076760226e+00
-2.810460020234755163e+00
-2.822097535846492811e+00
-2.833759095911974502e+00
-2.845444700431198903e+00
-2.939979242825302652e+00
-2.952053079551484771e+00
-2.964151657746367796e+00
-2.976274977409951727e+00
-2.988423038542237453e+00
-3.000595841143224529e+00
-3.012793385212912067e+00
-3.025015670751301400e+00
-3.037262697758391194e+00
-3.170615641126508066e+00
-3.183400381614921226e+00
-3.196210845927254685e+00
-3.209047034063508885e+00
-3.221908946023683384e+00
-3.234796581807778182e+00
-3.247709941415792834e+00
-3.260649024847728672e+00
-3.273613832103584365e+00
-3.606561082863747103e+00
-3.620844493092910454e+00
-3.635156131405530733e+00
-3.649495997801607494e+00
-3.663864092281141627e+00
-3.678260414844132242e+00
-3.692684965490579785e+00
-3.707137744220484254e+00
-3.721618751033845651e+00
-3.560253253204224144e+00
-3.574106378703073350e+00
-3.587986403474735742e+00
-3.601893327519211319e+00
-3.615827150836500081e+00
-3.629787873426602918e+00
-3.643775495289518496e+00
-3.657790016425247259e+00
-3.671831436833789652e+00
-3.885111535210294509e+00
-3.899968558289492737e+00
-3.914853934466170138e+00
-3.929767663740326711e+00
-3.944709746111963344e+00
-3.959680181581079150e+00
-3.974678970147674129e+00
-3.989706111811748279e+00
-4.004761606573302046e+00
-4.307900598443132445e+00
-4.324095713474873648e+00
-4.340321213337818840e+00
-4.356577098031968021e+00
-4.372863367557321190e+00
-4.389180021913878349e+00
-4.405527061101639497e+00
-4.421904485120603745e+00
-4.438312293970773759e+00
-4.236109414667164508e+00
-4.251769708251885937e+00
-4.267458895367206573e+00
-4.283176976013125525e+00
-4.298923950189644572e+00
-4.314699817896762823e+00
-4.330504579134480281e+00
-4.346338233902796055e+00
-4.362200782201711036e+00
-4.395642621732308797e+00
-4.411626776720426690e+00
-4.427639941064239082e+00
-4.443682114763747748e+00
-4.459753297818950912e+00
-4.475853490229849463e+00
-4.491982691996443400e+00
-4.508140903118732723e+00
-4.524328123596717433e+00
-4.994509046504600924e+00
-5.012378488531450849e+00
-5.030279840276206116e+00
-5.048213101738866726e+00
-5.066178272919431791e+00
-5.084175353817902199e+00
-5.102204344434277949e+00
-5.120265244768558155e+00
-5.138358054820744591e+00
-4.880567415142615495e+00
-4.897752511674808851e+00
-4.914967810485616262e+00
-4.932213311575039505e+00
-4.949489014943077692e+00
-4.966794920589731710e+00
-4.984131028515001560e+00
-5.001497338718886354e+00
-5.018893851201386980e+00
-4.855506646086816147e+00
-4.872336825102713931e+00
-4.889196122075388118e+00
-4.906084537004836932e+00
-4.923002069891060373e+00
-4.939948720734059329e+00
-4.956924489533832023e+00
-4.973929376290380233e+00
-4.990963381003703958e+00
-4.391616925296327523e+00
-4.406605378966281350e+00
-4.421619366628857684e+00
-4.436658888284058300e+00
-4.451723943931882310e+00
-4.466814533572329715e+00
-4.481930657205399626e+00
-4.497072314831093820e+00
-4.512239506449410520e+00
-3.889871006678739640e+00
-3.902946203339844988e+00
-3.916043338250381645e+00
-3.929162411410349609e+00
-3.942303422819747993e+00
-3.955466372478579018e+00
-3.968651260386840463e+00
-3.981858086544534103e+00
-3.995086850951659052e+00
-3.163141579707903883e+00
-3.173615558448658280e+00
-3.184106849550967677e+00
-3.194615453014832518e+00
-3.205141368840251914e+00
-3.215684597027226310e+00
-3.226245137575756150e+00
-3.236822990485840545e+00
-3.247418155757479941e+00
-2.276323089656804743e+00
-2.283749918660578970e+00
-2.291188843477062864e+00
-2.298639864106256869e+00
-2.306102980548160097e+00
-2.313578192802773437e+00
-2.321065500870096443e+00
-2.328564904750128672e+00
-2.336076404442871457e+00
-1.133091105415564348e+00
-1.136734485175743048e+00
-1.140383713057527171e+00
-1.144038789060916717e+00
-1.147699713185911685e+00
-1.151366485432512077e+00
-1.155039105800717891e+00
-1.158717574290528907e+00
-1.162401890901945567e+00
-4.350156386510715678e-01
-4.363944520857818143e-01
-4.377754471873190334e-01
-4.391586239556833915e-01
-4.405439823908748331e-01
-4.419315224928933583e-01
-4.433212442617389115e-01
-4.447131476974115483e-01
-4.461072327999112686e-01
1.240092111224085469e+00
1.243967399071660873e+00
1.247848732610105982e+00
1.251736111839421017e+00
1.255629536759605758e+00
1.259529007370660425e+00
1.263434523672584797e+00
1.267346085665379318e+00
1.271263693349043544e+00
2.797254043483030639e+00
2.805874240843533318e+00
2.814507700046128491e+00
2.823154421090817046e+00
2.831814403977598982e+00
2.840487648706473411e+00
2.849174155277441223e+00
2.857873923690501972e+00
2.866586953945656102e+00
3.620788711943407012e+00
3.631794148757824914e+00
3.642816285779852059e+00
3.653855123009487560e+00
3.664910660446732749e+00
3.675982898091586737e+00
3.687071835944049969e+00
3.698177474004122889e+00
3.709299812271804164e+00
5.201832190083234053e+00
5.217429887804623689e+00
5.233050935372900447e+00
5.248695332788066104e+00
5.264363080050119770e+00
5.280054177159062334e+00
5.295768624114892908e+00
5.311506420917611493e+00
5.327267567567218975e+00
6.912945342347367017e+00
6.933397843360229018e+00
6.953880554862031715e+00
6.974393476852775997e+00
6.994936609332459199e+00
7.015509952301084873e+00
7.036113505758650355e+00
7.056747269705156533e+00
7.077411244140603408e+00
6.374303402666825491e+00
6.392914507492130305e+00
6.411552742207851097e+00
6.430218106813986978e+00
6.448910601310539725e+00
6.467630225697507562e+00
6.486376979974892265e+00
6.505150864142692058e+00
6.523951878200907828e+00
7.430591946306385864e+00
7.452005755949920207e+00
7.473450376830351516e+00
7.494925808947680679e+00
7.516432052301906808e+00
7.537969106893029902e+00
7.559536972721049075e+00
7.581135649785966102e+00
7.602765138087780983e+00
7.078845826489505555e+00
7.098984790433999770e+00
7.119152360861368933e+00
7.139348537771613934e+00
7.159573321164734772e+00
7.179826711040731446e+00
7.200108707399603070e+00
7.220419310241351418e+00
7.240758519565974716e+00
5.935705324556940887e+00
5.952378654120303203e+00
5.969075368437610329e+00
5.985795467508864931e+00
6.002538951334064343e+00
6.019305819913209454e+00
6.036096073246301152e+00
6.052909711333338549e+00
6.069746734174321645e+00
3.332551413033722376e+00
3.341795661058780897e+00
3.351052712751464657e+00
3.360322568111773212e+00
3.369605227139706116e+00
3.378900689835263815e+00
3.388208956198446309e+00
3.397530026229254041e+00
3.406863899927685679e+00
1.628216658417886320e+00
1.632677525975195554e+00
1.637144495950503931e+00
1.641617568343811229e+00
1.646096743155117670e+00
1.650582020384423254e+00
1.655073400031727759e+00
1.659570882097031408e+00
1.664074466580333977e+00
-8.180621363693822978e-01
-8.202761069684875173e-01
-8.224930694197536418e-01
-8.247130237231808936e-01
-8.269359698787689394e-01
-8.291619078865180015e-01
-8.313908377464279686e-01
-8.336227594584989520e-01
-8.358576730227307294e-01
-2.442559347395250935e+00
-2.449090254741227657e+00
-2.455629881589668884e+00
-2.462178227940574615e+00
-2.468735293793945296e+00
-2.475301079149780037e+00
-2.481875584008079727e+00
-2.488458808368843478e+00
-2.495050752232072178e+00
-3.899181403674412127e+00
-3.909483071847924762e+00
-3.919798330612695114e+00
-3.930127179968722739e+00
-3.940469619916008970e+00
-3.950825650454553362e+00
-3.961195271584355027e+00
-3.971578483305414853e+00
-3.981975285617732840e+00
-6.247736311235308371e+00
-6.264048938679787071e+00
-6.280382834217413723e+00
-6.296737997848188328e+00
-6.313114429572110886e+00
-6.329512129389180508e+00
-6.345931097299399859e+00
-6.362371333302765386e+00
-6.378832837399279754e+00
-8.408895272626907058e+00
-8.430595647524009806e+00
-8.452323986821751234e+00
-8.474080290520134895e+00
-8.495864558619157236e+00
-8.517676791118821811e+00
-8.539516988019126842e+00
-8.561385149320072330e+00
-8.583281275021658274e+00
-1.045052267446676453e+01
-1.047718217108530148e+01
-1.050387562884602843e+01
-1.053060304774894540e+01
-1.055736442779404882e+01
-1.058415976898134403e+01
-1.061098907131082747e+01
-1.063785233478250092e+01
-1.066474955939636438e+01
-1.298609182615358115e+01
-1.301884363403795319e+01
-1.305163669105064450e+01
-1.308447099719165152e+01
-1.311734655246097780e+01
-1.315026335685862158e+01
-1.318322141038458284e+01
-1.321622071303886337e+01
-1.324926126482145783e+01
-1.373242619908554651e+01
-1.376667165095359024e+01
-1.380095974971063555e+01
-1.383529049535668243e+01
-1.386966388789172910e+01
-1.390407992731577913e+01
-1.393853861362882895e+01
-1.397303994683088035e+01
-1.400758392692193333e+01
-1.557281766671066414e+01
-1.561122165602437839e+01
-1.564967294089143302e+01
-1.568817152131182979e+01
-1.572671739728557050e+01
-1.576531056881264981e+01
-1.580395103589307304e+01
-1.584263879852683843e+01
-1.588137385671394419e+01
-1.723345014886098880e+01
-1.727548295410211665e+01
-1.731756695642635790e+01
-1.735970215583372322e+01
-1.740188855232420551e+01
-1.744412614589780830e+01
-1.748641493655453161e+01
-1.752875492429437188e+01
-1.757114610911733266e+01
-1.874796039720996177e+01
-1.879319069973640310e+01
-1.883847549660323750e+01
-1.888381478781046496e+01
-1.892920857335808549e+01
-1.897465685324609908e+01
-1.902015962747450928e+01
-1.906571689604330899e+01
-1.911132865895250532e+01
-1.916382244424189807e+01
-1.920955949064820345e+01
-1.925535105081661413e+01
-1.930119712474713012e+01
-1.934709771243975140e+01
-1.939305281389447799e+01
-1.943906242911130988e+01
-1.948512655809024707e+01
-1.953124520083128957e+01
-2.132673837444860609e+01
-2.137709667049216833e+01
-2.142751435131879845e+01
-2.147799141692850355e+01
-2.152852786732127655e+01
-2.157912370249712097e+01
-2.162977892245602973e+01
-2.168049352719801703e+01
-2.173126751672306867e+01
-2.196043367177894368e+01
-2.201174309624571279e+01
-2.206311239168619309e+01
-2.211454155810038102e+01
-2.216603059548827304e+01
-2.221757950384987623e+01
-2.226918828318518351e+01
-2.232085693349419842e+01
-2.237258545477691740e+01
-2.187328525163663784e+01
-2.192385932158261497e+01
-2.197449179114747153e+01
-2.202518266033120398e+01
-2.207593192913381230e+01
-2.212673959755529296e+01
-2.217760566559564950e+01
-2.222853013325488192e+01
-2.227951300053299022e+01
-2.236609101290327217e+01
-2.241727199920282132e+01
-2.246851147805814009e+01
-2.251980944946923557e+01
-2.257116591343609358e+01
-2.262258086995872830e+01
-2.267405431903713620e+01
-2.272558626067131016e+01
-2.277717669486125729e+01
-2.138989779564670002e+01
-2.143834603527443861e+01
-2.148684908060311116e+01
-2.153540693163272479e+01
-2.158401958836327239e+01
-2.163268705079475751e+01
-2.168140931892717660e+01
-2.173018639276053676e+01
-2.177901827229482734e+01
-1.904219459735725906e+01
-1.908489010093877525e+01
-1.912763341583449517e+01
-1.917042454204441526e+01
-1.921326347956853553e+01
-1.925615022840685953e+01
-1.929908478855938370e+01
-1.934206716002610804e+01
-1.938509734280703256e+01
-1.421669626435159728e+01
-1.424825385872307848e+01
-1.427984643934109066e+01
-1.431147400620563204e+01
-1.434313655931670617e+01
-1.437483409867431305e+01
-1.440656662427844914e+01
-1.443833413612911976e+01
-1.447013663422631957e+01
-9.727136003439898815e+00
-9.748514324326578162e+00
-9.769916112085804016e+00
-9.791341366717571049e+00
-9.812790088221881035e+00
-9.834262276598733976e+00
-9.855757931848129871e+00
-9.877277053970068721e+00
-9.898819642964550525e+00
-2.046308811882935341e+00
-2.050762149884857166e+00
-2.055220328471563107e+00
-2.059683347643054052e+00
-2.064151207399329557e+00
-2.068623907740390067e+00
-2.073101448666235136e+00
-2.077583830176864765e+00
-2.082071052272278955e+00
8.889689300902038127e+00
8.908848114050535116e+00
8.928027550248705424e+00
8.947227609496552603e+00
8.966448291794074876e+00
8.985689597141272245e+00
9.004951525538146484e+00
9.024234076984694042e+00
9.043537251480918471e+00
1.899469011273858143e+01
1.903523374158113768e+01
1.907582059390860252e+01
1.911645066972097240e+01
1.915712396901825443e+01
1.919784049180043795e+01
1.923860023806753006e+01
1.927940320781953076e+01
1.932024940105643651e+01
3.401128461555334326e+01
3.408319007985684124e+01
3.415517147390089292e+01
3.422722879768549120e+01
3.429936205121064319e+01
3.437157123447634888e+01
3.444385634748260827e+01
3.451621739022942137e+01
3.458865436271678817e+01
5.033216805402614824e+01
5.043757573581468989e+01
5.054309367668459174e+01
5.064872187663586089e+01
5.075446033566850446e+01
5.086030905378251532e+01
5.096626803097790059e+01
5.107233726725464606e+01
5.117851676261276594e+01
7.035158928102927689e+01
7.049754693513929737e+01
7.064365584070435489e+01
7.078991599772444943e+01
7.093632740619958099e+01
7.108289006612973537e+01
7.122960397751494099e+01
7.137646914035518364e+01
7.152348555465044910e+01
8.909405350612988173e+01
8.927718619576221215e+01
8.946050690663648197e+01
8.964401563875264856e+01
8.982771239211075454e+01
9.001159716671077149e+01
9.019566996255271363e+01
9.037993077963658095e+01
9.056437961796235925e+01
1.023114881717135631e+02
1.025198618747109407e+02
1.027284475550257241e+02
1.029372452126578850e+02
1.031462548476074375e+02
1.033554764598743958e+02
1.035649100494587458e+02
1.037745556163604732e+02
1.039844131605796207e+02
1.097485844831979307e+02
1.099700750674223428e+02
1.101917889284453764e+02
1.104137260662670030e+02
1.106358864808872653e+02
1.108582701723061348e+02
1.110808771405236115e+02
1.113037073855397097e+02
1.115267609073544151e+02
1.154773813053947009e+02
1.157083360680055080e+02
1.159395215546548741e+02
1.161709377653427993e+02
1.164025847000693119e+02
1.166344623588343836e+02
1.168665707416380428e+02
1.170989098484802611e+02
1.173314796793610526e+02
1.164689520320213205e+02
1.166998121946219555e+02
1.169309009316410197e+02
1.171622182430784846e+02
1.173937641289343787e+02
1.176255385892086736e+02
1.178575416239013975e+02
1.180897732330125365e+02
1.183222334165420904e+02
1.090512233213915181e+02
1.092654693397046799e+02
1.094799256092624802e+02
1.096945921300649616e+02
1.099094689021121098e+02
1.101245559254038966e+02
1.103398531999403787e+02
1.105553607257215134e+02
1.107710785027473150e+02
9.372692317080520752e+01
9.390944882449713305e+01
9.409215203232689362e+01
9.427503279429448924e+01
9.445809111039990569e+01
9.464132698064317140e+01
9.482474040502425794e+01
9.500833138354317953e+01
9.519209991619993616e+01
7.890563607780531186e+01
7.905796356058098695e+01
7.921043793581837633e+01
7.936305920351743737e+01
7.951582736367821269e+01
7.966874241630065967e+01
7.982180436138482094e+01
7.997501319893066807e+01
8.012836892893820107e+01
5.696426483465702262e+01
5.707328735108698936e+01
5.718241409554413224e+01
5.729164506802845835e+01
5.740098026853996771e+01
5.751041969707864610e+01
5.761996335364450772e+01
5.772961123823755969e+01
5.783936335085777358e+01
3.242849703145411411e+01
3.249003118141892088e+01
3.255162365759223064e+01
3.261327445997402918e+01
3.267498358856433072e+01
3.273675104336312813e+01
3.279857682437042854e+01
3.286046093158621773e+01
3.292240336501050990e+01
9.783633917597178709e+00
9.802041507282215349e+00
9.820466397333497355e+00
9.838908587751026502e+00
9.857368078534799238e+00
9.875844869684815563e+00
9.894338961201080807e+00
9.912850353083589638e+00
9.931379045332343836e+00
-1.614933264270717572e+01
-1.617946199465252377e+01
-1.620961942614302487e+01
-1.623980493717867191e+01
-1.627001852775946844e+01
-1.630026019788541802e+01
-1.633052994755651355e+01
-1.636082777677275857e+01
-1.639115368553415664e+01
-3.620141942463035178e+01
-3.626839707388961642e+01
-3.633543662485799075e+01
-3.640253807753547477e+01
-3.646970143192207559e+01
-3.653692668801777899e+01
-3.660421384582259918e+01
-3.667156290533653618e+01
-3.673897386655957575e+01
-6.088552331896978131e+01
-6.099723987551835336e+01
-6.110905883037723640e+01
-6.122098018354641624e+01
-6.133300393502592129e+01
-6.144513008481573024e+01
-6.155735863291585019e+01
-6.166968957932628115e+01
-6.178212292404702310e+01
-7.851616980272233093e+01
-7.865905637197205635e+01
-7.880207283810291585e+01
-7.894521920111490942e+01
-7.908849546100803707e+01
-7.923190161778229879e+01
-7.937543767143770879e+01
-7.951910362197423865e+01
-7.966289946939191680e+01
-9.675410370112118130e+01
-9.692875009769359451e+01
-9.710355397523677823e+01
-9.727851533375071824e+01
-9.745363417323541455e+01
-9.762891049369088137e+01
-9.780434429511709027e+01
-9.797993557751406968e+01
-9.815568434088180538e+01
-1.089031883761600881e+02
-1.090981806561532039e+02
-1.092933473478457813e+02
-1.094886884512378202e+02
-1.096842039663293207e+02
-1.098798938931202684e+02
-1.100757582316106920e+02
-1.102717969818005486e+02
-1.104680101436898809e+02
-1.201922132541011905e+02
-1.204056985351919593e+02
-1.206193732442162627e+02
-1.208332373811740865e+02
-1.210472909460654591e+02
-1.212615339388903521e+02
-1.214759663596487798e+02
-1.216905882083407278e+02
-1.219053994849662246e+02
-1.311093652843905488e+02
-1.313403950029533576e+02
-1.315716280927472894e+02
-1.318030645537723444e+02
-1.320347043860285510e+02
-1.322665475895158522e+02
-1.324985941642343050e+02
-1.327308441101838810e+02
-1.329632974273645800e+02
-1.409201898922113401e+02
-1.411665538605543588e+02
-1.414131329939352497e+02
-1.416599272923539843e+02
-1.419069367558105625e+02
-1.421541613843050129e+02
-1.424016011778373070e+02
-1.426492561364074732e+02
-1.428971262600154546e+02
-1.455417485649537355e+02
-1.457942060646327604e+02
-1.460468823316425357e+02
-1.462997773659830330e+02
-1.465528911676542805e+02
-1.468062237366562783e+02
-1.470597750729889981e+02
-1.473135451766524966e+02
-1.475675340476467454e+02
-1.446471110170353427e+02
-1.448960733423658667e+02
-1.451452497367637591e+02
-1.453946402002289631e+02
-1.456442447327615639e+02
-1.458940633343615048e+02
-1.461440960050287856e+02
-1.463943427447634065e+02
-1.466448035535653958e+02
-1.422578306556684993e+02
-1.425007987695124996e+02
-1.427439741940338536e+02
-1.429873569292325612e+02
-1.432309469751085942e+02
-1.434747443316619808e+02
-1.437187489988926927e+02
-1.439629609768007299e+02
-1.442073802653861492e+02
-1.364610973920505046e+02
-1.366923873876302480e+02
-1.369238732257126117e+02
-1.371555549062975672e+02
-1.373874324293851430e+02
-1.376195057949753107e+02
-1.378517750030680986e+02
-1.380842400536634784e+02
-1.383169009467615069e+02
-1.290074655155000869e+02
-1.292244671395800140e+02
-1.294416511179658471e+02
-1.296590174506576432e+02
-1.298765661376554021e+02
-1.300942971789590956e+02
-1.303122105745687520e+02
-1.305303063244843429e+02
-1.307485844287058967e+02
-1.050527376789058849e+02
-1.052281178753648305e+02
-1.054036443438808561e+02
-1.055793170844539901e+02
-1.057551360970842182e+02
-1.059311013817715690e+02
-1.061072129385159855e+02
-1.062834707673175103e+02
-1.064598748681761293e+02
-7.753230935703818716e+01
-7.766078045787834583e+01
-7.778935790896754554e+01
-7.791804171030580051e+01
-7.804683186189308230e+01
-7.817572836372939094e+01
-7.830473121581476903e+01
-7.843384041814915975e+01
-7.856305597073260572e+01
-4.626419228713715626e+01
-4.634028470866204685e+01
-4.641643965477324940e+01
-4.649265712547074259e+01
-4.656893712075453351e+01
-4.664527964062462217e+01
-4.672168468508100858e+01
-4.679815225412369273e+01
-4.687468234775267462e+01
-9.770162333279081679e+00
-9.786113618721170582e+00
-9.802077914999671293e+00
-9.818055222114585590e+00
-9.834045540065911695e+00
-9.850048868853651385e+00
-9.866065208477802884e+00
-9.882094558938369744e+00
-9.898136920235346636e+00
3.746887343371820123e+01
3.752960094333524665e+01
3.759037762502486402e+01
3.765120347878703910e+01
3.771207850462177902e+01
3.777300270252908376e+01
3.783397607250895334e+01
3.789499861456138774e+01
3.795607032868638697e+01
8.575074915302226941e+01
8.588872300523951253e+01
8.602680776891354242e+01
8.616500344404433065e+01
8.630331003063187723e+01
8.644172752867619636e+01
8.658025593817727383e+01
8.671889525913512387e+01
8.685764549154974645e+01
1.392131603222667025e+02
1.394355455623981470e+02
1.396581082847642961e+02
1.398808484893652064e+02
1.401037661762008497e+02
1.403268613452712259e+02
1.405501339965763634e+02
1.407735841301162054e+02
1.409972117458908087e+02
1.854744541751428528e+02
1.857686246020661542e+02
1.860630281275844879e+02
1.863576647516978255e+02
1.866525344744062238e+02
1.869476372957096260e+02
1.872429732156080604e+02
1.875385422341015271e+02
1.878343443511900261e+02
2.446637215979538382e+02
2.450490187973206559e+02
2.454346191416122736e+02
2.458205226308286626e+02
2.462067292649697947e+02
2.465932390440356698e+02
2.469800519680263449e+02
2.473671680369417061e+02
2.477545872507818672e+02
2.785942284954725778e+02
2.790298723242379424e+02
2.794658564997445751e+02
2.799021810219924191e+02
2.803388458909815313e+02
2.807758511067117979e+02
2.812131966691833327e+02
2.816508825783960219e+02
2.820889088343499793e+02
3.101443044256546955e+02
3.106258949604771828e+02
3.111078591109201170e+02
3.115901968769835548e+02
3.120729082586674963e+02
3.125559932559719414e+02
3.130394518688968901e+02
3.135232840974422857e+02
3.140074899416082417e+02
3.255365607514293060e+02
3.260385446538987253e+02
3.265409152928107233e+02
3.270436726681653568e+02
3.275468167799625121e+02
3.280503476282022461e+02
3.285542652128846157e+02
3.290585695340095640e+02
3.295632605915770341e+02
3.143819275300758704e+02
3.148633699918370894e+02
3.153451808104933320e+02
3.158273599860444847e+02
3.163099075184907178e+02
3.167928234078319178e+02
3.172761076540681415e+02
3.177597602571993320e+02
3.182437812172255462e+02
3.084828393025797482e+02
3.089520147235722902e+02
3.094215466608421252e+02
3.098914351143893100e+02
3.103616800842139014e+02
3.108322815703158426e+02
3.113032395726951336e+02
3.117745540913517175e+02
3.122462251262856512e+02
2.655272996057580599e+02
2.659283982456458943e+02
2.663297996014883893e+02
2.667315036732854878e+02
2.671335104610372468e+02
2.675358199647436095e+02
2.679384321844046326e+02
2.683413471200202594e+02
2.687445647715905466e+02
2.263324559915349710e+02
2.266720395714172298e+02
2.270118777117042157e+02
2.273519704123959002e+02
2.276923176734923118e+02
2.280329194949934219e+02
2.283737758768992308e+02
2.287148868192097666e+02
2.290562523219250011e+02
1.621737097461486883e+02
1.624153993284827493e+02
1.626572688732757115e+02
1.628993183805276317e+02
1.631415478502384531e+02
1.633839572824082040e+02
1.636265466770368562e+02
1.638693160341244379e+02
1.641122653536709777e+02
1.018408330553892682e+02
1.019915966868554165e+02
1.021424718298833199e+02
1.022934584844729500e+02
1.024445566506243068e+02
1.025957663283374046e+02
1.027470875176122433e+02
1.028985202184488088e+02
1.030500644308471152e+02
2.924825254830548005e+01
2.929126468440592745e+01
2.933430842383929615e+01
2.937738376660557549e+01
2.942049071270477967e+01
2.946362926213689448e+01
2.950679941490193414e+01
2.955000117099988444e+01
2.959323453043075602e+01
-3.932660703261059609e+01
-3.938406007429446731e+01
-3.944155505250511595e+01
-3.949909196724254201e+01
-3.955667081850674549e+01
-3.961429160629772639e+01
-3.967195433061547760e+01
-3.972965899146001334e+01
-3.978740558883131939e+01
-1.178974330562296302e+02
-1.180685468923054344e+02
-1.182397848138316192e+02
-1.184111468208081845e+02
-1.185826329132351304e+02
-1.187542430911124569e+02
-1.189259773544401639e+02
-1.190978357032182657e+02
-1.192698181374467339e+02
-1.725297602554052219e+02
-1.727785414526012175e+02
-1.730275018869709527e+02
-1.732766415585144557e+02
-1.735259604672317550e+02
-1.737754586131227938e+02
-1.740251359961876290e+02
-1.742749926164262320e+02
-1.745250284738386313e+02
-2.356096555322464212e+02
-2.359472051820061154e+02
-2.362849964564255743e+02
-2.366230293555048831e+02
-2.369613038792439568e+02
-2.372998200276429088e+02
-2.376385778007016256e+02
-2.379775771984201924e+02
-2.383168182207985240e+02
-2.822070955221054191e+02
-2.826088138075461416e+02
-2.830108178101173735e+02
-2.834131075298190012e+02
-2.838156829666511385e+02
-2.842185441206137284e+02
-2.846216909917068278e+02
-2.850251235799303799e+02
-2.854288418852843279e+02
-3.252643815248698047e+02
-3.257244442993038547e+02
-3.261848322064406602e+02
-3.266455452462802782e+02
-3.271065834188226518e+02
-3.275679467240678377e+02
-3.280296351620157793e+02
-3.284916487326665333e+02
-3.289539874360200429e+02
-3.740458691804847149e+02
-3.745715836839007125e+02
-3.750976673688500682e+02
-3.756241202353326116e+02
-3.761509422833485132e+02
-3.766781335128977162e+02
-3.772056939239802205e+02
-3.777336235165960261e+02
-3.782619222907450762e+02
-4.118246683097333403e+02
-4.123998424274843160e+02
-4.129754179228472140e+02
-4.135513947958218637e+02
-4.141277730464083788e+02
-4.147045526746067026e+02
-4.152817336804168917e+02
-4.158593160638388895e+02
-4.164372998248726958e+02
-4.523232927314036829e+02
-4.529510835610100798e+02
-4.535793097518020431e+02
-4.542079713037795727e+02
-4.548370682169427255e+02
-4.554666004912913877e+02
-4.560965681268256731e+02
-4.567269711235455816e+02
-4.573578094814509996e+02
-4.635283600342859813e+02
-4.641677094964022672e+02
-4.648074995853015139e+02
-4.654477303009837215e+02
-4.660884016434489467e+02
-4.667295136126971897e+02
-4.673710662087283936e+02
-4.680130594315425583e+02
-4.686554932811397407e+02
-4.677398214066864739e+02
-4.683810000515208571e+02
-4.690226178598106230e+02
-4.696646748315557147e+02
-4.703071709667562459e+02
-4.709501062654121029e+02
-4.715934807275232856e+02
-4.722372943530898510e+02
-4.728815471421118559e+02
-4.728068651664395361e+02
-4.734510162089006258e+02
-4.740956057476465730e+02
-4.747406337826773211e+02
-4.753861003139930403e+02
-4.760320053415935604e+02
-4.766783488654789380e+02
-4.773251308856492301e+02
-4.779723514021043229e+02
-4.591748594487847868e+02
-4.597966263539287297e+02
-4.604188139403345303e+02
-4.610414222080023592e+02
-4.616644511569321025e+02
-4.622879007871237604e+02
-4.629117710985773329e+02
-4.635360620912929335e+02
-4.641607737652703918e+02
-4.451864471923388464e+02
-4.457856214146704019e+02
-4.463851985786443493e+02
-4.469851786842608021e+02
-4.475855617315197605e+02
-4.481863477204211108e+02
-4.487875366509649666e+02
-4.493891285231512711e+02
-4.499911233369799675e+02
-3.924543055993468670e+02
-3.929793280817539767e+02
-3.935047015150183825e+02
-3.940304258991399706e+02
-3.945565012341187412e+02
-3.950829275199548078e+02
-3.956097047566481137e+02
-3.961368329441986020e+02
-3.966643120826063296e+02
-3.120341439042830416e+02
-3.124490829254323216e+02
-3.128642976535724642e+02
-3.132797880887033557e+02
-3.136955542308250529e+02
-3.141115960799375557e+02
-3.145279136360408643e+02
-3.149445068991349785e+02
-3.153613758692198417e+02
-3.157785205462955673e+02
-3.161959409303620419e+02
-3.166136370214193221e+02
-3.170316088194673512e+02
-3.174498563245062428e+02
-3.178683795365359401e+02
-3.182871784555563863e+02
-3.187062530815676951e+02
-1.471421808722610933e+02
-1.473356617149596275e+02
-1.475292696804195032e+02
-1.477230047686406635e+02
-1.479168669796231370e+02
-1.481108563133668952e+02
-1.483049727698719664e+02
-1.484992163491383508e+02
-1.486935870511660198e+02
-1.488880848759549735e+02
-1.490827098235052404e+02
-1.492774618938168203e+02
-1.494723410868896849e+02
-1.496673474027238626e+02
-1.498624808413193250e+02
-1.500577414026761005e+02
-1.502531290867941607e+02
6.727443071715610756e+01
6.736191372198985050e+01
6.744945357088133164e+01
6.753705026383053678e+01
6.762470380083745169e+01
6.771241418190209060e+01
6.780018140702445351e+01
6.788800547620452619e+01
6.797588638944233708e+01
6.806382414673787196e+01
6.815181874809111662e+01
6.823987019350208527e+01
6.832797848297077792e+01
6.841614361649719456e+01
6.850436559408132098e+01
6.859264441572318560e+01
6.868098008142276001e+01
3.331847801026838169e+02
3.336133135819155768e+02
3.340421224682676211e+02
3.344712067617400635e+02
3.349005664623327903e+02
3.353302015700458583e+02
3.357601120848792107e+02
3.361902980068329612e+02
3.366207593359070529e+02
3.370514960721013722e+02
3.374825082154160896e+02
3.379137957658511482e+02
3.383453587234064912e+02
3.387771970880821755e+02
3.392093108598782010e+02
3.396417000387945677e+02
3.400743646248312189e+02
6.117126351438041638e+02
6.124908954938598526e+02
6.132696506057401393e+02
6.140489004794451375e+02
6.148286451149745062e+02
6.156088845123285864e+02
6.163896186715071508e+02
6.171708475925103130e+02
6.179525712753380731e+02
6.187347897199903173e+02
6.195175029264672730e+02
6.203007108947688266e+02
6.210844136248948644e+02
6.218686111168455000e+02
6.226533033706206197e+02
6.234384903862204510e+02
6.242241721636447664e+02
8.262191406988521294e+02
8.272590640980954504e+02
8.282996415372125512e+02
8.293408730162033180e+02
8.303827585350678646e+02
8.314252980938061910e+02
8.324684916924182971e+02
8.335123393309041830e+02
8.345568410092636213e+02
8.356019967274968394e+02
8.366478064856039509e+02
8.376942702835846148e+02
8.387413881214391722e+02
8.397891599991673957e+02
8.408375859167692852e+02
8.418866658742449545e+02
8.429363998715944035e+02
9.487430457937418851e+02
9.499245439827752762e+02
9.511067773915901853e+02
9.522897460201866124e+02
9.534734498685647850e+02
9.546578889367244756e+02
9.558430632246657979e+02
9.570289727323887519e+02
9.582156174598932239e+02
9.594029974071793276e+02
9.605911125742470631e+02
9.617799629610963166e+02
9.629695485677273155e+02
9.641598693941397187e+02
9.653509254403339810e+02
9.665427167063097613e+02
9.677352431920669460e+02
9.487526766247888190e+02
9.499218111616030455e+02
9.510916656088463697e+02
9.522622399665189050e+02
9.534335342346203106e+02
9.546055484131509274e+02
9.557782825021106419e+02
9.569517365014992265e+02
9.581259104113171361e+02
9.593008042315640296e+02
9.604764179622399070e+02
9.616527516033448819e+02
9.628298051548789545e+02
9.640075786168421246e+02
9.651860719892343923e+02
9.663652852720557576e+02
9.675452184653059930e+02
8.000088381737820100e+02
8.009844587081403233e+02
8.019606737705512387e+02
8.029374833610146425e+02
8.039148874795308757e+02
8.048928861260995973e+02
8.058714793007210346e+02
8.068506670033950741e+02
8.078304492341217156e+02
8.088108259929009591e+02
8.097917972797329185e+02
8.107733630946173662e+02
8.117555234375546434e+02
8.127382783085442952e+02
8.137216277075867765e+02
8.147055716346817462e+02
8.156901100898294317e+02
5.824270032438203089e+02
5.831299929882303559e+02
5.838334067312800926e+02
5.845372444729695189e+02
5.852415062132982939e+02
5.859461919522667586e+02
5.866513016898747992e+02
5.873568354261224158e+02
5.880627931610096084e+02
5.887691748945362633e+02
5.894759806267026079e+02
5.901832103575085284e+02
5.908908640869540250e+02
5.915989418150389838e+02
5.923074435417635186e+02
5.930163692671277431e+02
5.937257189911315436e+02
3.202821566910958495e+02
3.206648115975368682e+02
3.210476949546682590e+02
3.214308067624900218e+02
3.218141470210022703e+02
3.221977157302048909e+02
3.225815128900979403e+02
3.229655385006813617e+02
3.233497925619552120e+02
3.237342750739194912e+02
3.241189860365741993e+02
3.245039254499192793e+02
3.248890933139547883e+02
3.252744896286807261e+02
3.256601143940970360e+02
3.260459676102038316e+02
3.264320492770009992e+02
3.557158010667910020e+01
3.561365175671657113e+01
3.565574827179543149e+01
3.569786965191568129e+01
3.574001589707733473e+01
3.578218700728037049e+01
3.582438298252480280e+01
3.586660382281063164e+01
3.590884952813785702e+01
3.595112009850647183e+01
3.599341553391647608e+01
3.603573583436787686e+01
3.607808099986067418e+01
3.612045103039486094e+01
3.616284592597044423e+01
3.620526568658741695e+01
3.624771031224577911e+01
-2.070074227401746327e+02
-2.072498201906900874e+02
-2.074923594770454827e+02
-2.077350405992408469e+02
-2.079778635572761800e+02
-2.082208283511515106e+02
-2.084639349808668101e+02
-2.087071834464221070e+02
-2.089505737478173444e+02
-2.091941058850525508e+02
-2.094377798581277546e+02
-2.096815956670428989e+02
-2.099255533117980690e+02
-2.101696527923931512e+02
-2.104138941088282593e+02
-2.106582772611033079e+02
-2.109028022492183538e+02
-3.947961521505135352e+02
-3.952538868196735393e+02
-3.957118866885260218e+02
-3.961701517570709257e+02
-3.966286820253083079e+02
-3.970874774932381115e+02
-3.975465381608603366e+02
-3.980058640281749831e+02
-3.984654550951821648e+02
-3.989253113618817110e+02
-3.993854328282737356e+02
-3.998458194943581816e+02
-4.003064713601351059e+02
-4.007673884256044516e+02
-4.012285706907662757e+02
-4.016900181556204643e+02
-4.021517308201671881e+02
-5.268756212050864178e+02
-5.274805300698453721e+02
-5.280857859850144678e+02
-5.286913889505935913e+02
-5.292973389665827426e+02
-5.299036360329821491e+02
-5.305102801497914697e+02
-5.311172713170109319e+02
-5.317246095346404218e+02
-5.323322948026800532e+02
-5.329403271211297124e+02
-5.335487064899893994e+02
-5.341574329092592279e+02
-5.347665063789390842e+02
-5.353759268990290821e+02
-5.359856944695291077e+02
-5.365958090904391611e+02
-5.623709038028666782e+02
-5.630103249555703542e+02
-5.636501094157471243e+02
-5.642902571833971024e+02
-5.649307682585200610e+02
-5.655716426411162274e+02
-5.662128803311854881e+02
-5.668544813287279567e+02
-5.674964456337435195e+02
-5.681387732462321765e+02
-5.687814641661939277e+02
-5.694245183936288868e+02
-5.700679359285369401e+02
-5.707117167709182013e+02
-5.713558609207724430e+02
-5.720003683780998927e+02
-5.726452391429004365e+02
-5.364083008248495616e+02
-5.370123642266793240e+02
-5.376167675628939833e+02
-5.382215108334934257e+02
-5.388265940384776513e+02
-5.394320171778467738e+02
-5.400377802516006795e+02
-5.406438832597393684e+02
-5.412503262022628405e+02
-5.418571090791713232e+02
-5.424642318904644753e+02
-5.430716946361424107e+02
-5.436794973162052429e+02
-5.442876399306529720e+02
-5.448961224794854843e+02
-5.455049449627027798e+02
-5.461141073803048585e+02
-4.488618770577083978e+02
-4.493625595753411517e+02
-4.498635211802188678e+02
-4.503647618723416599e+02
-4.508662816517095280e+02
-4.513680805183224720e+02
-4.518701584721804352e+02
-4.523725155132834743e+02
-4.528751516416315326e+02
-4.533780668572247237e+02
-4.538812611600629339e+02
-4.543847345501462200e+02
-4.548884870274744685e+02
-4.553925185920479066e+02
-4.558968292438663070e+02
-4.564014189829298402e+02
-4.569062878092383926e+02
-3.175372996808354173e+02
-3.178881696252341271e+02
-3.182392333133901161e+02
-3.185904907453033275e+02
-3.189419419209738180e+02
-3.192935868404015878e+02
-3.196454255035866368e+02
-3.199974579105289081e+02
-3.203496840612284018e+02
-3.207021039556852315e+02
-3.210547175938992837e+02
-3.214075249758706150e+02
-3.217605261015991687e+02
-3.221137209710850016e+02
-3.224671095843281137e+02
-3.228206919413285050e+02
-3.231744680420861187e+02
-1.529489186091784347e+02
-1.531163503755814759e+02
-1.532838737348545521e+02
-1.534514886869976351e+02
-1.536191952320107532e+02
-1.537869933698938780e+02
-1.539548831006470380e+02
-1.541228644242702330e+02
-1.542909373407634348e+02
-1.544591018501266717e+02
-1.546273579523599153e+02
-1.547957056474631941e+02
-1.549641449354364795e+02
-1.551326758162798285e+02
-1.553012982899931842e+02
-1.554700123565765182e+02
-1.556388180160299441e+02
3.789805408077721438e+01
3.793915826090820076e+01
3.798028471972761366e+01
3.802143345723544599e+01
3.806260447343169773e+01
3.810379776831636178e+01
3.814501334188944526e+01
3.818625119415094815e+01
3.822751132510087047e+01
3.826879373473920509e+01
3.831009842306595914e+01
3.835142539008113971e+01
3.839277463578473260e+01
3.843414616017673779e+01
3.847553996325716241e+01
3.851695604502601356e+01
3.855839440548326991e+01
2.209872927672007847e+02
2.212247858276706722e+02
2.214624064354340192e+02
2.217001545904908255e+02
2.219380302928411481e+02
2.221760335424849586e+02
2.224141643394222285e+02
2.226524226836529863e+02
2.228908085751772319e+02
2.231293220139949938e+02
2.233679630001062151e+02
2.236067315335109242e+02
2.238456276142091212e+02
2.240846512422007777e+02
2.243238024174859788e+02
2.245630811400646110e+02
2.248024874099367594e+02
3.490314030207843530e+02
3.494031084553112692e+02
3.497750117107187293e+02
3.501471127870067335e+02
3.505194116841752248e+02
3.508919084022243169e+02
3.512646029411539530e+02
3.516374953009640763e+02
3.520105854816547435e+02
3.523838734832259547e+02
3.527573593056777099e+02
3.531310429490100091e+02
3.535049244132227955e+02
3.538790036983161826e+02
3.542532808042901138e+02
3.546277557311445321e+02
3.550024284788794375e+02
4.208497345803896224e+02
4.212939031656987368e+02
4.217383060171393367e+02
4.221829431347114223e+02
4.226278145184150503e+02
4.230729201682501071e+02
4.235182600842167062e+02
4.239638342663147910e+02
4.244096427145443045e+02
4.248556854289054172e+02
4.253019624093979587e+02
4.257484736560219289e+02
4.261952191687774985e+02
4.266421989476645535e+02
4.270894129926830374e+02
4.275368613038330636e+02
4.279845438811145755e+02
4.468973674020045905e+02
4.473648332674878247e+02
4.478325434956817617e+02
4.483004980865863445e+02
4.487686970402016300e+02
4.492371403565275045e+02
4.497058280355640250e+02
4.501747600773112481e+02
4.506439364817691171e+02
4.511133572489376320e+02
4.515830223788167928e+02
4.520529318714065994e+02
4.525230857267070519e+02
4.529934839447181503e+02
4.534641265254400082e+02
4.539350134688723983e+02
4.544061447750154912e+02
3.858760804344591975e+02
3.862761593151584520e+02
3.866764454906145829e+02
3.870769389608275333e+02
3.874776397257973599e+02
3.878785477855240060e+02
3.882796631400074716e+02
3.886809857892477567e+02
3.890825157332449180e+02
3.894842529719988988e+02
3.898861975055097560e+02
3.902883493337774325e+02
3.906907084568019854e+02
3.910932748745833010e+02
3.914960485871214928e+02
3.918990295944165041e+02
3.923022178964683917e+02
2.799169699083133196e+02
2.802046543583732614e+02
2.804924865662400748e+02
2.807804665319138735e+02
2.810685942553945438e+02
2.813568697366821425e+02
2.816452929757766128e+02
2.819338639726780684e+02
2.822225827273863956e+02
2.825114492399015944e+02
2.828004635102237216e+02
2.830896255383527773e+02
2.833789353242888183e+02
2.836683928680316740e+02
2.839579981695814581e+02
2.842477512289381707e+02
2.845376520461018117e+02
1.581671732618602277e+02
1.583283216808738416e+02
1.584895521510173069e+02
1.586508646722905951e+02
1.588122592446937347e+02
1.589737358682267256e+02
1.591352945428895680e+02
1.592969352686822333e+02
1.594586580456047500e+02
1.596204628736571181e+02
1.597823497528393091e+02
1.599443186831513799e+02
1.601063696645932737e+02
1.602685026971650188e+02
1.604307177808665870e+02
1.605930149156980349e+02
1.607553941016593058e+02
1.169561695727812989e+01
1.170743071178043060e+01
1.171925042981352583e+01
1.173107611137741557e+01
1.174290775647209628e+01
1.175474536509757151e+01
1.176658893725384125e+01
1.177843847294090374e+01
1.179029397215876251e+01
1.180215543490741226e+01
1.181402286118685652e+01
1.182589625099709529e+01
1.183777560433812681e+01
1.184966092120995107e+01
1.186155220161257162e+01
1.187344944554598491e+01
1.188535265301019095e+01
-1.127931853236982818e+02
-1.129061479529658953e+02
-1.130191671200859673e+02
-1.131322428250585403e+02
-1.132453750678836002e+02
-1.133585638485611469e+02
-1.134718091670911804e+02
-1.135851110234737007e+02
-1.136984694177086936e+02
-1.138118843497961876e+02
-1.139253558197361542e+02
-1.140388838275286219e+02
-1.141524683731735763e+02
-1.142661094566710176e+02
-1.143798070780209315e+02
-1.144935612372233322e+02
-1.146073719342782482e+02
-2.536254812751137990e+02
-2.538773437192797644e+02
-2.541293311572145228e+02
-2.543814435889181027e+02
-2.546336810143905041e+02
-2.548860434336317269e+02
-2.551385308466417712e+02
-2.553911432534206085e+02
-2.556438806539682957e+02
-2.558967430482848044e+02
-2.561497304363700778e+02
-2.564028428182242010e+02
-2.566560801938471172e+02
-2.569094425632388834e+02
-2.571629299263994994e+02
-2.574165422833288517e+02
-2.576702796340270538e+02
-2.579241419784941058e+02
-2.581781293167299509e+02
-2.584322416487345890e+02
-2.586864789745080202e+02
-2.589408412940503581e+02
-2.591953286073614322e+02
-2.594499409144413562e+02
-2.597046782152901301e+02
-2.599595405099076402e+02
-2.602145277982940001e+02
-2.604696400804492100e+02
-2.607248773563732129e+02
-2.609802396260660657e+02
-2.612357268895277116e+02
-2.614913391467581505e+02
-2.617470763977574393e+02
-3.293874604238764050e+02
-3.297092850066061374e+02
-3.300312667302453633e+02
-3.303534055947941965e+02
-3.306757016002525233e+02
-3.309981547466204006e+02
-3.313207650338977714e+02
-3.316435324620847496e+02
-3.319664570311812213e+02
-3.322895387411872434e+02
-3.326127775921028160e+02
-3.329361735839278822e+02
-3.332597267166624988e+02
-3.335834369903066658e+02
-3.339073044048603833e+02
-3.342313289603235944e+02
-3.345555106566963559e+02
-3.348798494939786679e+02
-3.352043454721705302e+02
-3.355289985912718862e+02
-3.358538088512828494e+02
-3.361787762522032494e+02
-3.365039007940332567e+02
-3.368291824767727576e+02
-3.371546213004218089e+02
-3.374802172649804106e+02
-3.378059703704485628e+02
-3.381318806168262086e+02
-3.384579480041134047e+02
-3.387841725323101514e+02
-3.391105542014163916e+02
-3.394370930114322391e+02
-3.397637889623575234e+02
-2.934635673164393097e+02
-2.937457438234742995e+02
-2.940280559271009224e+02
-2.943105036273190649e+02
-2.945930869241287837e+02
-2.948758058175300789e+02
-2.951586603075228936e+02
-2.954416503941072847e+02
-2.957247760772832521e+02
-2.960080373570507390e+02
-2.962914342334098592e+02
-2.965749667063604420e+02
-2.968586347759026580e+02
-2.971424384420363936e+02
-2.974263777047617054e+02
-2.977104525640785937e+02
-2.979946630199870015e+02
-2.982790090724869856e+02
-2.985634907215785461e+02
-2.988481079672616829e+02
-2.991328608095363393e+02
-2.994177492484025151e+02
-2.997027732838603242e+02
-2.999879329159097097e+02
-3.002732281445506146e+02
-3.005586589697830391e+02
-3.008442253916070968e+02
-3.011299274100226739e+02
-3.014157650250297706e+02
-3.017017382366285005e+02
-3.019878470448187500e+02
-3.022740914496005757e+02
-3.025604714509739210e+02
-1.784454510509630154e+02
-1.786143535129137661e+02
-1.787833358719609862e+02
-1.789523981281047043e+02
-1.791215402813448634e+02
-1.792907623316815204e+02
-1.794600642791146470e+02
-1.796294461236442430e+02
-1.797989078652703370e+02
-1.799684495039929004e+02
-1.801380710398119049e+02
-1.803077724727274358e+02
-1.804775538027394077e+02
-1.806474150298478776e+02
-1.808173561540528169e+02
-1.809873771753542258e+02
-1.811574780937521041e+02
-1.813276589092464803e+02
-1.814979196218373261e+02
-1.816682602315246413e+02
-1.818386807383084260e+02
-1.820091811421887087e+02
-1.821797614431654324e+02
-1.823504216412386540e+02
-1.825211617364083736e+02
-1.826919817286745342e+02
-1.828628816180371928e+02
-1.830338614044963208e+02
-1.832049210880519183e+02
-1.833760606687040138e+02
-1.835472801464525503e+02
-1.837185795212975847e+02
-1.838899587932391171e+02
-4.543329629425252847e+01
-4.547563860207569064e+01
-4.551800063151404885e+01
-4.556038238256760309e+01
-4.560278385523634626e+01
-4.564520504952028546e+01
-4.568764596541942069e+01
-4.573010660293375196e+01
-4.577258696206327926e+01
-4.581508704280800259e+01
-4.585760684516790775e+01
-4.590014636914302315e+01
-4.594270561473332748e+01
-4.598528458193882074e+01
-4.602788327075951713e+01
-4.607050168119540245e+01
-4.611313981324649092e+01
-4.615579766691276831e+01
-4.619847524219424173e+01
-4.624117253909090408e+01
-4.628388955760276957e+01
-4.632662629772983109e+01
-4.636938275947207444e+01
-4.641215894282952092e+01
-4.645495484780217055e+01
-4.649777047439000199e+01
-4.654060582259303658e+01
-4.658346089241126009e+01
-4.662633568384467964e+01
-4.666923019689329521e+01
-4.671214443155710683e+01
-4.675507838783610737e+01
-4.679803206573031105e+01
5.099933683404061213e+01
5.104614668886762985e+01
5.109297801610512835e+01
5.113983081575309342e+01
5.118670508781152506e+01
5.123360083228043038e+01
5.128051804915980938e+01
5.132745673844965495e+01
5.137441690014998130e+01
5.142139853426077423e+01
5.146840164078203372e+01
5.151542621971376690e+01
5.156247227105597375e+01
5.160953979480864007e+01
5.165662879097179427e+01
5.170373925954540795e+01
5.175087120052950240e+01
5.179802461392405633e+01
5.184519949972909103e+01
5.189239585794459231e+01
5.193961368857056726e+01
5.198685299160700879e+01
5.203411376705392399e+01
5.208139601491131288e+01
5.212869973517916833e+01
5.217602492785749746e+01
5.222337159294630027e+01
5.227073973044556965e+01
5.231812934035531271e+01
5.236554042267552944e+01
5.241297297740621275e+01
5.246042700454736263e+01
5.250790250409899329e+01
7.669605768068483087e+01
7.676540312162576640e+01
7.683477989805741970e+01
7.690418800997979076e+01
7.697362745739286538e+01
7.704309824029664355e+01
7.711260035869113949e+01
7.718213381257633898e+01
7.725169860195225624e+01
7.732129472681889126e+01
7.739092218717621563e+01
7.746058098302425776e+01
7.753027111436301766e+01
7.759999258119248111e+01
7.766974538351264812e+01
7.773952952132353289e+01
7.780934499462512122e+01
7.787919180341742731e+01
7.794906994770043696e+01
7.801897942747416437e+01
7.808892024273859533e+01
7.815889239349374407e+01
7.822889587973958214e+01
7.829893070147615219e+01
7.836899685870341159e+01
7.843909435142140296e+01
7.850922317963009789e+01
7.857938334332949637e+01
7.864957484251961262e+01
7.871979767720043242e+01
7.879005184737195577e+01
7.886033735303419689e+01
7.893065419418715578e+01
6.026634987138028521e+01
6.032003926992939569e+01
6.037375257293022912e+01
6.042748978038276420e+01
6.048125089228702222e+01
6.053503590864298900e+01
6.058884482945067163e+01
6.064267765471007010e+01
6.069653438442118443e+01
6.075041501858400039e+01
6.080431955719853931e+01
6.085824800026479409e+01
6.091220034778275760e+01
6.096617659975243697e+01
6.102017675617382508e+01
6.107420081704693615e+01
6.112824878237175596e+01
6.118232065214829163e+01
6.123641642637654314e+01
6.129053610505649630e+01
6.134467968818817241e+01
6.139884717577156437e+01
6.145303856780667218e+01
6.150725386429348163e+01
6.156149306523201403e+01
6.161575617062226229e+01
6.167004318046421218e+01
6.172435409475788504e+01
6.177868891350327374e+01
6.183304763670037829e+01
6.188743026434918448e+01
6.194183679644971363e+01
6.199626723300195863e+01
1.185570898514966665e+01
1.186611786046586481e+01
1.187653130308145499e+01
1.188694931299643898e+01
1.189737189021081498e+01
1.190779903472458656e+01
1.191823074653774661e+01
1.192866702565030224e+01
1.193910787206224988e+01
1.194955328577359133e+01
1.196000326678432302e+01
1.197045781509445028e+01
1.198091693070396779e+01
1.199138061361288088e+01
1.200184886382118599e+01
1.201232168132888312e+01
1.202279906613597227e+01
1.203328101824245699e+01
1.204376753764833197e+01
1.205425862435360074e+01
1.206475427835826153e+01
1.207525449966231612e+01
1.208575928826576273e+01
1.209626864416860315e+01
1.210678256737083558e+01
1.211730105787246181e+01
1.212782411567347829e+01
1.213835174077389034e+01
1.214888393317369442e+01
1.215942069287289051e+01
1.216996201987148041e+01
1.218050791416946232e+01
1.219105837576683804e+01
-3.878680227047210849e+01
-3.882036938624058564e+01
-3.885395102065774608e+01
-3.888754717372360403e+01
-3.892115784543813817e+01
-3.895478303580136981e+01
-3.898842274481329184e+01
-3.902207697247389717e+01
-3.905574571878319290e+01
-3.908942898374117192e+01
-3.912312676734784844e+01
-3.915683906960320826e+01
-3.919056589050725847e+01
-3.922430723006000619e+01
-3.925806308826143010e+01
-3.929183346511154440e+01
-3.932561836061035621e+01
-3.935941777475784420e+01
-3.939323170755402970e+01
-3.942706015899890559e+01
-3.946090312909246478e+01
-3.949476061783471437e+01
-3.952863262522565435e+01
-3.956251915126527763e+01
-3.959642019595359841e+01
-3.963033575929060248e+01
-3.966426584127629695e+01
-3.969821044191068182e+01
-3.973216956119375709e+01
-3.976614319912551565e+01
-3.980013135570596461e+01
-3.983413403093509686e+01
-3.986815122481292661e+01
-6.557138119442625168e+01
-6.562732947189590504e+01
-6.568330160790604566e+01
-6.573929760245668774e+01
-6.579531745554783129e+01
-6.585136116717947630e+01
-6.590742873735162277e+01
-6.596352016606425650e+01
-6.601963545331740590e+01
-6.607577459911102835e+01
-6.613193760344516647e+01
-6.618812446631980606e+01
-6.624433518773493290e+01
-6.630056976769057542e+01
-6.635682820618670519e+01
-6.641311050322333642e+01
-6.646941665880045491e+01
-6.652574667291808908e+01
-6.658210054557621049e+01
-6.663847827677483338e+01
-6.669487986651395772e+01
-6.675130531479358353e+01
-6.680775462161371081e+01
-6.686422778697432534e+01
-6.692072481087545555e+01
-6.697724569331705879e+01
-6.703379043429917772e+01
-6.709035903382179811e+01
-6.714695149188490575e+01
-6.720356780848851486e+01
-6.726020798363262543e+01
-6.731687201731725168e+01
-6.737355990954235097e+01
-7.179688928021866445e+01
-7.185729894726134148e+01
-7.191773401786458919e+01
-7.197819449202840758e+01
-7.203868036975281086e+01
-7.209919165103777061e+01
-7.215972833588331525e+01
-7.222029042428941636e+01
-7.228087791625611658e+01
-7.234149081178337326e+01
-7.240212911087120062e+01
-7.246279281351961288e+01
-7.252348191972858160e+01
-7.258419642949813522e+01
-7.264493634282825951e+01
-7.270570165971895449e+01
-7.276649238017022014e+01
-7.282730850418207069e+01
-7.288815003175447771e+01
-7.294901696288746962e+01
-7.300990929758103221e+01
-7.307082703583516547e+01
-7.313177017764988364e+01
-7.319273872302515827e+01
-7.325373267196101779e+01
-7.331475202445743378e+01
-7.337579678051444887e+01
-7.343686694013202043e+01
-7.349796250331016267e+01
-7.355908347004887560e+01
-7.362022984034817341e+01
-7.368140161420804191e+01
-7.374259879162848108e+01
-5.898879670013693044e+01
-5.903775005839430889e+01
-5.908672372082350677e+01
-5.913571768742451695e+01
-5.918473195819735366e+01
-5.923376653314200269e+01
-5.928282141225847823e+01
-5.933189659554677320e+01
-5.938099208300688758e+01
-5.943010787463882139e+01
-5.947924397044257461e+01
-5.952840037041814014e+01
-5.957757707456553931e+01
-5.962677408288474368e+01
-5.967599139537578168e+01
-5.972522901203863199e+01
-5.977448693287330173e+01
-5.982376515787979088e+01
-5.987306368705810655e+01
-5.992238252040823454e+01
-5.997172165793018905e+01
-6.002108109962395588e+01
-6.007046084548954212e+01
-6.011986089552694779e+01
-6.016928124973617997e+01
-6.021872190811723158e+01
-6.026818287067010260e+01
-6.031766413739478594e+01
-6.036716570829129580e+01
-6.041668758335962508e+01
-6.046622976259976667e+01
-6.051579224601173479e+01
-6.056537503359552232e+01
-3.608626504871151752e+01
-3.611580763164128172e+01
-3.614536230237094117e+01
-3.617492906090048876e+01
-3.620450790722992451e+01
-3.623409884135924841e+01
-3.626370186328846756e+01
-3.629331697301756776e+01
-3.632294417054656321e+01
-3.635258345587544682e+01
-3.638223482900421857e+01
-3.641189828993288558e+01
-3.644157383866143363e+01
-3.647126147518987693e+01
-3.650096119951820839e+01
-3.653067301164642799e+01
-3.656039691157453575e+01
-3.659013289930253165e+01
-3.661988097483042282e+01
-3.664964113815819502e+01
-3.667941338928586958e+01
-3.670919772821342519e+01
-3.673899415494086895e+01
-3.676880266946820086e+01
-3.679862327179542802e+01
-3.682845596192254334e+01
-3.685830073984954680e+01
-3.688815760557643841e+01
-3.691802655910322528e+01
-3.694790760042989319e+01
-3.697780072955645636e+01
-3.700770594648290768e+01
-3.703762325120924714e+01
-2.025341924726052412e+01
-2.026977903663633995e+01
-2.028614543069095077e+01
-2.030251842942436014e+01
-2.031889803283655738e+01
-2.033528424092755671e+01
-2.035167705369734747e+01
-2.036807647114593678e+01
-2.038448249327332107e+01
-2.040089512007949679e+01
-2.041731435156447105e+01
-2.043374018772824030e+01
-2.045017262857080453e+01
-2.046661167409216375e+01
-2.048305732429231796e+01
-2.049950957917126715e+01
-2.051596843872901132e+01
-2.053243390296555404e+01
-2.054890597188088819e+01
-2.056538464547502087e+01
-2.058186992374794499e+01
-2.059836180669966410e+01
-2.061486029433018174e+01
-2.063136538663949437e+01
-2.064787708362760199e+01
-2.066439538529450104e+01
-2.068092029164020218e+01
-2.069745180266469475e+01
-2.071398991836797876e+01
-2.073053463875006486e+01
-2.074708596381094239e+01
-2.076364389355061491e+01
-2.078020842796908596e+01
