6.309823254848347107e-02
2.865802085399153376e-01
1.021230985540569763e-01
1.468828744117596785e-01
1.773095454673190574e-01
2.096131997252067003e-01
2.419848618435587184e-01
2.601001807752400530e-01
2.954037481853869496e-01
3.048283800276169742e-01
3.501992672007597784e-01
3.781097548148882326e-01
4.030382460599883365e-01
4.211414329730069350e-01
4.584360180768488058e-01
4.919794164497117706e-01
9.341360614077440783e-01
1.052126604065414917e+00
1.127380541829376082e+00
1.181338786533061125e+00
1.329750394540483605e+00
1.357113311142559953e+00
1.398958518451465904e+00
1.488027319595420561e+00
1.551081555853081495e+00
1.588309133119410577e+00
1.595004031125161648e+00
1.666365597325289771e+00
1.729141601508159987e+00
1.985229301027968685e+00
2.227543065254834254e+00
2.232877361458664112e+00
2.835433397514984133e+00
3.327121192923373716e+00
3.763568763388191130e+00
4.410258871180888995e+00
5.023946772405143868e+00
5.684888813310749356e+00
6.731002366697728334e+00
6.975254168458327797e+00
7.739175817722037998e+00
8.445196790539318599e+00
9.912483512112375550e+00
1.086656822638941122e+01
1.261821719828045296e+01
1.499899164541850993e+01
1.527392211153502011e+01
1.639332813877864936e+01
1.826961589081728476e+01
1.873999405970039689e+01
1.954333766124396021e+01
2.075110873072746287e+01
2.176744408459309099e+01
2.117164713130621223e+01
2.372052697458539683e+01
2.064939894449947033e+01
1.711134993768112267e+01
1.588901152385690807e+01
1.050061033178528014e+01
8.375406997506731344e+00
3.588009981120159342e+00
-1.467769525957747012e+00
-2.391863423608206141e+00
-5.645396233623801052e+00
-1.005184471528681023e+01
-9.246441325126188104e+00
-9.931291047504091196e+00
-1.285830776512866613e+01
-9.226097548714568219e+00
-6.299088725700952018e+00
-1.878818608939444967e+00
1.099615690121260814e+00
6.156287543037730181e+00
1.196724724041588317e+01
1.675250360989430831e+01
1.747730006962549254e+01
2.803231532967425466e+01
3.544991769680761706e+01
3.615838306175908201e+01
4.921001380746213272e+01
6.101791930990736290e+01
6.269028245095927332e+01
7.990013833405693333e+01
8.778165261883589210e+01
9.264896066380019590e+01
8.069918483913396301e+01
8.130623115552766933e+01
6.924427491735259821e+01
5.419373750521659616e+01
4.501655010991727579e+01
2.434344886877999059e+01
-1.913493743516957446e+00
-2.791940467533790837e+01
-6.717341744818385507e+01
-8.095815245227059620e+01
-1.055730395346566439e+02
-1.234735872374231604e+02
-1.412466910922015302e+02
-1.440911635095235113e+02
-1.550890715700072917e+02
-1.581094831046447666e+02
-1.521089520866657949e+02
-1.439731055198652996e+02
-1.253768271233744542e+02
-9.138606309321264121e+01
-4.676628791643200600e+01
5.335805047458222816e+00
6.577204253678235091e+01
1.449854421380320275e+02
2.161268333819308225e+02
3.271023928249715595e+02
4.199026419556751080e+02
5.598019504853915578e+02
6.652358728719387955e+02
7.524663312917052735e+02
8.207621504534048427e+02
8.880909563860832350e+02
9.194176081306578681e+02
9.079219717709974020e+02
8.482368939044026774e+02
7.691642356383187007e+02
6.344979434222781265e+02
4.777853831837171015e+02
3.138674820812407802e+02
1.188837364813246040e+02
-3.071832379371462096e+01
-2.219504381984940551e+02
-3.877956530344167732e+02
-5.350046241008675452e+02
-6.386811234860384729e+02
-7.469219689148521866e+02
-8.206488000422067444e+02
-8.961952469384793858e+02
-9.588753091633843724e+02
-9.269826205627921354e+02
-9.066291157618147736e+02
-8.653303483429596099e+02
-7.907654590356644349e+02
-6.276490396338413120e+02
-4.252317941937096180e+02
-2.108398039028515143e+02
4.859473191743130371e+01
3.419093271922249642e+02
6.668294104971932938e+02
1.002944174394383708e+03
1.279166697874967213e+03
1.583537493499438369e+03
1.848990661474915441e+03
2.051846122787448621e+03
2.132034927764598251e+03
2.061125836225475723e+03
1.991004832903102852e+03
1.687425996520108356e+03
1.443517930791728077e+03
1.017424190428888437e+03
5.521382439856338351e+02
4.805888286978706248e+01
-4.587004219067169402e+02
-1.051968363018318314e+03
-1.434947117305849360e+03
-1.904509807388752733e+03
-2.261663873869583313e+03
-2.568479803617603920e+03
-2.914779647701437170e+03
-3.195458090413933405e+03
-3.492800669770773766e+03
-3.542366141547941879e+03
-3.547005777837646747e+03
-3.598861534913951800e+03
-3.485843838349369889e+03
-3.323405069569985244e+03
-2.949736511236664683e+03
-4.422340812176773397e+03
-2.131309118331681475e+03
7.660372889792249680e+02
4.200544861797184240e+03
7.719444224689489602e+03
1.041098712338349469e+04
1.205702248454065921e+04
1.217751273384707747e+04
9.987844741918008367e+03
7.118461003875817369e+03
3.572380360518822727e+03
-1.253610486679308309e+02
-3.233932872506885360e+03
-5.741375658538707285e+03
-7.458937563630723162e+03
-7.665684000004379413e+03
-7.328623354074747112e+03
-6.072929667705687280e+03
-4.157271575051436230e+03
-1.840867571043562293e+03
6.724410157113917421e+02
2.878086761459369882e+03
4.593830660987322517e+03
5.591078254949842631e+03
5.611486057450646513e+03
4.967687507092603482e+03
3.422470045076505812e+03
1.748094803149281688e+03
-6.334953573898773271e+01
-1.633281058195581181e+03
-6.830240046264550983e+03
-8.521424985047386144e+03
-7.393207017970697962e+03
-3.981083806227147761e+03
-6.437192351579769820e+02
2.075642678866930510e+03
2.538108822351922299e+03
2.203279862012240301e+03
9.799036044832691914e+02
-3.931080088925005498e+02
-1.097756324298426080e+03
-1.353177309715946876e+03
-1.045180341882409948e+03
-4.527477357534898488e+02
-8.354818006686595311e+01
4.696761582801586149e-02
-9.045528736627430622e-01
-1.944567095316767302e+00
-4.456408865572490718e+00
-2.662390937072589114e+00
-5.013268405311459563e-01
4.666678867757846128e+00
-7.721998767827921162e-01
8.809078893740037719e-01
7.260681895989564261e+00
5.731654828116526268e+00
5.331974867849106126e+00
7.531526641742878780e+00
8.360862351623312705e+00
1.557651131277151002e+01
2.146991452665207589e+01
2.426041201909414369e+01
2.369951845649217859e+01
3.197846866052925563e+01
3.071976169807012980e+01
3.340882603399377615e+01
3.775145331366266532e+01
3.821255834261260276e+01
3.018704683680561374e+01
2.724684099594037789e+01
2.206087604367266053e+01
1.122892265780417986e+01
1.274746982469810774e+01
3.177998729973716685e+00
-2.556833850636955674e+00
-1.829441728293179636e+01
-3.120754924581142831e+01
-2.562075532306907277e+01
-4.313660150200334442e+01
-4.219274349504165400e+01
-3.528826026550046890e+01
-3.541765875180325196e+01
-3.203927872561947510e+01
-1.849301029124787732e+01
-2.928320702539081832e+00
1.300362721151196688e+01
2.450081822334117376e+01
4.657406770481820502e+01
5.651107195442203590e+01
8.874368151756506506e+01
1.191911267376170258e+02
1.318097791247276689e+02
1.873825833877711204e+02
2.004131577852336648e+02
2.586760506966148796e+02
2.831186330350710136e+02
3.401301986690216950e+02
3.718582495189215820e+02
3.968455536220779436e+02
4.228971270967135752e+02
4.395148003982641853e+02
4.112127089129845103e+02
3.968271715283938761e+02
3.440885505644819204e+02
3.459536649765400398e+02
2.817248539758761012e+02
1.963592885355330679e+02
5.208025613422285005e+01
-2.527009937799929773e+01
-9.233209254884879158e+01
-1.433586653894133747e+02
-2.239424971688161747e+02
-3.006501539084219417e+02
-2.963163905162335254e+02
-2.776412266515168312e+02
-2.976689987923039098e+02
-2.737852967333772085e+02
-1.980898017052812747e+02
-1.743973465765182880e+02
-1.159348783553897135e+02
-3.407321796506934231e+00
8.264791186649834742e+01
2.425678662429655219e+02
3.481513278794262760e+02
5.340374820487571697e+02
7.178617731559005506e+02
9.452080927166914535e+02
1.103995469410626811e+03
1.257595935153297660e+03
1.443514320874635587e+03
1.651695920266185567e+03
1.734910483927011910e+03
1.836484432843160675e+03
1.848605860756917991e+03
1.751385592019685419e+03
1.638285089591924361e+03
1.387283501258109482e+03
1.285459470509486209e+03
1.083030230311091827e+03
7.190535197022768443e+02
4.508532259918451928e+02
1.376200773160473432e+02
-1.645753930468888200e+02
-4.259911194932495846e+02
-7.624659352252667759e+02
-1.017686767887590349e+03
-1.275338397537055471e+03
-1.437946987927150076e+03
-1.699065360569477889e+03
-1.810532949644298697e+03
-1.891540574049323141e+03
-2.020616091320803662e+03
-1.913281000739166075e+03
-1.943105628923610311e+03
-1.553098072230703337e+03
-1.179422012887428536e+03
-7.101908258125222346e+02
-6.611118166954497610e+01
4.088004959283980497e+02
9.906916993652988594e+02
1.648145007463608636e+03
2.257404411551930934e+03
2.828059099265488840e+03
3.092999645516670171e+03
3.391097610305284888e+03
3.638214983997874242e+03
3.543593324173481051e+03
3.500107760658052939e+03
3.406306376461464879e+03
3.089960564451675964e+03
2.668659466870755296e+03
2.320823815126703721e+03
1.861967063737243279e+03
1.372702590854830532e+03
9.753841564308413581e+02
3.807114587580714442e+02
7.406183483634433173e+01
-2.819315596247047893e+02
-9.318443197102516251e+02
-1.309400672168952724e+03
-1.635078956015976246e+03
-1.899703131605969929e+03
-2.310226367828077400e+03
-2.415702094216302612e+03
-2.392173201107225395e+03
-2.468617630687028850e+03
-2.056036348868728055e+03
-1.870244754536750179e+03
-1.414420064490278719e+03
-6.095261173457889754e+02
-6.733399078881770095e+01
7.426300996495145910e+02
1.322712818233503640e+03
2.180257478280873329e+03
2.834488536054851920e+03
3.300606031991656891e+03
3.664013418789966636e+03
3.979606580508690058e+03
3.915875371377401279e+03
4.088330652932261728e+03
3.911952615147454708e+03
3.533011552186154859e+03
3.361812285949400120e+03
2.808903667947612121e+03
2.728628561844913747e+03
2.353212415507660353e+03
1.814034155325070515e+03
1.285743713072601849e+03
8.177406367691530704e+02
2.319855633928284533e+02
-4.956570355517902016e+01
-4.841306816971238050e+02
-8.326410617378676307e+02
-1.295955670073038846e+03
-1.762693003053198936e+03
-4.167199683979129077e+03
-4.346236442894611173e+03
-4.791068800873016698e+03
-4.212115696799482976e+03
-2.951051538720096687e+03
-1.662208154108553117e+03
3.332497690655881684e+02
1.949578025117065408e+03
3.443223675085693685e+03
3.816396140446859135e+03
4.027281236359575814e+03
3.600562411202529802e+03
3.100124351763497089e+03
2.331638970720548969e+03
1.408530587991962648e+03
6.419461016670154550e+02
-2.876640241878976667e+02
-7.267077982356346411e+02
-1.248644218916629825e+03
-1.373776538348952954e+03
-1.569830363998599978e+03
-1.306831270036099113e+03
-9.710066556285406705e+02
-2.613979253824106195e+02
2.159680989765410430e+01
6.551285810887745811e+02
8.519183077776375512e+02
1.080650652133043877e+03
1.207226280031779424e+03
2.441800494636460761e-01
2.626444782552071544e+01
1.208182397930641372e+01
4.691382166867487058e+01
7.539801531317810657e+01
8.456597481968278984e+00
3.953591745635713295e+01
7.080860066339168668e+01
3.403865049908677776e+01
7.436849234611626969e+01
7.430990246608423888e+01
7.082108142266551454e+01
9.537574760395428086e+01
1.131467799892629387e+02
1.609679468969465290e+02
3.296904211692051376e+02
2.653980911773671778e+02
2.680102938614210188e+02
3.771090404358356523e+02
3.818476042590303905e+02
3.917722090568766475e+02
5.570443081888053030e+02
5.347969270252607430e+02
7.177690033136963166e+02
5.843157672287035211e+02
8.071448173828317749e+02
6.440209737814772097e+02
6.356441401907461568e+02
8.114604198196471998e+02
7.886467907637986627e+02
7.767325272284743960e+02
6.843867925258638252e+02
5.868113191169675247e+02
4.624108153349627059e+02
5.404772634061114331e+02
2.051035262564445532e+02
2.141187114638818514e+02
1.436540653837572279e+02
3.902484737057865516e+01
-5.874745005682021315e+01
-1.512772892414928094e+02
-2.562644994730318899e+02
-2.544473174328830112e+02
-2.234891756239048846e+02
-2.686110408594562386e+02
-2.655316491273550810e+02
-2.504772687058311362e+02
-2.104013957095754392e+02
-7.641235542311224549e+01
2.109887898210454082e+01
9.359501610211520983e+01
3.803724016452957244e+02
5.588883305918246833e+02
6.526771169111664221e+02
9.627344003147431977e+02
1.246157912858906911e+03
1.528439754235073451e+03
1.856345565740174379e+03
2.167632755668304526e+03
3.183038468820521302e+03
3.284338434703411622e+03
3.326819440916219264e+03
3.251889628555817580e+03
3.096437289020931985e+03
2.550478620793067876e+03
2.396636738350453470e+03
1.855726279830183330e+03
1.267686486787337344e+03
7.821116922556756208e+02
1.232475582995484302e+02
-5.478607239121686234e+01
-7.587363518024241102e+02
-1.018544135770208186e+03
-1.489579786288393052e+03
-1.719285271157956458e+03
-1.989196003875203587e+03
-2.123281041012135120e+03
-2.048095175870899766e+03
-1.980231854200726275e+03
-1.992914788085560531e+03
-1.999271934394170557e+03
-1.505774618190778028e+03
-1.359011728363468819e+03
-8.388252497574177369e+02
-3.884289542323539877e+02
4.382289775994373713e+02
8.637203733689591445e+02
1.701810611940005856e+03
2.322850346544001241e+03
2.565860105122997084e+03
2.999072462189457838e+03
3.293590362857832133e+03
3.417413412521082137e+03
3.719130157726429843e+03
3.607488738786273188e+03
3.749648892699715816e+03
3.646630148378097147e+03
3.396864206805043978e+03
3.318916401096000300e+03
3.084887186912393190e+03
2.719521244615416890e+03
2.232209056207945650e+03
1.496126633529894889e+03
1.118290361377089539e+03
4.808509072965813971e+02
-1.287268203677928398e+02
-5.269131175271744496e+02
-1.259450557486185062e+03
-1.669212092949585895e+03
-2.152210522764551570e+03
-2.603441292643012730e+03
-3.025609239325576709e+03
-2.989572651720599879e+03
-2.829375359104016752e+03
-2.135485071620094004e+03
-1.830009482024592671e+03
-1.633999181823078970e+03
-1.097343239335731141e+03
-9.508499807100528187e+02
-5.341066259000324408e+02
1.144170322741068730e+02
3.467564231728272262e+02
6.522861859758073706e+02
9.286652276405518478e+02
1.187393212057032542e+03
1.245321468551444241e+03
1.389611954347762776e+03
1.529677625825393989e+03
1.508150829125718928e+03
1.520438332888571040e+03
1.482811054639513031e+03
1.394714583954216778e+03
1.239086058543494346e+03
1.218744819403305428e+03
9.709930137871068609e+02
6.960287036598326722e+02
5.070300338264888182e+02
6.436538025690578024e+02
1.832727064296406070e+02
-6.445285945854675447e+01
-2.046638298699932079e+02
-4.534437806699888256e+02
-6.547276899400411594e+02
-7.200509897526742407e+02
-8.364834620631606867e+02
-9.596969987834497715e+02
-1.030924212968340044e+03
-8.673943943268034218e+02
-8.428251666708365519e+02
-7.856051256061379036e+02
-5.859736282283497530e+02
-5.185325929590610485e+02
-2.760052464264266519e+02
-1.929894192652027129e+02
-3.586586750902795018e+01
9.203913223298208379e+01
2.511675166282707323e+02
3.454010563728847387e+02
3.507122022874953586e+02
4.695466318944925774e+02
5.635686323606299766e+02
4.444305904626258439e+02
5.617258141372265072e+02
4.856621904014877487e+02
4.247799242120863141e+02
2.946803711851977141e+02
4.369831105408240433e+02
3.186706950476038855e+02
2.880781264335560081e+02
2.754631485917248597e+02
4.783349427646375602e+02
1.751169073375587004e+02
-7.100854569226092394e+01
-2.860287628963925499e+02
-3.300855904042901443e+02
-4.021311350484484137e+02
-4.495524946913591293e+02
-3.032538223021047656e+02
-2.649898183240904359e+02
-1.492232611987809889e+02
-8.905661600062835248e+01
4.983185635727703300e+01
6.446249250864079272e+01
2.457883919414196328e+02
1.465673748709013751e+02
2.042119326320968185e+02
1.623311335409207743e+02
6.896265212256990651e+01
7.481172364152045873e+01
9.834685784482837789e+01
2.232653910030299471e+01
-6.479449865729262115e+01
-5.160167760536035786e+01
-5.483855919023866932e+01
-3.246066104292880539e+01
-3.032282903236431437e+01
-7.867042344615551031e+01
-2.067447652469672548e+01
-1.545460523402881536e+00
