1.376242051057600668e-01
1.973987452856411917e-01
2.376708775336251467e-01
2.809774998476269325e-01
3.255587125441448126e-01
3.573083187589609633e-01
3.949697976617499440e-01
4.277452017666523165e-01
4.689388357132543983e-01
4.766196478122233238e-01
5.120068277970413195e-01
5.338103191158527494e-01
5.739924917087121381e-01
6.097824660300986688e-01
1.119626559977072500e+00
1.208045774268896144e+00
1.257210678634144596e+00
1.357511970545939528e+00
1.451013082364020379e+00
1.557500320745935252e+00
1.576527295119973582e+00
1.740152323506487297e+00
1.886412976549653342e+00
2.053732646072494727e+00
2.156700670200406122e+00
2.349504858625139914e+00
2.551488454773652048e+00
2.913293741043291529e+00
3.206189365459307439e+00
3.396628459208819617e+00
3.969784209018202059e+00
4.461241514548368592e+00
5.059475020849080629e+00
5.540415476511319604e+00
6.172798456783112009e+00
7.263665556670421353e+00
8.436510109832454418e+00
8.827068929883155946e+00
9.858805185978109620e+00
1.123193627581916409e+01
1.353696689551529708e+01
1.483281217114973138e+01
1.665061154936111265e+01
1.779940028756097803e+01
1.764402575954085961e+01
1.698178567205484413e+01
1.474436877661535839e+01
9.718682026030924348e+00
6.450699373479205967e+00
1.179954893421237161e+00
-2.178800654054160457e+00
-7.647189726465716930e+00
-1.042652039908261408e+01
-1.520796265377740220e+01
-1.945620578550995816e+01
-2.136570792291665200e+01
-2.519034027530313935e+01
-2.689654959094117359e+01
-2.899795222893076030e+01
-3.297562367303397934e+01
-3.254325133571290252e+01
-3.550323830793205104e+01
-3.935668185295200772e+01
-3.869118235762477553e+01
-4.013864996104141625e+01
-4.559656174781203930e+01
-4.454630720284616530e+01
-4.430789216772279104e+01
-4.006628151516564174e+01
-3.548138895286067651e+01
-2.884679169040891722e+01
-2.075528969931473355e+01
-1.032947286232136719e+01
-3.964961291522685727e+00
1.130084720156254718e+01
2.548672749106118118e+01
3.298469695024886761e+01
4.737996821585772977e+01
6.295533579866035723e+01
5.804100930850733420e+01
6.764881280782407202e+01
6.443701808496888361e+01
5.402355210462495450e+01
3.032683115428609710e+01
1.481505376093603132e+01
-7.442513484473749052e+00
-2.221887922921944281e+01
-3.546463429698182068e+01
-5.681866790894343211e+01
-7.646361995959163949e+01
-9.501729868441212545e+01
-1.180573564459983373e+02
-1.248282543976956021e+02
-1.415418754421703795e+02
-1.566185328834114330e+02
-1.703645119904345790e+02
-1.741255148248209252e+02
-1.937585323493835858e+02
-1.994960714886056792e+02
-1.986851393507705552e+02
-2.031422479975979911e+02
-1.942578204662975452e+02
-1.729208056555428641e+02
-1.290892786212463079e+02
-8.831581480017321439e+01
-1.857750608413750726e+01
8.069865331763693916e+01
1.724154124257114802e+02
3.086965363531123785e+02
4.567934507934576231e+02
6.384314841994472545e+02
8.084550521662544043e+02
9.283226529479887859e+02
9.957296766319437893e+02
1.047630184021780906e+03
1.056550734392961886e+03
9.891915276563488533e+02
8.501281466177341599e+02
7.156468530469546749e+02
5.166119492576750645e+02
2.940766020833339098e+02
8.871683171780054522e+01
-1.464310091361897150e+02
-3.282291699385719994e+02
-5.520001073645426004e+02
-7.118003560555064269e+02
-8.770874319882415193e+02
-9.871630680479476041e+02
-1.089431301352595028e+03
-1.188318440611190681e+03
-1.277168885753430686e+03
-1.318982583528810892e+03
-1.310804624666874588e+03
-1.289084742096297532e+03
-1.236492767139544412e+03
-1.168894565868077052e+03
-9.518006130354709740e+02
-7.024246772645088868e+02
-4.191223098243797267e+02
-8.850680018568559149e+01
3.394101817037729347e+02
7.767331176193898727e+02
1.260939220052849805e+03
1.679879803227506727e+03
2.215869657732470841e+03
2.523059823421070178e+03
2.808667382796622405e+03
2.947932953112940140e+03
2.846800218373266489e+03
2.793265816246245777e+03
2.404210675627974069e+03
2.049238495873571992e+03
1.468279329525913681e+03
9.220043552024708333e+02
2.647853645143305243e+02
-3.560112954623639894e+02
-1.067247418782627619e+03
-1.561739021320298889e+03
-2.132658983652990173e+03
-2.554349718213774395e+03
-2.943969004750487329e+03
-3.385369555996135659e+03
-3.727161998746030349e+03
-4.093546674788051860e+03
-4.194808833594530370e+03
-4.232777713604466953e+03
-4.278488057714483148e+03
-4.154992680850246870e+03
-4.028282143832951533e+03
-3.551019039632785734e+03
-5.361199634002859966e+03
-2.527816912913127453e+03
1.155601664808295027e+03
5.722609091762966273e+03
1.050529464309296054e+04
1.418759972129172456e+04
1.628981548165363165e+04
1.628828733871992154e+04
1.373323892070280453e+04
9.997153979459635593e+03
5.496993077494083082e+03
6.104555144467877881e+02
-3.552188688224249290e+03
-6.773966837355354983e+03
-9.039389160372542392e+03
-9.647513690498157302e+03
-9.201324892052973155e+03
-7.698934511705728255e+03
-5.445984152767364321e+03
-2.622964619738463171e+03
6.498722373791520113e+02
3.789169765425884179e+03
5.984220308647760248e+03
7.215011716438078111e+03
7.660996770183048284e+03
6.614445055595559097e+03
4.797814048958178319e+03
2.710813925205769010e+03
2.004362140869808684e+02
-1.932885513822955090e+03
-8.503306218601042929e+03
-1.104056693447164616e+04
-9.834026732160544270e+03
-5.978316303150148087e+03
-1.521763117373465548e+03
1.707810872343538222e+03
2.567755262716731067e+03
2.017267970878031747e+03
3.967592018623787453e+02
-1.297767125798580082e+03
-2.193526442117001352e+03
-2.401332252272234655e+03
-1.972588443825861305e+03
-1.206511181430594206e+03
-6.770368390775350917e+02
