3.663974198269852648e-04
7.327948396539705296e-04
1.221324732756617513e-03
1.831987099134926378e-03
2.564781938788896799e-03
3.419709251718528777e-03
4.396769037923822961e-03
5.495961297404778484e-03
6.717286030161397081e-03
8.060743236193676151e-03
9.526332915501615692e-03
1.111405506808521917e-02
1.282390969394448486e-02
1.465589679307941103e-02
1.540304030890627708e-02
1.732842034751956237e-02
1.936705803546303825e-02
2.151895337273670994e-02
2.378410635934057396e-02
2.616251699527463379e-02
2.865418528053888594e-02
3.125911121513332697e-02
3.397729479905796379e-02
3.680873603231279295e-02
3.975343491489781445e-02
4.281139144681303521e-02
4.598260562805844831e-02
4.926707745863404680e-02
2.599176854700208789e-02
2.772455311680222662e-02
2.951323396304753044e-02
3.135781108573800630e-02
3.325828448487364031e-02
3.746118678778462274e-02
3.960182603280088670e-02
4.180192747906760070e-02
4.406149112658477168e-02
4.638051697535239271e-02
4.780580274982168532e-02
5.019609288731276958e-02
5.264468278425485370e-02
5.515157244064793768e-02
5.771676185649203539e-02
5.818248863200555648e-02
6.076837701565024341e-02
6.341048036415677935e-02
6.610879867752515737e-02
6.886333195575536359e-02
6.594641000513178086e-02
6.858426640533704655e-02
7.127384548005616383e-02
7.401514722928909107e-02
7.680817165303584215e-02
7.311427301017384139e-02
7.577297384690744042e-02
7.847915148429698839e-02
8.123280592234249919e-02
8.403393716104395894e-02
8.129627787336796141e-02
8.400615380248022124e-02
8.676045392715170390e-02
8.955917824738240940e-02
9.240232676317233773e-02
8.585461561743046310e-02
8.849629609796678953e-02
9.117800204032942835e-02
9.389973344451836568e-02
9.666149031053360152e-02
9.412148664570085810e-02
9.681067197843515326e-02
9.953773316092627554e-02
1.023026701931742388e-01
1.051054830751790153e-01
9.893235136748607106e-02
1.015705474039523687e-01
1.042434565461616419e-01
1.069510787941138907e-01
1.096934141478091151e-01
1.028764795467863868e-01
1.054483915354560430e-01
1.080520555239858210e-01
1.106874715123757208e-01
1.133546395006257285e-01
1.052063887195717473e-01
1.076818331600322698e-01
1.101860618381725471e-01
1.127190747539926069e-01
1.152808719074924493e-01
1.101117176134614462e-01
1.125586446715383798e-01
1.150324610379458018e-01
1.175331667126837676e-01
1.200607616957522217e-01
1.144475648750113289e-01
1.168569872934326070e-01
1.192915078620458008e-01
1.217511265808508547e-01
1.242358434498478104e-01
1.082986308582521012e-01
1.104646034754171585e-01
1.126520213660194697e-01
1.148608845300590764e-01
1.170911929675359509e-01
1.193429466784501070e-01
1.216161456628015308e-01
1.239107899205902363e-01
1.262268794518162096e-01
1.129234742207907843e-01
1.149954645734658498e-01
1.170862912020743246e-01
1.191959541066161948e-01
1.213244532870914882e-01
1.234717887435001910e-01
1.256379604758423030e-01
1.278229684841178104e-01
1.300268127683267549e-01
1.170427372499487223e-01
1.190265124575749650e-01
1.210269580450972493e-01
1.230440740125155336e-01
1.250778603598298455e-01
1.271283170870401713e-01
1.291954441941464971e-01
1.312792416811488505e-01
1.333797095480472317e-01
1.217301382371995949e-01
1.236471482881791178e-01
1.255791349801819168e-01
1.275260983132079917e-01
1.294880382872573288e-01
1.314649549023299557e-01
1.334568481584258726e-01
1.354637180555450793e-01
1.374855645936875481e-01
1.313732767010545033e-01
1.333052366525405985e-01
1.352512985014827918e-01
1.372114622478810830e-01
1.391857278917355001e-01
1.411740954330460152e-01
1.431765648718126283e-01
1.451931362080353394e-01
1.472238094417141485e-01
1.346164432950329448e-01
1.364732218232402872e-01
1.383427180125997580e-01
1.402249318631113018e-01
1.421198633747749740e-01
1.440275125475907469e-01
1.459478793815586206e-01
1.478809638766786227e-01
1.498267660329506978e-01
1.365435152122356499e-01
1.383168076175893546e-01
1.401015406191066515e-01
1.418977142167875127e-01
1.437053284106319384e-01
1.455243832006399285e-01
1.473548785868115107e-01
1.491968145691466574e-01
1.510501911476453407e-01
1.436404648676998241e-01
1.454029245593280451e-01
1.471761309563930087e-01
1.489600840588947706e-01
1.507547838668332474e-01
1.525602303802084947e-01
1.543764235990204847e-01
1.562033635232692730e-01
1.580410501529547762e-01
1.550002690784590131e-01
1.568025977886736422e-01
1.586153445839184328e-01
1.604385094641933573e-01
1.622720924294984157e-01
1.641160934798336357e-01
1.659705126151989896e-01
1.678353498355944773e-01
1.697106051410201266e-01
1.612115643319721736e-01
1.629929075842591613e-01
1.647840384368334243e-01
1.665849568896949906e-01
1.683956629428438601e-01
1.702161565962800049e-01
1.720464378500034530e-01
1.738865067040141765e-01
1.757363631583122032e-01
1.866899918201593844e-01
1.886551496287926510e-01
1.906305962217642869e-01
1.926163315990743197e-01
1.946123557607227772e-01
1.966186687067096039e-01
1.986352704370348554e-01
2.006621609516984484e-01
2.026993402507004660e-01
1.858880353010504138e-01
1.877562567613624833e-01
1.896338193289760776e-01
1.915207230038912800e-01
1.934169677861080072e-01
1.953225536756263425e-01
1.972374806724462026e-01
1.991617487765676153e-01
2.010953579879906084e-01
2.047889468661078516e-01
2.067580713552050198e-01
2.087366174925754381e-01
2.107245852782189677e-01
2.127219747121357751e-01
2.147287857943256939e-01
2.167450185247888905e-01
2.187706729035251985e-01
2.208057489305347565e-01
2.282044739701649116e-01
2.303077410113646140e-01
2.324206560665147414e-01
2.345432191356153495e-01
2.366754302186663828e-01
2.388172893156678966e-01
2.409687964266198357e-01
2.431299515515222831e-01
2.453007546903751279e-01
2.584718513272304397e-01
2.607592128434006451e-01
2.630566508420209004e-01
2.653641653230912612e-01
2.676817562866116718e-01
2.700094237325822433e-01
2.723471676610028647e-01
2.746949880718735915e-01
2.770528849651943681e-01
2.733247943014957548e-01
2.756509627636361537e-01
2.779869878718025378e-01
2.803328696259950181e-01
2.826886080262134282e-01
2.850542030724578790e-01
2.874296547647283706e-01
2.898149631030248474e-01
2.922101280873474205e-01
2.975223282792291424e-01
2.999610358880752670e-01
3.024096974055289766e-01
3.048683128315901603e-01
3.073368821662588735e-01
3.098154054095351717e-01
3.123038825614189995e-01
3.148023136219103568e-01
3.173106985910092437e-01
3.427550652742136772e-01
3.454645914819149954e-01
3.481847851156308349e-01
3.509156461753613065e-01
3.536571746611062994e-01
3.564093705728658690e-01
3.591722339106400153e-01
3.619457646744287382e-01
3.647299628642320934e-01
3.709682146948409809e-01
3.738000331276260524e-01
3.766426189308779149e-01
3.794959721045967349e-01
3.823600926487823459e-01
3.852349805634348034e-01
3.881206358485542185e-01
3.910170585041404245e-01
3.939242485301934771e-01
4.395233323446616769e-01
4.427670469745115800e-01
4.460226870257947285e-01
4.492902524985111778e-01
4.525697433926609281e-01
4.558611597082439237e-01
4.591645014452601647e-01
4.624797686037097066e-01
4.658069611835924939e-01
4.894299338655835330e-01
4.929258619646234019e-01
4.964342310889267584e-01
4.999550412384936582e-01
5.034882924133239346e-01
5.070339846134177542e-01
5.105921178387751169e-01
5.141626920893959118e-01
5.177457073652802499e-01
5.429269377495540283e-01
5.466842175955716199e-01
5.504544535789894777e-01
5.542376456998072687e-01
5.580337939580251039e-01
5.618428983536429833e-01
5.656649588866610179e-01
5.694999755570789857e-01
5.733479483648971087e-01
6.440594304946035686e-01
6.483819770079901623e-01
6.527189801986791329e-01
6.570704400666702583e-01
6.614363566119637605e-01
6.658167298345595286e-01
6.702115597344576736e-01
6.746208463116580845e-01
6.790445895661606501e-01
7.578213903470707447e-01
7.627583375154556311e-01
7.677113137330884296e-01
7.726803189999692512e-01
7.776653533160980958e-01
7.826664166814748524e-01
7.876835090960997432e-01
7.927166305599725460e-01
7.977657810730933718e-01
8.570870046241458873e-01
8.625116059192353690e-01
8.679533195212495444e-01
8.734121454301881915e-01
8.788880836460515322e-01
8.843811341688392336e-01
8.898912969985516286e-01
8.954185721351886063e-01
9.009629595787501666e-01
9.456199951108547053e-01
9.514391950807676857e-01
9.572762453573369079e-01
9.631311459405621500e-01
9.690038968304436340e-01
9.748944980269812488e-01
9.808029495301751055e-01
9.867292513400252041e-01
9.926734034565313225e-01
1.171177415201410499e+00
1.178190453615790334e+00
1.185224426473197923e+00
1.192279333773633487e+00
1.199355175517097249e+00
1.206451951703588987e+00
1.213569662333108701e+00
1.220708307405656390e+00
1.227867886921232055e+00
1.293758738916614526e+00
1.301302521650822053e+00
1.308868233986001162e+00
1.316455875922152075e+00
1.324065447459274125e+00
1.331696948597367980e+00
1.339350379336433416e+00
1.347025739676470213e+00
1.354723029617478813e+00
1.463854942950969296e+00
1.472172300581372495e+00
1.480513220131408625e+00
1.488877701601077685e+00
1.497265744990379677e+00
1.505677350299314377e+00
1.514112517527881785e+00
1.522571246676082346e+00
1.531053537743915616e+00
1.560024445802737247e+00
1.568667240516325778e+00
1.577333910353432733e+00
1.586024455314057890e+00
1.594738875398200806e+00
1.603477170605862145e+00
1.612239340937041909e+00
1.621025386391739653e+00
1.629835306969955599e+00
1.485186652407918029e+00
1.493214688366879761e+00
1.501264363236781918e+00
1.509335677017624944e+00
1.517428629709408394e+00
1.525543221312132491e+00
1.533679451825797235e+00
1.541837321250402404e+00
1.550016829585948441e+00
1.397259259491924199e+00
1.404632659278161055e+00
1.412025462748046190e+00
1.419437669901579158e+00
1.426869280738760404e+00
1.434320295259589484e+00
1.441790713464066398e+00
1.449280535352191368e+00
1.456789760923964394e+00
1.284145920800349172e+00
1.290765229670454151e+00
1.297401554758734088e+00
1.304054896065189206e+00
1.310725253589819284e+00
1.317412627332624320e+00
1.324117017293604759e+00
1.330838423472760157e+00
1.337576845870090514e+00
1.043296452061097668e+00
1.048552353582816066e+00
1.053821460887252259e+00
1.059103773974406471e+00
1.064399292844278477e+00
1.069708017496868502e+00
1.075029947932176100e+00
1.080365084150201938e+00
1.085713426150945571e+00
5.820469402665000569e-01
5.849141665732315865e-01
5.877884376620434725e-01
5.906697535329359372e-01
5.935581141859087584e-01
5.964535196209619361e-01
5.993559698380955814e-01
6.022654648373095831e-01
6.051820046186040525e-01
2.360352776539566544e-01
2.371727970643371930e-01
2.383130508963772765e-01
2.394560391500769048e-01
2.406017618254361334e-01
2.417502189224549070e-01
2.429014104411332808e-01
2.440553363814711996e-01
2.452119967434686909e-01
-2.496737029732465918e-01
-2.508514091193468354e-01
-2.520318863387319697e-01
-2.532151346314021056e-01
-2.544011539973571323e-01
-2.555899444365971052e-01
-2.567815059491220242e-01
-2.579758385349318894e-01
-2.591729421940267564e-01
-7.872348023727202548e-01
-7.908709908363356078e-01
-7.945155576143831944e-01
-7.981685027068631255e-01
-8.018298261137752903e-01
-8.054995278351197996e-01
-8.091776078708966535e-01
-8.128640662211057411e-01
-8.165589028857471732e-01
-1.358986460412769937e+00
-1.365135720414637932e+00
-1.371298861364590893e+00
-1.377475883262629708e+00
-1.383666786108753710e+00
-1.389871569902963566e+00
-1.396090234645258610e+00
-1.402322780335639285e+00
-1.408569206974105370e+00
-1.623339767943649647e+00
-1.630538613921226787e+00
-1.637753386549196888e+00
-1.644984085827559728e+00
-1.652230711756315529e+00
-1.659493264335464291e+00
-1.666771743565005570e+00
-1.674066149444940033e+00
-1.681376481975267234e+00
-2.023487531895625136e+00
-2.032285303773432084e+00
-2.041102159755095791e+00
-2.049938099840615813e+00
-2.058793124029991706e+00
-2.067667232323224802e+00
-2.076560424720313769e+00
-2.085472701221259495e+00
-2.094404061826061536e+00
-2.543793500324565748e+00
-2.554641233801429490e+00
-2.565512047562286568e+00
-2.576405941607136985e+00
-2.587322915935981182e+00
-2.598262970548817830e+00
-2.609226105445648702e+00
-2.620212320626472469e+00
-2.631221616091289128e+00
-2.641327096257664042e+00
-2.652378674066273145e+00
-2.663453324062374783e+00
-2.674551046245968067e+00
-2.685671840617052997e+00
-2.696815707175630017e+00
-2.707982645921698683e+00
-2.719172656855259884e+00
-2.730385739976312287e+00
-2.869010439725339978e+00
-2.880792823461378660e+00
-2.892599351426384580e+00
-2.904430023620357293e+00
-2.916284840043297688e+00
-2.928163800695205321e+00
-2.940066905576080192e+00
-2.951994154685921856e+00
-2.963945548024731202e+00
-3.174797443177470591e+00
-3.187599045770928452e+00
-3.200426406116082756e+00
-3.213279524212934390e+00
-3.226158400061483356e+00
-3.239063033661729207e+00
-3.251993425013672390e+00
-3.264949574117312459e+00
-3.277931480972649414e+00
-3.172240599375199199e+00
-3.184803928481635626e+00
-3.197392086301721115e+00
-3.210005072835455664e+00
-3.222642888082839718e+00
-3.235305532043871946e+00
-3.247993004718554122e+00
-3.260705306106884915e+00
-3.273442436208865214e+00
-3.337863898952189601e+00
-3.350851696224377285e+00
-3.363864712520394207e+00
-3.376902947840240365e+00
-3.389966402183916205e+00
-3.403055075551422171e+00
-3.416168967942756929e+00
-3.429308079357921368e+00
-3.442472409796915489e+00
-3.607194739994314059e+00
-3.620988983741902256e+00
-3.634809552382138431e+00
-3.648656445915023028e+00
-3.662529664340555602e+00
-3.676429207658736154e+00
-3.690355075869564683e+00
-3.704307268973041189e+00
-3.718285786969165674e+00
-3.809543728807739171e+00
-3.823865321773181947e+00
-3.838213784519047600e+00
-3.852589117045336131e+00
-3.866991319352047540e+00
-3.881420391439182271e+00
-3.895876333306739880e+00
-3.910359144954719923e+00
-3.924868826383123732e+00
-4.000928759811319679e+00
-4.015719623988071696e+00
-4.030537777582122949e+00
-4.045383220593475215e+00
-4.060255953022128494e+00
-4.075155974868081010e+00
-4.090083286131333651e+00
-4.105037886811887304e+00
-4.120019776909741083e+00
-4.135395334026233272e+00
-4.150433135240874094e+00
-4.165498228290750227e+00
-4.180590613175861670e+00
-4.195710289896208423e+00
-4.210857258451790486e+00
-4.226031518842607859e+00
-4.241233071068660543e+00
-4.256461915129947648e+00
-4.130130975643999669e+00
-4.144907830655248482e+00
-4.159711072907588125e+00
-4.174540702401020376e+00
-4.189396719135543457e+00
-4.204279123111158256e+00
-4.219187914327863886e+00
-4.234123092785662124e+00
-4.249084658484551191e+00
-4.329705092633467700e+00
-4.344950533100487178e+00
-4.360222766960242247e+00
-4.375521794212734683e+00
-4.390847614857962711e+00
-4.406200228895928106e+00
-4.421579636326629092e+00
-4.436985837150067447e+00
-4.452418831366241392e+00
-4.297544436019760994e+00
-4.312440603908910930e+00
-4.327362543714824206e+00
-4.342310255437499933e+00
-4.357283739076940776e+00
-4.372282994633143183e+00
-4.387308022106108929e+00
-4.402358821495838903e+00
-4.417435392802331329e+00
-3.792412492542937219e+00
-3.805355879889500414e+00
-3.818321317299685713e+00
-3.831308804773494447e+00
-3.844318342310925729e+00
-3.857349929911980002e+00
-3.870403567576656823e+00
-3.883479255304956190e+00
-3.896576993096878105e+00
-3.778017904388721426e+00
-3.790717124235406743e+00
-3.803437651497941552e+00
-3.816179486176326741e+00
-3.828942628270561421e+00
-3.841727077780646926e+00
-3.854532834706582367e+00
-3.867359899048368188e+00
-3.880208270806003945e+00
-2.733728846183486549e+00
-2.742780928455617051e+00
-2.751847972847206059e+00
-2.760929979358252684e+00
-2.770026947988757815e+00
-2.779138878738720564e+00
-2.788265771608141819e+00
-2.797407626597021135e+00
-2.806564443705358070e+00
-2.321876780587156741e+00
-2.329452235009953132e+00
-2.337040027306402923e+00
-2.344640157476504783e+00
-2.352252625520260043e+00
-2.359877431437667372e+00
-2.367514575228728102e+00
-2.375164056893440900e+00
-2.382825876431807099e+00
-9.181325934057981142e-01
-9.210847882399003650e-01
-9.240417217494987234e-01
-9.270033939345933005e-01
-9.299698047951839852e-01
-9.329409543312708886e-01
-9.359168425428538995e-01
-9.388974694299330181e-01
-9.418828349925083554e-01
-4.964084890331845606e-02
-4.979818915340821633e-02
-4.995577835958988494e-02
-5.011361652186346882e-02
-5.027170364022896798e-02
-5.043003971468638241e-02
-5.058862474523571212e-02
-5.074745873187695017e-02
-5.090654167461011043e-02
1.340779115396176557e+00
1.344969050131789690e+00
1.349165521427052594e+00
1.353368529281965493e+00
1.357578073696528387e+00
1.361794154670741275e+00
1.366016772204603935e+00
1.370245926298116590e+00
1.374481616951279239e+00
2.620140759883371029e+00
2.628215153596417331e+00
2.636301969453636929e+00
2.644401207455030711e+00
2.652512867600598234e+00
2.660636949890339498e+00
2.668773454324254946e+00
2.676922380902344134e+00
2.685083729624607507e+00
3.907183793409311434e+00
3.919059731991103135e+00
3.930953691724004884e+00
3.942865672608016681e+00
3.954795674643139414e+00
3.966743697829372195e+00
3.978709742166715913e+00
3.990693807655170122e+00
4.002695894294734380e+00
5.124499507965148304e+00
5.139865323581235934e+00
5.155254141915310839e+00
5.170665962967374796e+00
5.186100786737426915e+00
5.201558613225466310e+00
5.217039442431495644e+00
5.232543274355511365e+00
5.248070108997516137e+00
5.884274175131401385e+00
5.901683270324097563e+00
5.919118080576162733e+00
5.936578605887597782e+00
5.954064846258400046e+00
5.971576801688572189e+00
5.989114472178112436e+00
6.006677857727021674e+00
6.024266958335299904e+00
6.332329307423205655e+00
6.350817860145609117e+00
6.369333364111048112e+00
6.387875819319522641e+00
6.406445225771033591e+00
6.425041583465578299e+00
6.443664892403160316e+00
6.462315152583776978e+00
6.480992364007430062e+00
6.173141986661931035e+00
6.190932021205625801e+00
6.208747652921325688e+00
6.226588881809030696e+00
6.244455707868740824e+00
6.262348131100456960e+00
6.280266151504177330e+00
6.298209769079902820e+00
6.316178983827635207e+00
5.776688803043536602e+00
5.793123195086335109e+00
5.809580931436011397e+00
5.826062012092568132e+00
5.842566437056002648e+00
5.859094206326316723e+00
5.875645319903509467e+00
5.892219777787581769e+00
5.908817579978532741e+00
4.567989174003932895e+00
4.580820604267988649e+00
4.593670030927926362e+00
4.606537453983747810e+00
4.619422873435450327e+00
4.632326289283035692e+00
4.645247701526503015e+00
4.658187110165852296e+00
4.671144515201084424e+00
3.285229771455422831e+00
3.294342752790943685e+00
3.303468355984270577e+00
3.312606581035403064e+00
3.321757427944340701e+00
3.330920896711083046e+00
3.340096987335631873e+00
3.349285699817985851e+00
3.358487034158144979e+00
2.194238171419080619e+00
2.200249782847626179e+00
2.206269618094815144e+00
2.212297677160647957e+00
2.218333960045124620e+00
2.224378466748245131e+00
2.230431197270009047e+00
2.236492151610416368e+00
2.242561329769467537e+00
4.356720547135832233e-01
4.368511401119961612e-01
4.380318188690555670e-01
4.392140909847615515e-01
4.403979564591140039e-01
4.415834152921129796e-01
4.427704674837584786e-01
4.439591130340503899e-01
4.451493519429888801e-01
-1.912557176984747365e+00
-1.917670966228022023e+00
-1.922791582960273304e+00
-1.927919027181500322e+00
-1.933053298891704186e+00
-1.938194398090884230e+00
-1.943342324779040897e+00
-1.948497078956173301e+00
-1.953658660622282550e+00
-3.403735646828973227e+00
-3.412728343385984964e+00
-3.421732903658771363e+00
-3.430749327647331981e+00
-3.439777615351666817e+00
-3.448817766771776316e+00
-3.457869781907660478e+00
-3.466933660759318858e+00
-3.476009403326751457e+00
-5.268204007628384922e+00
-5.281959109475979020e+00
-5.295732144963530175e+00
-5.309523114091039275e+00
-5.323332016858506321e+00
-5.337158853265930425e+00
-5.351003623313313362e+00
-5.364866327000653357e+00
-5.378746964327951297e+00
-7.011843903371125286e+00
-7.029938984412082981e+00
-7.048057383856443536e+00
-7.066199101704207841e+00
-7.084364137955375895e+00
-7.102552492609946810e+00
-7.120764165667921475e+00
-7.138999157129299000e+00
-7.157257466994079387e+00
-8.773554530170155630e+00
-8.795936046828751742e+00
-8.818346074973538506e+00
-8.840784614604514147e+00
-8.863251665721678663e+00
-8.885747228325033831e+00
-8.908271302414577875e+00
-8.930823887990310794e+00
-8.953404985052234366e+00
-1.026100505452972733e+01
-1.028688400800899494e+01
-1.031279555462866426e+01
-1.033873969438873708e+01
-1.036471642728921161e+01
-1.039072575333008785e+01
-1.041676767251136582e+01
-1.044284218483304727e+01
-1.046894929029512866e+01
-1.183221401603539213e+01
-1.186172078415518172e+01
-1.189126429793887851e+01
-1.192084455738648963e+01
-1.195046156249800795e+01
-1.198011531327343704e+01
-1.200980580971277689e+01
-1.203953305181602573e+01
-1.206929703958318711e+01
-1.337459457916529182e+01
-1.340757754976742611e+01
-1.344060113979148419e+01
-1.347366534923746428e+01
-1.350677017810536995e+01
-1.353991562639519763e+01
-1.357310169410695089e+01
-1.360632838124062971e+01
-1.363959568779622877e+01
-1.464571821339239754e+01
-1.468143947732750121e+01
-1.471720425071928418e+01
-1.475301253356775000e+01
-1.478886432587289690e+01
-1.482475962763472488e+01
-1.486069843885323216e+01
-1.489668075952842230e+01
-1.493270658966029352e+01
-1.622781449194523162e+01
-1.626696482847586012e+01
-1.630616233408664684e+01
-1.634540700877758823e+01
-1.638469885254868785e+01
-1.642403786539994570e+01
-1.646342404733135822e+01
-1.650285739834293253e+01
-1.654233791843466150e+01
-1.730223342666314323e+01
-1.734352753985327311e+01
-1.738487087129511366e+01
-1.742626342098867553e+01
-1.746770518893395163e+01
-1.750919617513094551e+01
-1.755073637957965005e+01
-1.759232580228007947e+01
-1.763396444323221957e+01
-1.901949853405254487e+01
-1.906440880213767386e+01
-1.910937203044460020e+01
-1.915438821897333099e+01
-1.919945736772385558e+01
-1.924457947669618108e+01
-1.928975454589030036e+01
-1.933498257530622411e+01
-1.938026356494394165e+01
-1.863364910487505455e+01
-1.867718566820420278e+01
-1.872077303265741932e+01
-1.876441119823470771e+01
-1.880810016493607151e+01
-1.885183993276150360e+01
-1.889563050171100755e+01
-1.893947187178458336e+01
-1.898336404298223101e+01
-2.076219034728028845e+01
-2.081019541166706333e+01
-2.085825590915359484e+01
-2.090637183973987590e+01
-2.095454320342591359e+01
-2.100277000021170437e+01
-2.105105223009724824e+01
-2.109938989308254520e+01
-2.114778298916759525e+01
-1.941130180210226897e+01
-1.945572125702699040e+01
-1.950019147704304956e+01
-1.954471246215045710e+01
-1.958928421234920236e+01
-1.963390672763929246e+01
-1.967858000802072382e+01
-1.972330405349349647e+01
-1.976807886405761394e+01
-1.862708677315074723e+01
-1.866927723016807406e+01
-1.871151541394673501e+01
-1.875380132448673010e+01
-1.879613496178805221e+01
-1.883851632585070845e+01
-1.888094541667469883e+01
-1.892342223426001624e+01
-1.896594677860667133e+01
-1.606711070925867801e+01
-1.610313562116284558e+01
-1.613920087451371188e+01
-1.617530646931128402e+01
-1.621145240555555489e+01
-1.624763868324652805e+01
-1.628386530238419994e+01
-1.632013226296857411e+01
-1.635643956499965057e+01
-1.313579252647548579e+01
-1.316495077847654294e+01
-1.319414135669932975e+01
-1.322336426114384622e+01
-1.325261949181009236e+01
-1.328190704869807170e+01
-1.331122693180777894e+01
-1.334057914113921939e+01
-1.336996367669238950e+01
-8.733624308718141549e+00
-8.752819087418620470e+00
-8.772034936128651594e+00
-8.791271854848231371e+00
-8.810529843577361575e+00
-8.829808902316043984e+00
-8.849109031064275044e+00
-8.868430229822056532e+00
-8.887772498589390224e+00
-1.951554505309123666e+00
-1.955801631544834551e+00
-1.960053374222105793e+00
-1.964309733340937836e+00
-1.968570708901330457e+00
-1.972836300903283435e+00
-1.977106509346796992e+00
-1.981381334231871127e+00
-1.985660775558505842e+00
6.047036829296765781e+00
6.060069236256457437e+00
6.073115671641293289e+00
6.086176135451275115e+00
6.099250627686402026e+00
6.112339148346672246e+00
6.125441697432089327e+00
6.138558274942650606e+00
6.151688880878356080e+00
1.698681398526851893e+01
1.702307185930324351e+01
1.705936838778789877e+01
1.709570357072248470e+01
1.713207740810700130e+01
1.716848989994144858e+01
1.720494104622582299e+01
1.724143084696013162e+01
1.727795930214436737e+01
3.151557466732227297e+01
3.158220378924050209e+01
3.164890326926001762e+01
3.171567310738081602e+01
3.178251330360290439e+01
3.184942385792627917e+01
3.191640477035094037e+01
3.198345604087688798e+01
3.205057766950412201e+01
4.448371566400488319e+01
4.457687527796091587e+01
4.467013233921188231e+01
4.476348684775777542e+01
4.485693880359860231e+01
4.495048820673437007e+01
4.504413505716506450e+01
4.513787935489069270e+01
4.523172109991126177e+01
5.958276917748128199e+01
5.970638488116900788e+01
5.983012868403153561e+01
5.995400058606886518e+01
6.007800058728100367e+01
6.020212868766795111e+01
6.032638488722970038e+01
6.045076918596625859e+01
6.057528158387761863e+01
7.441542767783026591e+01
7.456838847470145026e+01
7.472150631551193101e+01
7.487478120026169393e+01
7.502821312895075323e+01
7.518180210157909471e+01
7.533554811814674679e+01
7.548945117865368104e+01
7.564351128309991168e+01
8.753907557421571539e+01
8.771736289717746615e+01
8.789583159076276786e+01
8.807448165497163473e+01
8.825331308980406675e+01
8.843232589526004972e+01
8.861152007133961206e+01
8.879089561804272535e+01
8.897045253536941800e+01
9.629587038076621752e+01
9.649021118880004622e+01
9.668474790490650150e+01
9.687948052908555496e+01
9.707440906133724923e+01
9.726953350166154166e+01
9.746485385005844648e+01
9.766037010652797790e+01
9.785608227107010748e+01
1.024760267277413135e+02
1.026809787811967993e+02
1.028861355819584418e+02
1.030914971300262266e+02
1.032970634254001538e+02
1.035028344680802235e+02
1.037088102580664639e+02
1.039149907953588468e+02
1.041213760799573720e+02
9.899783523753535519e+01
9.919406484157407533e+01
9.939048873234948189e+01
9.958710690986153224e+01
9.978391937411028323e+01
9.998092612509567800e+01
1.001781271628177592e+02
1.003755224872765268e+02
1.005731120984719524e+02
9.157005016655512009e+01
9.174995203328707305e+01
9.193003044748390096e+01
9.211028540914563223e+01
9.229071691827226687e+01
9.247132497486379066e+01
9.265210957892023202e+01
9.283307073044156255e+01
9.301420842942778222e+01
8.151411656262432359e+01
8.167285875651452898e+01
8.183175536888128931e+01
8.199080639972459039e+01
8.215001184904444642e+01
8.230937171684084319e+01
8.246888600311379491e+01
8.262855470786328738e+01
8.278837783108932058e+01
6.532552942979154409e+01
6.545164049046681498e+01
6.557787316257957855e+01
6.570422744612982058e+01
6.583070334111756949e+01
6.595730084754278266e+01
6.608401996540550272e+01
6.621086069470571545e+01
6.633782303544339243e+01
4.695487346323042033e+01
4.704473924976291954e+01
4.713469095004927567e+01
4.722472856408948161e+01
4.731485209188354446e+01
4.740506153343146423e+01
4.749535688873324091e+01
4.758573815778886740e+01
4.767620534059835080e+01
2.813854969728664202e+01
2.819194352972931128e+01
2.824538797243969768e+01
2.829888302541780121e+01
2.835242868866362542e+01
2.840602496217717032e+01
2.845967184595842880e+01
2.851336934000740442e+01
2.856711744432410427e+01
8.748361008005726802e+00
8.764820765311476691e+00
8.781295992313941312e+00
8.797786689013122441e+00
8.814292855409020078e+00
8.830814491501632446e+00
8.847351597290961323e+00
8.863904172777006707e+00
8.880472217959766823e+00
-1.070221566829009952e+01
-1.072218248856675871e+01
-1.074216791725001485e+01
-1.076217195433986618e+01
-1.078219459983631268e+01
-1.080223585373935258e+01
-1.082229571604898943e+01
-1.084237418676522147e+01
-1.086247126588804868e+01
-3.123414962703231268e+01
-3.129193713790563791e+01
-3.134977805682968111e+01
-3.140767238380443160e+01
-3.146562011882990362e+01
-3.152362126190609004e+01
-3.158167581303298377e+01
-3.163978377221060256e+01
-3.169794513943892866e+01
-5.158532281229855698e+01
-5.167997478076149065e+01
-5.177471350629909352e+01
-5.186953898891135850e+01
-5.196445122859829979e+01
-5.205945022535991029e+01
-5.215453597919617579e+01
-5.224970849010712470e+01
-5.234496775809273572e+01
-6.404543347076747750e+01
-6.416198566998635044e+01
-6.427864382574995261e+01
-6.439540793805831242e+01
-6.451227800691140146e+01
-6.462925403230924815e+01
-6.474633601425183826e+01
-6.486352395273917182e+01
-6.498081784777124881e+01
-8.138429099245963982e+01
-8.153119404479259913e+01
-8.167822956155508507e+01
-8.182539754274706922e+01
-8.197269798836856580e+01
-8.212013089841960323e+01
-8.226769627290013887e+01
-8.241539411181018693e+01
-8.256322441514976163e+01
-9.500165467498855776e+01
-9.517175611576740835e+01
-9.534200970452549484e+01
-9.551241544126280303e+01
-9.568297332597934712e+01
-9.585368335867511291e+01
-9.602454553935011461e+01
-9.619555986800433800e+01
-9.636672634463781151e+01
-1.077566026015096412e+02
-1.079479997642121418e+02
-1.081395667558079197e+02
-1.083313035762969321e+02
-1.085232102256792217e+02
-1.087152867039547601e+02
-1.089075330111235473e+02
-1.090999491471856118e+02
-1.092925351121409250e+02
-1.175429822365117047e+02
-1.177501064342852999e+02
-1.179574129596977770e+02
-1.181649018127491360e+02
-1.183725729934393911e+02
-1.185804265017685140e+02
-1.187884623377365187e+02
-1.189966805013434197e+02
-1.192050809925892025e+02
-1.223864825381640600e+02
-1.226004449202237794e+02
-1.228145941689927412e+02
-1.230289302844709169e+02
-1.232434532666583067e+02
-1.234581631155549246e+02
-1.236730598311607707e+02
-1.238881434134758308e+02
-1.241034138625001049e+02
-1.289305513908810497e+02
-1.291541950186189354e+02
-1.293780324449943464e+02
-1.296020636700073112e+02
-1.298262886936578582e+02
-1.300507075159459305e+02
-1.302753201368715850e+02
-1.305001265564347932e+02
-1.307251267746355268e+02
-1.248106151338931937e+02
-1.250254354697518835e+02
-1.252404405178511979e+02
-1.254556302781911370e+02
-1.256710047507717434e+02
-1.258865639355929602e+02
-1.261023078326548159e+02
-1.263182364419572963e+02
-1.265343497635004297e+02
-1.270729071372554984e+02
-1.272899402835189591e+02
-1.275071586116478386e+02
-1.277245621216421227e+02
-1.279421508135018115e+02
-1.281599246872269191e+02
-1.283778837428174313e+02
-1.285960279802733623e+02
-1.288143573995947122e+02
-1.194122570759378590e+02
-1.196146507319987791e+02
-1.198172157628742980e+02
-1.200199521685644442e+02
-1.202228599490692034e+02
-1.204259391043885756e+02
-1.206291896345225609e+02
-1.208326115394711735e+02
-1.210362048192343991e+02
-1.083643493068904178e+02
-1.085466274386093346e+02
-1.087290587452288406e+02
-1.089116432267489500e+02
-1.090943808831696771e+02
-1.092772717144910075e+02
-1.094603157207129271e+02
-1.096435129018354644e+02
-1.098268632578586050e+02
-8.811458960567078691e+01
-8.826169242638142975e+01
-8.840891793501592133e+01
-8.855626613157429006e+01
-8.870373701605650751e+01
-8.885133058846260212e+01
-8.899904684879254546e+01
-8.914688579704635174e+01
-8.929484743322402096e+01
-6.926731388587094784e+01
-6.938208988236782204e+01
-6.949696089210685557e+01
-6.961192691508800579e+01
-6.972698795131128691e+01
-6.984214400077669893e+01
-6.995739506348425607e+01
-7.007274113943394411e+01
-7.018818222862576306e+01
-4.459428118003468455e+01
-4.466762703723868810e+01
-4.474103316219718351e+01
-4.481449955491014947e+01
-4.488802621537759308e+01
-4.496161314359952144e+01
-4.503526033957593455e+01
-4.510896780330683242e+01
-4.518273553479220794e+01
-1.301187801554934609e+01
-1.303312189802371179e+01
-1.305438310829781301e+01
-1.307566164637164796e+01
-1.309695751224521842e+01
-1.311827070591852085e+01
-1.313960122739155878e+01
-1.316094907666433222e+01
-1.318231425373683940e+01
3.136009399108254669e+01
3.141092072364507715e+01
3.146178861145665095e+01
3.151269765451726101e+01
3.156364785282690733e+01
3.161463920638559699e+01
3.166567171519331936e+01
3.171674537925008508e+01
3.176786019855588705e+01
7.419233980357664393e+01
7.431171605426622762e+01
7.443118826657212139e+01
7.455075644049432526e+01
7.467042057603283922e+01
7.479018067318766327e+01
7.491003673195879742e+01
7.502998875234624165e+01
7.515003673434999598e+01
1.165278252133046948e+02
1.167139718989489552e+02
1.169002671453958158e+02
1.170867109526452339e+02
1.172733033206972664e+02
1.174600442495518848e+02
1.176469337392090893e+02
1.178339717896688654e+02
1.180211584009312418e+02
1.620097144842573300e+02
1.622666688291966750e+02
1.625238267829672054e+02
1.627811883455688928e+02
1.630387535170017372e+02
1.632965222972657671e+02
1.635544946863609823e+02
1.638126706842873830e+02
1.640710502910449406e+02
2.112945857342528200e+02
2.116273331133618569e+02
2.119603422921397566e+02
2.122936132705865191e+02
2.126271460487021443e+02
2.129609406264866038e+02
2.132949970039399261e+02
2.136293151810620827e+02
2.139638951578530737e+02
2.439017425401331991e+02
2.442831369772561629e+02
2.446648293787831108e+02
2.450468197447140994e+02
2.454291080750490721e+02
2.458116943697880288e+02
2.461945786289309979e+02
2.465777608524779509e+02
2.469612410404289449e+02
2.727426973974690441e+02
2.731662109027446377e+02
2.735900529677605277e+02
2.740142235925167142e+02
2.744387227770132540e+02
2.748635505212501471e+02
2.752887068252273366e+02
2.757141916889448225e+02
2.761400051124026618e+02
2.788465369020268554e+02
2.792765238517601460e+02
2.797068420703299125e+02
2.801374915577360980e+02
2.805684723139787593e+02
2.809997843390578964e+02
2.814314276329735094e+02
2.818634021957255982e+02
2.822957080273141059e+02
2.822632219569863423e+02
2.826954780396156934e+02
2.831280648461032570e+02
2.835609823764489761e+02
2.839942306306528508e+02
2.844278096087149379e+02
2.848617193106351806e+02
2.852959597364135789e+02
2.857305308860501896e+02
2.659178536216279554e+02
2.663222914218129063e+02
2.667270365455543129e+02
2.671320889928520046e+02
2.675374487637060952e+02
2.679431158581165846e+02
2.683490902760834160e+02
2.687553720176066463e+02
2.691619610826862186e+02
2.345693747898622519e+02
2.349237091928680741e+02
2.352783110180648691e+02
2.356331802654526086e+02
2.359883169350312642e+02
2.363437210268008926e+02
2.366993925407614654e+02
2.370553314769129827e+02
2.374115378352554444e+02
1.944999946350057769e+02
1.947918175826952165e+02
1.950838592882165017e+02
1.953761197515696324e+02
1.956685989727546087e+02
1.959612969517714589e+02
1.962542136886201263e+02
1.965473491833006676e+02
1.968407034358130545e+02
1.455871560589300771e+02
1.458041264852474228e+02
1.460212584680996031e+02
1.462385520074866747e+02
1.464560071034085809e+02
1.466736237558653499e+02
1.468914019648569820e+02
1.471093417303834769e+02
1.473274430524448348e+02
9.033817562035567050e+01
9.047191089144428133e+01
9.060574507915350750e+01
9.073967818348339165e+01
9.087371020443386271e+01
9.100784114200499175e+01
9.114207099619675034e+01
9.127639976700912428e+01
9.141082745444212776e+01
2.465864317787421811e+01
2.469490588842991130e+01
2.473119524315207229e+01
2.476751124204069399e+01
2.480385388509577993e+01
2.484022317231732657e+01
2.487661910370534102e+01
2.491304167925981261e+01
2.494949089898074845e+01
-3.234651686939847082e+01
-3.239377255510979126e+01
-3.244106273402235985e+01
-3.248838740613617659e+01
-3.253574657145124149e+01
-3.258314022996756165e+01
-3.263056838168512996e+01
-3.267803102660393932e+01
-3.272552816472400394e+01
-9.810949360241428963e+01
-9.825188764247585027e+01
-9.839438494144971514e+01
-9.853698549933587003e+01
-9.867968931613432915e+01
-9.882249639184507828e+01
-9.896540672646813164e+01
-9.910842032000350343e+01
-9.925153717245116525e+01
-1.552002262588567589e+02
-1.554240189427195844e+02
-1.556479728605044954e+02
-1.558720880122114636e+02
-1.560963643978405457e+02
-1.563208020173917134e+02
-1.565454008708649951e+02
-1.567701609582603339e+02
-1.569950822795777867e+02
-2.048562365118311561e+02
-2.051497268220200283e+02
-2.054434272183292762e+02
-2.057373377007589568e+02
-2.060314582693089847e+02
-2.063257889239794451e+02
-2.066203296647702814e+02
-2.069150804916815218e+02
-2.072100414047131096e+02
-2.537622238840877742e+02
-2.541234512490473492e+02
-2.544849355324741680e+02
-2.548466767343682307e+02
-2.552086748547295372e+02
-2.555709298935581160e+02
-2.559334418508539670e+02
-2.562962107266170619e+02
-2.566592365208473439e+02
-2.995271918125089883e+02
-2.999508512068689470e+02
-3.003748100071613862e+02
-3.007990682133861924e+02
-3.012236258255434223e+02
-3.016484828436330190e+02
-3.020736392676550395e+02
-3.024990950976094837e+02
-3.029248503334963516e+02
-3.392764785931199754e+02
-3.397533253655628300e+02
-3.402305070023122653e+02
-3.407080235033681106e+02
-3.411858748687304796e+02
-3.416640610983993156e+02
-3.421425821923747321e+02
-3.426214381506565587e+02
-3.431006289732449090e+02
-3.675085811299186389e+02
-3.680218612711615265e+02
-3.685354995981275579e+02
-3.690494961108167331e+02
-3.695638508092290522e+02
-3.700785636933644582e+02
-3.705936347632230081e+02
-3.711090640188046450e+02
-3.716248514601094257e+02
-3.951691164331041364e+02
-3.957175815495970141e+02
-3.962664270163787137e+02
-3.968156528334491782e+02
-3.973652590008085781e+02
-3.979152455184566861e+02
-3.984656123863937296e+02
-3.990163596046195948e+02
-3.995674871731342250e+02
-4.043321588202600196e+02
-4.048898583496672927e+02
-4.054479422343670763e+02
-4.060064104743592566e+02
-4.065652630696440042e+02
-4.071245000202212623e+02
-4.076841213260909740e+02
-4.082441269872531961e+02
-4.088045170037078719e+02
-4.258752815201509065e+02
-4.264590721733655982e+02
-4.270432626831921539e+02
-4.276278530496304597e+02
-4.282128432726805727e+02
-4.287982333523424927e+02
-4.293840232886161630e+02
-4.299702130815016403e+02
-4.305568027309989247e+02
-4.134163792174785499e+02
-4.139796167913443128e+02
-4.145432377808491538e+02
-4.151072421859931865e+02
-4.156716300067763541e+02
-4.162364012431985429e+02
-4.168015558952599235e+02
-4.173670939629604391e+02
-4.179330154463000326e+02
-4.049823901982403527e+02
-4.055307752899102525e+02
-4.060795314134419414e+02
-4.066286585688353625e+02
-4.071781567560905728e+02
-4.077280259752075153e+02
-4.082782662261861901e+02
-4.088288775090266540e+02
-4.093798598237287933e+02
-3.791319265189245016e+02
-3.796421982908208292e+02
-3.801528132179099657e+02
-3.806637713001920815e+02
-3.811750725376672335e+02
-3.816867169303351943e+02
-3.821987044781961913e+02
-3.827110351812500539e+02
-3.832237090394968391e+02
-3.391724911918840348e+02
-3.396262336550169607e+02
-3.400802794219354723e+02
-3.405346284926394560e+02
-3.409892808671289117e+02
-3.414442365454039532e+02
-3.418994955274644667e+02
-3.423550578133105660e+02
-3.428109234029420804e+02
-2.583770020225936719e+02
-2.587205884614534739e+02
-2.590644031969504226e+02
-2.594084462290845181e+02
-2.597527175578557035e+02
-2.600972171832639788e+02
-2.604419451053094008e+02
-2.607869013239919127e+02
-2.611320858393115714e+02
-2.614774986512683199e+02
-2.618231397598622152e+02
-2.621690091650932004e+02
-2.625151068669612755e+02
-2.628614328654664973e+02
-2.632079871606088659e+02
-2.635547697523883244e+02
-2.639017806408049296e+02
-1.136636816496910569e+02
-1.138131407971594058e+02
-1.139626981438048290e+02
-1.141123536896272839e+02
-1.142621074346267989e+02
-1.144119593788033598e+02
-1.145619095221569665e+02
-1.147119578646876192e+02
-1.148621044063953320e+02
-1.150123491472800907e+02
-1.151626920873418953e+02
-1.153131332265807458e+02
-1.154636725649966422e+02
-1.156143101025895987e+02
-1.157650458393596011e+02
-1.159158797753066494e+02
-1.160668119104307294e+02
8.464247321904093724e+01
8.475254145469638445e+01
8.486268120967325501e+01
8.497289248397153472e+01
8.508317527759122356e+01
8.519352959053232155e+01
8.530395542279484289e+01
8.541445277437877337e+01
8.552502164528411299e+01
8.563566203551087597e+01
8.574637394505904808e+01
8.585715737392862934e+01
8.596801232211963395e+01
8.607893878963203349e+01
8.618993677646585638e+01
8.630100628262110263e+01
8.641214730809775801e+01
3.210845798253048997e+02
3.214975503459804713e+02
3.219107862718750539e+02
3.223242876029885906e+02
3.227380543393210246e+02
3.231520864808724696e+02
3.235663840276428118e+02
3.239809469796321082e+02
3.243957753368403587e+02
3.248108690992675065e+02
3.252262282669136653e+02
3.256418528397787213e+02
3.260577428178627315e+02
3.264738982011656390e+02
3.268903189896875574e+02
3.273070051834283731e+02
3.277239567823881998e+02
5.637356938035551366e+02
5.644529147880381288e+02
5.651705917299173052e+02
5.658887246291930069e+02
5.666073134858648928e+02
5.673263582999333039e+02
5.680458590713980129e+02
5.687658158002591335e+02
5.694862284865165520e+02
5.702070971301703821e+02
5.709284217312205101e+02
5.716502022896670496e+02
5.723724388055100007e+02
5.730951312787493634e+02
5.738182797093849103e+02
5.745418840974169825e+02
5.752659444428453526e+02
7.569115685659712653e+02
7.578642577649214900e+02
7.588175461394685044e+02
7.597714336896124223e+02
7.607259204153531300e+02
7.616810063166906275e+02
7.626366913936250285e+02
7.635929756461563329e+02
7.645498590742843135e+02
7.655073416780090838e+02
7.664654234573308713e+02
7.674241044122492212e+02
7.683833845427645883e+02
7.693432638488767452e+02
7.703037423305856919e+02
7.712648199878914284e+02
7.722264968207940683e+02
8.654233420504831429e+02
8.665010797118162600e+02
8.675794880250855385e+02
8.686585669902907512e+02
8.697383166074322389e+02
8.708187368765097744e+02
8.718998277975234714e+02
8.729815893704733298e+02
8.740640215953592360e+02
8.751471244721810763e+02
8.762308980009393053e+02
8.773153421816334685e+02
8.784004570142639068e+02
8.794862424988302791e+02
8.805726986353329266e+02
8.816598254237716219e+02
8.827476228641463649e+02
8.480028280917540542e+02
8.490478100117685472e+02
8.500934353935564332e+02
8.511397042371177122e+02
8.521866165424523842e+02
8.532341723095605630e+02
8.542823715384421348e+02
8.553312142290969859e+02
8.563807003815253438e+02
8.574308299957272084e+02
8.584816030717022386e+02
8.595330196094507755e+02
8.605850796089727055e+02
8.616377830702681422e+02
8.626911299933369719e+02
8.637451203781791946e+02
8.647997542247946967e+02
7.103928531474924739e+02
7.112591858952333723e+02
7.121260465727411884e+02
7.129934351800161494e+02
7.138613517170582554e+02
7.147297961838672791e+02
7.155987685804434477e+02
7.164682689067866477e+02
7.173382971628968789e+02
7.182088533487741415e+02
7.190799374644185491e+02
7.199515495098298743e+02
7.208236894850084582e+02
7.216963573899538460e+02
7.225695532246664925e+02
7.234432769891461703e+02
7.243175286833928794e+02
5.164338597220977363e+02
5.170571957024502581e+02
5.176809076393651594e+02
5.183049955328424403e+02
5.189294593828819870e+02
5.195542991894839133e+02
5.201795149526481055e+02
5.208051066723746771e+02
5.214310743486636284e+02
5.220574179815148455e+02
5.226841375709284421e+02
5.233112331169043046e+02
5.239387046194426603e+02
5.245665520785431681e+02
5.251947754942061692e+02
5.258233748664314362e+02
5.264523501952189690e+02
2.651004238068563836e+02
2.654171507170198652e+02
2.657340667178760327e+02
2.660511718094248295e+02
2.663684659916661985e+02
2.666859492646002536e+02
2.670036216282269947e+02
2.673214830825462514e+02
2.676395336275582508e+02
2.679577732632628226e+02
2.682762019896600805e+02
2.685948198067499106e+02
2.689136267145323700e+02
2.692326227130075154e+02
2.695518078021752899e+02
2.698711819820356936e+02
2.701907452525887265e+02
2.301571880378781287e+01
2.304294023347886977e+01
2.307017775148534611e+01
2.309743135780724188e+01
2.312470105244456064e+01
2.315198683539729529e+01
2.317928870666545293e+01
2.320660666624903001e+01
2.323394071414802653e+01
2.326129085036244604e+01
2.328865707489228143e+01
2.331603938773754336e+01
2.334343778889822119e+01
2.337085227837432200e+01
2.339828285616584225e+01
2.342572952227277838e+01
2.345319227669513751e+01
-1.968127296483364148e+02
-1.970431895191190108e+02
-1.972737842406159245e+02
-1.975045138128271560e+02
-1.977353782357527336e+02
-1.979663775093926574e+02
-1.981975116337468705e+02
-1.984287806088154298e+02
-1.986601844345983068e+02
-1.988917231110954731e+02
-1.991233966383070424e+02
-1.993552050162328726e+02
-1.995871482448730490e+02
-1.998192263242275430e+02
-2.000514392542963833e+02
-2.002837870350795413e+02
-2.005162696665770170e+02
-3.693205028538608303e+02
-3.697487005383290466e+02
-3.701771463095206514e+02
-3.706058401674355309e+02
-3.710347821120737990e+02
-3.714639721434353419e+02
-3.718934102615202733e+02
-3.723230964663284794e+02
-3.727530307578600741e+02
-3.731832131361148868e+02
-3.736136436010931448e+02
-3.740443221527946775e+02
-3.744752487912195420e+02
-3.749064235163677381e+02
-3.753378463282393227e+02
-3.757695172268341821e+02
-3.762014362121523732e+02
-4.859375018296335043e+02
-4.864954094092312289e+02
-4.870536370734988623e+02
-4.876121848224363475e+02
-4.881710526560437415e+02
-4.887302405743209874e+02
-4.892897485772680852e+02
-4.898495766648851486e+02
-4.904097248371720639e+02
-4.909701930941287742e+02
-4.915309814357554501e+02
-4.920920898620519779e+02
-4.926535183730183576e+02
-4.932152669686546460e+02
-4.937773356489607863e+02
-4.943397244139368354e+02
-4.949024332635827363e+02
-5.349030528649286680e+02
-5.355112428056505678e+02
-5.361197783088388178e+02
-5.367286593744934180e+02
-5.373378860026142547e+02
-5.379474581932014416e+02
-5.385573759462549788e+02
-5.391676392617748661e+02
-5.397782481397609899e+02
-5.403892025802134640e+02
-5.410005025831322882e+02
-5.416121481485173490e+02
-5.422241392763687600e+02
-5.428364759666865211e+02
-5.434491582194706325e+02
-5.440621860347209804e+02
-5.446755594124377922e+02
-5.079001111244052709e+02
-5.084720707090048109e+02
-5.090443521616879821e+02
-5.096169554824547845e+02
-5.101898806713051613e+02
-5.107631277282392830e+02
-5.113366966532569222e+02
-5.119105874463582495e+02
-5.124848001075431512e+02
-5.130593346368117409e+02
-5.136341910341639050e+02
-5.142093692995996435e+02
-5.147848694331190700e+02
-5.153606914347220709e+02
-5.159368353044087598e+02
-5.165133010421790232e+02
-5.170900886480329746e+02
-4.373526790023061608e+02
-4.378405235968430702e+02
-4.383286401225921054e+02
-4.388170285795531527e+02
-4.393056889677263825e+02
-4.397946212871117382e+02
-4.402838255377091627e+02
-4.407733017195187699e+02
-4.412630498325404460e+02
-4.417530698767742479e+02
-4.422433618522201755e+02
-4.427339257588782289e+02
-4.432247615967483512e+02
-4.437158693658306561e+02
-4.442072490661249731e+02
-4.446989006976315295e+02
-4.451908242603501549e+02
-3.076743607931400106e+02
-3.080143324625246919e+02
-3.083544918578449483e+02
-3.086948389791008367e+02
-3.090353738262923571e+02
-3.093760963994195095e+02
-3.097170066984822370e+02
-3.100581047234805396e+02
-3.103993904744144743e+02
-3.107408639512840409e+02
-3.110825251540891827e+02
-3.114243740828299565e+02
-3.117664107375063054e+02
-3.121086351181182863e+02
-3.124510472246658424e+02
-3.127936470571490304e+02
-3.131364346155678504e+02
-1.550273469188214506e+02
-1.551970539214693190e+02
-1.553668537616459844e+02
-1.555367464393514467e+02
-1.557067319545857060e+02
-1.558768103073487623e+02
-1.560469814976406440e+02
-1.562172455254612942e+02
-1.563876023908107697e+02
-1.565580520936890423e+02
-1.567285946340961118e+02
-1.568992300120319783e+02
-1.570699582274966417e+02
-1.572407792804901305e+02
-1.574116931710123879e+02
-1.575826998990634706e+02
-1.577537994646433503e+02
1.097729487661960945e+01
1.098920083635563927e+01
1.100111324918637656e+01
1.101303211511182312e+01
1.102495743413197715e+01
1.103688920624683867e+01
1.104882743145640767e+01
1.106077210976068415e+01
1.107272324115966988e+01
1.108468082565336132e+01
1.109664486324176202e+01
1.110861535392487198e+01
1.112059229770268942e+01
1.113257569457521257e+01
1.114456554454244497e+01
1.115656184760438663e+01
1.116856460376103399e+01
1.881600960719628404e+02
1.883623100387247575e+02
1.885646326058984812e+02
1.887670637734839829e+02
1.889696035414812911e+02
1.891722519098903774e+02
1.893750088787112702e+02
1.895778744479439410e+02
1.897808486175884184e+02
1.899839313876447022e+02
1.901871227581127641e+02
1.903904227289926325e+02
1.905938313002842790e+02
1.907973484719877320e+02
1.910009742441029914e+02
1.912047086166300289e+02
1.914085515895688729e+02
3.122895308860084356e+02
3.126221075962172335e+02
3.129548613030785305e+02
3.132877920065924400e+02
3.136208997067589053e+02
3.139541844035779832e+02
3.142876460970497305e+02
3.146212847871739200e+02
3.149551004739507789e+02
3.152890931573801936e+02
3.156232628374622209e+02
3.159576095141968608e+02
3.162921331875839996e+02
3.166268338576238079e+02
3.169617115243161720e+02
3.172967661876610919e+02
3.176319978476586243e+02
4.039937759408886677e+02
4.044201545962351929e+02
4.048467581348388080e+02
4.052735865566995130e+02
4.057006398618171943e+02
4.061279180501919654e+02
4.065554211218237128e+02
4.069831490767125501e+02
4.074111019148584205e+02
4.078392796362613240e+02
4.082676822409212605e+02
4.086963097288381732e+02
4.091251621000122327e+02
4.095542393544433253e+02
4.099835414921313941e+02
4.104130685130765528e+02
4.108428204172786877e+02
3.901765065234820895e+02
3.905846409445317704e+02
3.909929887134230739e+02
3.914015498301560001e+02
3.918103242947306057e+02
3.922193121071468340e+02
3.926285132674046281e+02
3.930379277755041585e+02
3.934475556314452547e+02
3.938573968352280303e+02
3.942674513868524286e+02
3.946777192863184496e+02
3.950882005336260363e+02
3.954988951287753594e+02
3.959098030717663050e+02
3.963209243625988734e+02
3.967322590012730643e+02
3.374653049879780724e+02
3.378151912554616842e+02
3.381652588111668365e+02
3.385155076550934723e+02
3.388659377872415916e+02
3.392165492076112514e+02
3.395673419162023379e+02
3.399183159130149647e+02
3.402694711980490752e+02
3.406208077713046691e+02
3.409723256327817467e+02
3.413240247824803646e+02
3.416759052204004661e+02
3.420279669465419943e+02
3.423802099609051197e+02
3.427326342634896150e+02
3.430852398542957076e+02
2.440463065938804448e+02
2.442971249973684849e+02
2.445480722238681039e+02
2.447991482733792452e+02
2.450503531459019655e+02
2.453016868414362364e+02
2.455531493599820294e+02
2.458047407015394015e+02
2.460564608661083241e+02
2.463083098536887690e+02
2.465602876642807644e+02
2.468123942978843104e+02
2.470646297544994638e+02
2.473169940341261110e+02
2.475694871367643088e+02
2.478221090624140572e+02
2.480748598110753562e+02
1.210071763220171590e+02
1.211304643264206362e+02
1.212538151047571233e+02
1.213772286570265919e+02
1.215007049832290562e+02
1.216242440833645162e+02
1.217478459574329861e+02
1.218715106054344375e+02
1.219952380273688846e+02
1.221190282232363273e+02
1.222428811930367658e+02
1.223667969367702142e+02
1.224907754544366441e+02
1.226148167460360696e+02
1.227389208115685051e+02
1.228630876510339220e+02
1.229873172644323347e+02
8.417916462538721944e+00
8.426419408460477101e+00
8.434926646631563329e+00
8.443438177051978855e+00
8.451953999721723676e+00
8.460474114640797794e+00
8.468998521809201208e+00
8.477527221226933918e+00
8.486060212893997701e+00
8.494597496810390780e+00
8.503139072976111379e+00
8.511684941391163051e+00
8.520235102055544019e+00
8.528789554969254283e+00
8.537348300132293843e+00
8.545911337544664477e+00
8.554478667206362630e+00
-9.929159117470483409e+01
-9.939103192700800093e+01
-9.949052244945744405e+01
-9.959006274205320608e+01
-9.968965280479525859e+01
-9.978929263768360158e+01
-9.988898224071826348e+01
-9.998872161389921587e+01
-1.000885107572264445e+02
-1.001883496706999921e+02
-1.002882383543198301e+02
-1.003881768080859729e+02
-1.004881650319984061e+02
-1.005882030260571440e+02
-1.006882907902621724e+02
-1.007884283246135055e+02
-1.008886156291111433e+02
-2.243362808643558992e+02
-2.245590577073195107e+02
-2.247819451095103886e+02
-2.250049430709285616e+02
-2.252280515915740011e+02
-2.254512706714467356e+02
-2.256746003105467366e+02
-2.258980405088739758e+02
-2.261215912664285383e+02
-2.263452525832103959e+02
-2.265690244592194631e+02
-2.267929068944558821e+02
-2.270168998889195109e+02
-2.272410034426104630e+02
-2.274652175555286817e+02
-2.276895422276741670e+02
-2.279139774590469472e+02
-2.281385232496469939e+02
-2.283631795994743072e+02
-2.285879465085288871e+02
-2.288128239768107903e+02
-2.290378120043199601e+02
-2.292629105910563965e+02
-2.294881197370200709e+02
-2.297134394422110688e+02
-2.299388697066293332e+02
-2.301644105302748642e+02
-2.303900619131476901e+02
-2.306158238552478110e+02
-2.308416963565751701e+02
-2.310676794171298241e+02
-2.312937730369117162e+02
-2.315199772159209601e+02
-2.909513903662113989e+02
-2.912356613875755897e+02
-2.915200712131493788e+02
-2.918046198429328228e+02
-2.920893072769259220e+02
-2.923741335151286762e+02
-2.926590985575410855e+02
-2.929442024041631498e+02
-2.932294450549948692e+02
-2.935148265100362437e+02
-2.938003467692872164e+02
-2.940860058327479010e+02
-2.943718037004181838e+02
-2.946577403722981217e+02
-2.949438158483877714e+02
-2.952300301286870194e+02
-2.955163832131959225e+02
-2.958028751019144806e+02
-2.960895057948426938e+02
-2.963762752919805621e+02
-2.966631835933280854e+02
-2.969502306988852638e+02
-2.972374166086520404e+02
-2.975247413226285289e+02
-2.978122048408146156e+02
-2.980998071632104143e+02
-2.983875482898158111e+02
-2.986754282206308631e+02
-2.989634469556556269e+02
-2.992516044948899889e+02
-2.995399008383340060e+02
-2.998283359859876782e+02
-3.001169099378509486e+02
-2.515164333430286945e+02
-2.517582760673969631e+02
-2.520002350064333996e+02
-2.522423101601379472e+02
-2.524845015285106342e+02
-2.527268091115514039e+02
-2.529692329092603416e+02
-2.532117729216373903e+02
-2.534544291486825784e+02
-2.536972015903958493e+02
-2.539400902467772880e+02
-2.541830951178268094e+02
-2.544262162035444987e+02
-2.546694535039302991e+02
-2.549128070189842390e+02
-2.551562767487062615e+02
-2.553998626930964519e+02
-2.556435648521547250e+02
-2.558873832258811660e+02
-2.561313178142757465e+02
-2.563753686173383812e+02
-2.566195356350692123e+02
-2.568638188674681260e+02
-2.571082183145351792e+02
-2.573527339762703718e+02
-2.575973658526736472e+02
-2.578421139437450620e+02
-2.580869782494846163e+02
-2.583319587698923101e+02
-2.585770555049680866e+02
-2.588222684547120025e+02
-2.590675976191240579e+02
-2.593130429982041960e+02
-1.521279804229706372e+02
-1.522719728322682897e+02
-1.524160333552884197e+02
-1.525601619920309986e+02
-1.527043587424960549e+02
-1.528486236066835886e+02
-1.529929565845935997e+02
-1.531373576762260313e+02
-1.532818268815809972e+02
-1.534263642006583837e+02
-1.535709696334582475e+02
-1.537156431799805603e+02
-1.538603848402253789e+02
-1.540051946141926464e+02
-1.541500725018823914e+02
-1.542950185032946138e+02
-1.544400326184292851e+02
-1.545851148472864054e+02
-1.547302651898660315e+02
-1.548754836461681066e+02
-1.550207702161926591e+02
-1.551661248999396889e+02
-1.553115476974091393e+02
-1.554570386086010956e+02
-1.556025976335155292e+02
-1.557482247721524118e+02
-1.558939200245117718e+02
-1.560396833905935807e+02
-1.561855148703978955e+02
-1.563314144639246592e+02
-1.564773821711738719e+02
-1.566234179921455905e+02
-1.567695219268397580e+02
-3.884364906254570116e+01
-3.887985004023679636e+01
-3.891606787911917564e+01
-3.895230257919284611e+01
-3.898855414045780066e+01
-3.902482256291403928e+01
-3.906110784656156198e+01
-3.909740999140037587e+01
-3.913372899743047384e+01
-3.917006486465186299e+01
-3.920641759306452911e+01
-3.924278718266848642e+01
-3.927917363346372781e+01
-3.931557694545025328e+01
-3.935199711862806993e+01
-3.938843415299716355e+01
-3.942488804855755546e+01
-3.946135880530922435e+01
-3.949784642325218442e+01
-3.953435090238642857e+01
-3.957087224271195680e+01
-3.960741044422877621e+01
-3.964396550693687260e+01
-3.968053743083626017e+01
-3.971712621592693893e+01
-3.975373186220890176e+01
-3.979035436968214867e+01
-3.982699373834667966e+01
-3.986364996820249473e+01
-3.990032305924960099e+01
-3.993701301148799132e+01
-3.997371982491766573e+01
-4.001044349953863133e+01
3.976018748475744502e+01
3.979668146133822404e+01
3.983319217827523318e+01
3.986971963556847243e+01
3.990626383321793469e+01
3.994282477122363417e+01
3.997940244958556377e+01
4.001599686830371638e+01
4.005260802737809911e+01
4.008923592680871906e+01
4.012588056659556202e+01
4.016254194673863509e+01
4.019922006723794539e+01
4.023591492809347869e+01
4.027262652930524212e+01
4.030935487087323565e+01
4.034609995279745931e+01
4.038286177507791308e+01
4.041964033771459697e+01
4.045643564070751097e+01
4.049324768405664798e+01
4.053007646776202222e+01
4.056692199182362657e+01
4.060378425624145393e+01
4.064066326101551851e+01
4.067755900614580611e+01
4.071447149163233092e+01
4.075140071747507875e+01
4.078834668367405669e+01
4.082530939022927186e+01
4.086228883714071003e+01
4.089928502440837832e+01
4.093629795203227673e+01
7.515089092943595972e+01
7.521883929374828881e+01
7.528681836224693313e+01
7.535482813493187848e+01
7.542286861180315327e+01
7.549093979286074330e+01
7.555904167810463434e+01
7.562717426753485483e+01
7.569533756115137635e+01
7.576353155895421310e+01
7.583175626094336508e+01
7.590001166711883229e+01
7.596829777748061474e+01
7.603661459202871242e+01
7.610496211076311113e+01
7.617334033368383928e+01
7.624174926079088266e+01
7.631018889208421285e+01
7.637865922756388670e+01
7.644716026722986157e+01
7.651569201108215168e+01
7.658425445912075702e+01
7.665284761134566338e+01
7.672147146775689919e+01
7.679012602835445023e+01
7.685881129313831650e+01
7.692752726210848380e+01
7.699627393526496633e+01
7.706505131260777830e+01
7.713385939413689130e+01
7.720269817985230532e+01
7.727156766975404878e+01
7.734046786384210748e+01
5.797388682127496651e+01
5.802553393648322810e+01
5.807720404684518911e+01
5.812889715236084953e+01
5.818061325303020936e+01
5.823235234885326861e+01
5.828411443983002727e+01
5.833589952596048533e+01
5.838770760724464282e+01
5.843953868368249260e+01
5.849139275527404891e+01
5.854326982201930463e+01
5.859516988391825976e+01
5.864709294097091430e+01
5.869903899317726115e+01
5.875100804053731451e+01
5.880300008305106729e+01
5.885501512071851948e+01
5.890705315353966398e+01
5.895911418151450789e+01
5.901119820464305832e+01
5.906330522292530105e+01
5.911543523636125030e+01
5.916758824495089186e+01
5.921976424869423283e+01
5.927196324759128032e+01
5.932418524164201301e+01
5.937643023084645932e+01
5.942869821520459794e+01
5.948098919471643597e+01
5.953330316938197342e+01
5.958564013920121027e+01
5.963800010417414654e+01
1.575098738805071541e+01
1.576481617416840564e+01
1.577865102820453380e+01
1.579249195015909990e+01
1.580633894003210216e+01
1.582019199782354235e+01
1.583405112353341693e+01
1.584791631716173121e+01
1.586178757870847988e+01
1.587566490817366649e+01
1.588954830555728925e+01
1.590343777085935173e+01
1.591733330407984681e+01
1.593123490521878338e+01
1.594514257427615433e+01
1.595905631125196145e+01
1.597297611614620649e+01
1.598690198895888948e+01
1.600083392969000684e+01
1.601477193833956392e+01
1.602871601490755538e+01
1.604266615939398832e+01
1.605662237179885210e+01
1.607058465212215737e+01
1.608455300036389701e+01
1.609852741652407460e+01
1.611250790060268656e+01
1.612649445259973646e+01
1.614048707251522430e+01
1.615448576034915007e+01
1.616849051610151378e+01
1.618250133977231187e+01
1.619651823136154789e+01
-2.449863859629101981e+01
-2.451984036054570737e+01
-2.454105129511365391e+01
-2.456227139999485942e+01
-2.458350067518932036e+01
-2.460473912069704738e+01
-2.462598673651802983e+01
-2.464724352265226770e+01
-2.466850947909976810e+01
-2.468978460586052748e+01
-2.471106890293454228e+01
-2.473236237032182316e+01
-2.475366500802235592e+01
-2.477497681603615121e+01
-2.479629779436320547e+01
-2.481762794300351516e+01
-2.483896726195709093e+01
-2.486031575122391857e+01
-2.488167341080400874e+01
-2.490304024069735789e+01
-2.492441624090396246e+01
-2.494580141142382956e+01
-2.496719575225695564e+01
-2.498859926340333715e+01
-2.501001194486298118e+01
-2.503143379663588419e+01
-2.505286481872204618e+01
-2.507430501112146359e+01
-2.509575437383414354e+01
-2.511721290686008246e+01
-2.513868061019928035e+01
-2.516015748385173367e+01
-2.518164352781744952e+01
-5.225484854537781132e+01
-5.229943459362471714e+01
-5.234403965511181411e+01
-5.238866372983910225e+01
-5.243330681780658864e+01
-5.247796891901425909e+01
-5.252265003346212069e+01
-5.256735016115017345e+01
-5.261206930207841737e+01
-5.265680745624685244e+01
-5.270156462365547867e+01
-5.274634080430428895e+01
-5.279113599819329750e+01
-5.283595020532249009e+01
-5.288078342569188095e+01
-5.292563565930145586e+01
-5.297050690615122903e+01
-5.301539716624118626e+01
-5.306030643957133464e+01
-5.310523472614167417e+01
-5.315018202595220487e+01
-5.319514833900292672e+01
-5.324013366529383262e+01
-5.328513800482494389e+01
-5.333016135759623211e+01
-5.337520372360771859e+01
-5.342026510285938912e+01
-5.346534549535125080e+01
-5.351044490108331075e+01
-5.355556332005555475e+01
-5.360070075226798991e+01
-5.364585719772061623e+01
-5.369103265641343370e+01
-6.401733528514522220e+01
-6.407119926098464191e+01
-6.412508588778109697e+01
-6.417899516553458739e+01
-6.423292709424512736e+01
-6.428688167391270269e+01
-6.434085890453731338e+01
-6.439485878611895942e+01
-6.444888131865765502e+01
-6.450292650215338597e+01
-6.455699433660615227e+01
-6.461108482201595393e+01
-6.466519795838280515e+01
-6.471933374570669173e+01
-6.477349218398761366e+01
-6.482767327322558515e+01
-6.488187701342057778e+01
-6.493610340457263419e+01
-6.499035244668171174e+01
-6.504462413974783885e+01
-6.509891848377100132e+01
-6.515323547875119914e+01
-6.520757512468844652e+01
-6.526193742158271505e+01
-6.531632236943403313e+01
-6.537072996824240079e+01
-6.542516021800780379e+01
-6.547961311873022794e+01
-6.553408867040970165e+01
-6.558858687304622492e+01
-6.564310772663978355e+01
-6.569765123119037753e+01
-6.575221738669800686e+01
-4.469695634782970473e+01
-4.473404925766192974e+01
-4.477115755235928418e+01
-4.480828123192177515e+01
-4.484542029634939553e+01
-4.488257474564213823e+01
-4.491974457980002455e+01
-4.495692979882303320e+01
-4.499413040271117836e+01
-4.503134639146446005e+01
-4.506857776508286406e+01
-4.510582452356640459e+01
-4.514308666691508165e+01
-4.518036419512887392e+01
-4.521765710820781692e+01
-4.525496540615188223e+01
-4.529228908896107697e+01
-4.532962815663540823e+01
-4.536698260917486891e+01
-4.540435244657945901e+01
-4.544173766884918564e+01
-4.547913827598404168e+01
-4.551655426798402715e+01
-4.555398564484914203e+01
-4.559143240657939344e+01
-4.562889455317477427e+01
-4.566637208463529163e+01
-4.570386500096093840e+01
-4.574137330215170749e+01
-4.577889698820762021e+01
-4.581643605912865524e+01
-4.585399051491482680e+01
-4.589156035556612778e+01
-3.252679198147133377e+01
-3.255342054633540982e+01
-3.258006000668429891e+01
-3.260671036251798682e+01
-3.263337161383648066e+01
-3.266004376063977332e+01
-3.268672680292787902e+01
-3.271342074070079065e+01
-3.274012557395850820e+01
-3.276684130270102457e+01
-3.279356792692835398e+01
-3.282030544664048222e+01
-3.284705386183741638e+01
-3.287381317251916357e+01
-3.290058337868570959e+01
-3.292736448033706154e+01
-3.295415647747321231e+01
-3.298095937009417611e+01
-3.300777315819994584e+01
-3.303459784179052150e+01
-3.306143342086589598e+01
-3.308827989542608350e+01
-3.311513726547106984e+01
-3.314200553100086211e+01
-3.316888469201546030e+01
-3.319577474851486443e+01
-3.322267570049907448e+01
-3.324958754796809046e+01
-3.327651029092191237e+01
-3.330344392936054021e+01
-3.333038846328396687e+01
-3.335734389269220657e+01
-3.338431021758524508e+01
-1.680276201295301419e+01
-1.681633451861775796e+01
-1.682991250369536473e+01
-1.684349596818583805e+01
-1.685708491208917437e+01
-1.687067933540537368e+01
-1.688427923813443954e+01
-1.689788462027636839e+01
-1.691149548183116380e+01
-1.692511182279882220e+01
-1.693873364317934360e+01
-1.695236094297273155e+01
-1.696599372217898249e+01
-1.697963198079809644e+01
-1.699327571883007693e+01
-1.700692493627491686e+01
-1.702057963313262690e+01
-1.703423980940319993e+01
-1.704790546508663596e+01
-1.706157660018293498e+01
-1.707525321469210056e+01
-1.708893530861412913e+01
-1.710262288194902425e+01
-1.711631593469677881e+01
-1.713001446685740348e+01
-1.714371847843088759e+01
-1.715742796941723824e+01
-1.717114293981645190e+01
-1.718486338962853210e+01
-1.719858931885347531e+01
-1.721232072749128150e+01
-1.722605761554195070e+01
-1.723979998300548644e+01
