3.661769868496547948e-04
7.323539736993095895e-04
1.220589956165516127e-03
1.830884934248274082e-03
2.563238907947583672e-03
3.417651877263444896e-03
4.394123842195857971e-03
5.492654802744822463e-03
6.713244758910338374e-03
8.055893710692405701e-03
9.520601658091026182e-03
1.110736860110619548e-02
1.281619453973791879e-02
1.464707947398619266e-02
1.541162949916093615e-02
1.733808318655605252e-02
1.937785767909205870e-02
2.153095297676895642e-02
2.379736907958674222e-02
2.617710598754541609e-02
2.867016370064497804e-02
3.127654221888542807e-02
3.399624154226676964e-02
3.682926167078900276e-02
3.977560260445212048e-02
4.283526434325612975e-02
4.600824688720103056e-02
4.929455023628682292e-02
2.601594696520458105e-02
2.775034342955155081e-02
2.954068816694197311e-02
3.138698117737585142e-02
3.328922246085317532e-02
3.749165763919786593e-02
3.963403807572345866e-02
4.183592907993031323e-02
4.409733065181844353e-02
4.641824279138782872e-02
4.782331900059150903e-02
5.021448495062108552e-02
5.266397202138308614e-02
5.517178021287751782e-02
5.773790952510438751e-02
5.819506777919818824e-02
6.078151523605143658e-02
6.342418981153193080e-02
6.612309150563967786e-02
6.887822031837466386e-02
6.601932576973298938e-02
6.866009880052230396e-02
7.135265169466044333e-02
7.409698445214737972e-02
7.689309707298312702e-02
7.317111440579097958e-02
7.583188220236519728e-02
7.854016370959253368e-02
8.129595892747297492e-02
8.409926785600652099e-02
8.135171874017700644e-02
8.406344269818291637e-02
8.681962114730365498e-02
8.962025408753926392e-02
9.246534151888971542e-02
8.593942815146889125e-02
8.858371824843716547e-02
9.126807334687467299e-02
9.399249344678137219e-02
9.675697854815729082e-02
9.423640509166564261e-02
9.692887380857036217e-02
9.965926462007938802e-02
1.024275775261927063e-01
1.052338125269103170e-01
9.907681979130759931e-02
1.017188683190758114e-01
1.043956806432620177e-01
1.071072567638662182e-01
1.098535966808884268e-01
1.030240218785604400e-01
1.055996224255244531e-01
1.082070205101053062e-01
1.108462161323029993e-01
1.135172092921175185e-01
1.052791092737546536e-01
1.077562647860783041e-01
1.102622244322661732e-01
1.127969882123182610e-01
1.153605561262345952e-01
1.100376894171134351e-01
1.124829714041604006e-01
1.149551246218342426e-01
1.174541490701349888e-01
1.199800447490626254e-01
1.143552504372136597e-01
1.167627293937865685e-01
1.191952862561571347e-01
1.216529210243253167e-01
1.241356336982911285e-01
1.083210412746154344e-01
1.104874621001077500e-01
1.126753326367435498e-01
1.148846528845228476e-01
1.171154228434456157e-01
1.193676425135118679e-01
1.216413118947216182e-01
1.239364309870748526e-01
1.262529997905715851e-01
1.129797264447854749e-01
1.150527489483595261e-01
1.171446171110569756e-01
1.192553309328778233e-01
1.213848904138220691e-01
1.235332955538897270e-01
1.257005463530807554e-01
1.278866428113951959e-01
1.300915849288330761e-01
1.170127245353175804e-01
1.189959910528653325e-01
1.209959236756025791e-01
1.230125224035292925e-01
1.250457872366454726e-01
1.270957181749511333e-01
1.291623152184462886e-01
1.312455783671308829e-01
1.333455076210049717e-01
1.216937134898594675e-01
1.236101499227706541e-01
1.255415585153139280e-01
1.274879392674893308e-01
1.294492921792968765e-01
1.314256172507365095e-01
1.334169144818082853e-01
1.354231838725121762e-01
1.374444254228481821e-01
1.313138431103422488e-01
1.332449290384355167e-01
1.351901104842520851e-01
1.371493874477919817e-01
1.391227599290551509e-01
1.411102279280416760e-01
1.431117914447514738e-01
1.451274504791845998e-01
1.471572050313410263e-01
1.345827441099528010e-01
1.364390578218142025e-01
1.383080860111541299e-01
1.401898286779725555e-01
1.420842858222694793e-01
1.439914574440449013e-01
1.459113435432988493e-01
1.478439441200312954e-01
1.497892591742422119e-01
1.364565375172690498e-01
1.382287003421686367e-01
1.400122964756159716e-01
1.418073259176110823e-01
1.436137886681538856e-01
1.454316847272444368e-01
1.472610140948827362e-01
1.491017767710687558e-01
1.509539727558025235e-01
1.435322223259763996e-01
1.452933538882583142e-01
1.470652240576273140e-01
1.488478328340833989e-01
1.506411802176265691e-01
1.524452662082568244e-01
1.542600908059741649e-01
1.560856540107786183e-01
1.579219558226701015e-01
1.548844805864413587e-01
1.566854629188418613e-01
1.584968555537417390e-01
1.603186584911411028e-01
1.621508717310398417e-01
1.639934952734380391e-01
1.658465291183356394e-01
1.677099732657326703e-01
1.695838277156291318e-01
1.611989922135510789e-01
1.629801965474024783e-01
1.647711877182530538e-01
1.665719657261028053e-01
1.683825305709517606e-01
1.702028822527998919e-01
1.720330207716471993e-01
1.738729461274936827e-01
1.757226583203393699e-01
1.867776760134085279e-01
1.887437568135496846e-01
1.907201312304454832e-01
1.927067992640959515e-01
1.947037609145011172e-01
1.967110161816608971e-01
1.987285650655754021e-01
2.007564075662444936e-01
2.027945436836683102e-01
1.861306799203577000e-01
1.880013400200597762e-01
1.898813534202603570e-01
1.917707201209594980e-01
1.936694401221570883e-01
1.955775134238532387e-01
1.974949400260478660e-01
1.994217199287410258e-01
2.013578531319326625e-01
2.050467910759284917e-01
2.070183948362739612e-01
2.089994321074344907e-01
2.109899028894100248e-01
2.129898071822006744e-01
2.149991449858063286e-01
2.170179163002270706e-01
2.190461211254628171e-01
2.210837594615136237e-01
2.284056022949063902e-01
2.305107230533847973e-01
2.326255003291039236e-01
2.347499341220637969e-01
2.368840244322643340e-01
2.390277712597056736e-01
2.411811746043876770e-01
2.433442344663104551e-01
2.455169508454739247e-01
2.587210805060213836e-01
2.610106475901454171e-01
2.633103008728779892e-01
2.656200403542190447e-01
2.679398660341685279e-01
2.702697779127265498e-01
2.726097759898929995e-01
2.749598602656679325e-01
2.773200307400513487e-01
2.738215316608613170e-01
2.761519276749963003e-01
2.784921982485132341e-01
2.808423433814120629e-01
2.832023630736928421e-01
2.855722573253555163e-01
2.879520261364001410e-01
2.903416695068267162e-01
2.927411874366352418e-01
2.986083790961172046e-01
3.010559887608394436e-01
3.035135886690912277e-01
3.059811788208724459e-01
3.084587592161830982e-01
3.109463298550232957e-01
3.134438907373929828e-01
3.159514418632921040e-01
3.184689832327207704e-01
3.450427435828539169e-01
3.477703542040622708e-01
3.505087034497635368e-01
3.532577913199577702e-01
3.560176178146449155e-01
3.587881829338250284e-01
3.615694866774981087e-01
3.643615290456641009e-01
3.671643100383230607e-01
3.752312636958719527e-01
3.780956244874434935e-01
3.809708763846864077e-01
3.838570193876007508e-01
3.867540534961863563e-01
3.896619787104433907e-01
3.925807950303718541e-01
3.955105024559716353e-01
3.984511009872427345e-01
4.462027155987456917e-01
4.494957245699541248e-01
4.528008401917920089e-01
4.561180624642593440e-01
4.594473913873561299e-01
4.627888269610823668e-01
4.661423691854380547e-01
4.695080180604231379e-01
4.728857735860376721e-01
4.985860155939479399e-01
5.021473442767618867e-01
5.057213467271302054e-01
5.093080229450531737e-01
5.129073729305305696e-01
5.165193966835625039e-01
5.201440942041488658e-01
5.237814654922897661e-01
5.274315105479852051e-01
5.541880606630716910e-01
5.580232721555496989e-01
5.618717085152431512e-01
5.657333697421520480e-01
5.696082558362763892e-01
5.734963667976161750e-01
5.773977026261714052e-01
5.813122633219419688e-01
5.852400488849280880e-01
6.564347701226589393e-01
6.608403726067036965e-01
6.652607095472167220e-01
6.696957809441981269e-01
6.741455867976479110e-01
6.786101271075661856e-01
6.830894018739527285e-01
6.875834110968077617e-01
6.920921547761309522e-01
7.697962823465176463e-01
7.748112418406317703e-01
7.798424836707656960e-01
7.848900078369195343e-01
7.899538143390932854e-01
7.950339031772867271e-01
8.001302743515000815e-01
8.052429278617333486e-01
8.103718637079864173e-01
8.670984296799756352e-01
8.725863944247855830e-01
8.780916713612195723e-01
8.836142604892776031e-01
8.891541618089595644e-01
8.947113753202655673e-01
9.002859010231955006e-01
9.058777389177495865e-01
9.114868890039276028e-01
9.512603817365559156e-01
9.571142917780116610e-01
9.629861585987357087e-01
9.688759821987279475e-01
9.747837625779884885e-01
9.807094997365173317e-01
9.866531936743143660e-01
9.926148443913798136e-01
9.985944518877133413e-01
1.169891659291031116e+00
1.176896998568222941e+00
1.183923249305943726e+00
1.190970411504193249e+00
1.198038485162971734e+00
1.205127470282279400e+00
1.212237366862115806e+00
1.219368174902481394e+00
1.226519894403375499e+00
1.283759249819604431e+00
1.291244726494937378e+00
1.298751963276884691e+00
1.306280960165446370e+00
1.313831717160622192e+00
1.321404234262412603e+00
1.328998511470817379e+00
1.336614548785836298e+00
1.344252346207469806e+00
1.446103984338545922e+00
1.454320484249560286e+00
1.462560260364288878e+00
1.470823312682731032e+00
1.479109641204887415e+00
1.487419245930757583e+00
1.495752126860341535e+00
1.504108283993639494e+00
1.512487717330651460e+00
1.538711236074520095e+00
1.547235952063852560e+00
1.555784216992382341e+00
1.564356030860108993e+00
1.572951393667032516e+00
1.581570305413153132e+00
1.590212766098471064e+00
1.598878775722985868e+00
1.607568334286697764e+00
1.464233055323090671e+00
1.472147828595107288e+00
1.480083935487803259e+00
1.488041376001178806e+00
1.496020150135233262e+00
1.504020257889967072e+00
1.512041699265380235e+00
1.520084474261472529e+00
1.528148582878244399e+00
1.380547490112371989e+00
1.387832701141988645e+00
1.395137083779578013e+00
1.402460638025140094e+00
1.409803363878674887e+00
1.417165261340182392e+00
1.424546330409662387e+00
1.431946571087115094e+00
1.439365983372540736e+00
1.272477813318177109e+00
1.279036977304353284e+00
1.285613002894607115e+00
1.292205890088938380e+00
1.298815638887347301e+00
1.305442249289833656e+00
1.312085721296397889e+00
1.318746054907039333e+00
1.325423250121758434e+00
1.029850889826381621e+00
1.035039055518202300e+00
1.040240256802213326e+00
1.045454493678414698e+00
1.050681766146807083e+00
1.055922074207389594e+00
1.061175417860162451e+00
1.066441797105126099e+00
1.071721211942280316e+00
5.632329785970212610e-01
5.660075252896175080e-01
5.687888890502543759e-01
5.715770698789321980e-01
5.743720677756506410e-01
5.771738827404099270e-01
5.799825147732099451e-01
5.827979638740508062e-01
5.856202300429323993e-01
2.065031631461663741e-01
2.074983591131358829e-01
2.084959473781028694e-01
2.094959279410673891e-01
2.104983008020294144e-01
2.115030659609890007e-01
2.125102234179460925e-01
2.135197731729006898e-01
2.145317152258528204e-01
-2.876011103785240941e-01
-2.889577193897435170e-01
-2.903175204221657979e-01
-2.916805134757910478e-01
-2.930466985506191002e-01
-2.944160756466500106e-01
-2.957886447638838345e-01
-2.971644059023204609e-01
-2.985433590619600563e-01
-8.292638530700428001e-01
-8.330941710980799275e-01
-8.369333147436932574e-01
-8.407812840068825677e-01
-8.446380788876480805e-01
-8.485036993859897958e-01
-8.523781455019076025e-01
-8.562614172354013897e-01
-8.601535145864713794e-01
-1.402771136054638212e+00
-1.409118516760768047e+00
-1.415480225640048939e+00
-1.421856262692481776e+00
-1.428246627918065892e+00
-1.434651321316801509e+00
-1.441070342888688849e+00
-1.447503692633727468e+00
-1.453951370551918032e+00
-1.663480789043518593e+00
-1.670857643983844509e+00
-1.678250819399702332e+00
-1.685660315291091615e+00
-1.693086131658012805e+00
-1.700528268500465678e+00
-1.707986725818450013e+00
-1.715461503611966254e+00
-1.722952601881014179e+00
-2.061497774881283274e+00
-2.070460808685115062e+00
-2.079443285078542925e+00
-2.088445204061566862e+00
-2.097466565634186875e+00
-2.106507369796403406e+00
-2.115567616548215568e+00
-2.124647305889624693e+00
-2.133746437820629449e+00
-2.580800111239000216e+00
-2.591805655423387922e+00
-2.602834615659232131e+00
-2.613886991946532845e+00
-2.624962784285289619e+00
-2.636061992675502008e+00
-2.647184617117170902e+00
-2.658330657610295855e+00
-2.669500114154876869e+00
-2.678530355691564502e+00
-2.689737595673537651e+00
-2.700968232816224557e+00
-2.712222267119625219e+00
-2.723499698583740081e+00
-2.734800527208569143e+00
-2.746124752994111518e+00
-2.757472375940368536e+00
-2.768843396047338867e+00
-2.905198963419134195e+00
-2.917129965322293295e+00
-2.929085415999843622e+00
-2.941065315451785622e+00
-2.953069663678119294e+00
-2.965098460678845083e+00
-2.977151706453962099e+00
-2.989229401003471231e+00
-3.001331544327371592e+00
-3.211777393105946121e+00
-3.224728108400728210e+00
-3.237704881472763141e+00
-3.250707712322051801e+00
-3.263736600948592859e+00
-3.276791547352387202e+00
-3.289872551533434386e+00
-3.302979613491735300e+00
-3.316112733227288611e+00
-3.209055830482106408e+00
-3.221764962484015893e+00
-3.234499211347589220e+00
-3.247258577072825947e+00
-3.260043059659727405e+00
-3.272852659108291817e+00
-3.285687375418520517e+00
-3.298547208590412616e+00
-3.311432158623969446e+00
-3.372671389216006954e+00
-3.385794624193501079e+00
-3.398943341180660216e+00
-3.412117540177484365e+00
-3.425317221183973970e+00
-3.438542384200128588e+00
-3.451793029225947773e+00
-3.465069156261431971e+00
-3.478370765306581625e+00
-3.640304291261793335e+00
-3.654225148972163328e+00
-3.668172573204881104e+00
-3.682146563959947549e+00
-3.696147121237361777e+00
-3.710174245037124230e+00
-3.724227935359234465e+00
-3.738308192203692926e+00
-3.752415015570499168e+00
-3.837162370631206354e+00
-3.851587793077188238e+00
-3.866040280105620841e+00
-3.880519831716503276e+00
-3.895026447909835987e+00
-3.909560128685618974e+00
-3.924120874043852236e+00
-3.938708683984535330e+00
-3.953323558507669144e+00
-4.020736213101819168e+00
-4.035600302614210655e+00
-4.050491816645997112e+00
-4.065410755197179427e+00
-4.080357118267756711e+00
-4.095330905857730741e+00
-4.110332117967099741e+00
-4.125360754595863710e+00
-4.140416815744024426e+00
-4.140194894393887104e+00
-4.155250148555319711e+00
-4.170332726227027109e+00
-4.185442627409009297e+00
-4.200579852101266276e+00
-4.215744400303797157e+00
-4.230936272016604605e+00
-4.246155467239685954e+00
-4.261401985973041207e+00
-4.122013936945415402e+00
-4.136761750673305649e+00
-4.151535899782853534e+00
-4.166336384274058169e+00
-4.181163204146919554e+00
-4.196016359401437690e+00
-4.210895850037612576e+00
-4.225801676055445100e+00
-4.240733837454934374e+00
-4.311024024219272555e+00
-4.326203686276382854e+00
-4.341410026122696664e+00
-4.356643043758215761e+00
-4.371902739182937481e+00
-4.387189112396863599e+00
-4.402502163399995005e+00
-4.417841892192329034e+00
-4.433208298773867462e+00
-4.279245822889693684e+00
-4.294078564043556590e+00
-4.308936967379348282e+00
-4.323821032897065209e+00
-4.338730760596710923e+00
-4.353666150478282759e+00
-4.368627202541782495e+00
-4.383613916787208353e+00
-4.398626293214562111e+00
-3.792206984343694742e+00
-3.805149670297086395e+00
-3.818114405119222621e+00
-3.831101188810104308e+00
-3.844110021369731456e+00
-3.857140902798103621e+00
-3.870193833095220359e+00
-3.883268812261082559e+00
-3.896365840295689775e+00
-3.816841147662790146e+00
-3.829670865806194868e+00
-3.842522110322323048e+00
-3.855394881211175129e+00
-3.868289178472750223e+00
-3.881205002107050106e+00
-3.894142352114073447e+00
-3.907101228493821132e+00
-3.920081631246292275e+00
-2.821650857369833787e+00
-2.830994072129336292e+00
-2.840352730219020128e+00
-2.849726831638884850e+00
-2.859116376388930902e+00
-2.868521364469157398e+00
-2.877941795879565223e+00
-2.887377670620153935e+00
-2.896828988690923534e+00
-2.458217885686883264e+00
-2.466238172426481690e+00
-2.474271521522333650e+00
-2.482317932974438701e+00
-2.490377406782797287e+00
-2.498449942947408964e+00
-2.506535541468274619e+00
-2.514634202345393366e+00
-2.522745925578765647e+00
-1.075128299898358675e+00
-1.078585304078095941e+00
-1.082047857221204001e+00
-1.085515959327682189e+00
-1.088989610397530727e+00
-1.092468810430749615e+00
-1.095953559427339075e+00
-1.099443857387298662e+00
-1.102939704310628821e+00
-1.919700329493268243e-01
-1.925784958112898293e-01
-1.931879214309457915e-01
-1.937983098082947386e-01
-1.944096609433366984e-01
-1.950219748360716154e-01
-1.956352514864995173e-01
-1.962494908946203764e-01
-1.968646930604342482e-01
1.254434833241770297e+00
1.258354942095650797e+00
1.262281166563967938e+00
1.266213506646721720e+00
1.270151962343912144e+00
1.274096533655539432e+00
1.278047220581602916e+00
1.282004023122103264e+00
1.285966941277040254e+00
2.604531473212337911e+00
2.612557764347045008e+00
2.620596403621958892e+00
2.628647391037080006e+00
2.636710726592408349e+00
2.644786410287944367e+00
2.652874442123687171e+00
2.660974822099637205e+00
2.669087550215794913e+00
3.953459758181124606e+00
3.965476353190793724e+00
3.977511182790766320e+00
3.989564246981041062e+00
4.001635545761619284e+00
4.013725079132499651e+00
4.025832847093684386e+00
4.037958849645170822e+00
4.050103086786960738e+00
5.205594287384766261e+00
5.221203265757734080e+00
5.236835610864792656e+00
5.252491322705942878e+00
5.268170401281184745e+00
5.283872846590517369e+00
5.299598658633942527e+00
5.315347837411457554e+00
5.331120382923064227e+00
5.964018325683444921e+00
5.981663350315644223e+00
5.999334438499738020e+00
6.017031590235725425e+00
6.034754805523606436e+00
6.052504084363381942e+00
6.070279426755051944e+00
6.088080832698614664e+00
6.105908302194071879e+00
6.401695996892286189e+00
6.420387080094891452e+00
6.439105409774468214e+00
6.457850985931016474e+00
6.476623808564538010e+00
6.495423877675029267e+00
6.514251193262493800e+00
6.533105755326928943e+00
6.551987563868336473e+00
6.236654609684427086e+00
6.254627677723863854e+00
6.272626606292853069e+00
6.290651395391395617e+00
6.308702045019491500e+00
6.326778555177140717e+00
6.344880925864342380e+00
6.363009157081097378e+00
6.381163248827405710e+00
5.860145498129020858e+00
5.876817320314310145e+00
5.893512824065203048e+00
5.910232009381699569e+00
5.926974876263800596e+00
5.943741424711506127e+00
5.960531654724815276e+00
5.977345566303728930e+00
5.994183159448246201e+00
4.690341680457597917e+00
4.703516797537535155e+00
4.716710393042548688e+00
4.729922466972640294e+00
4.743153019327808195e+00
4.756402050108054169e+00
4.769669559313376439e+00
4.782955546943775893e+00
4.796260012999252531e+00
3.451545953453175830e+00
3.461120283421145860e+00
3.470707874233946555e+00
3.480308725891578803e+00
3.489922838394041715e+00
3.499550211741335293e+00
3.509190845933460423e+00
3.518844740970416218e+00
3.528511896852203122e+00
2.390862676885381788e+00
2.397412985589177481e+00
2.403972255043593798e+00
2.410540485248630738e+00
2.417117676204288745e+00
2.423703827910567377e+00
2.430298940367467075e+00
2.436903013574987398e+00
2.443516047533128344e+00
6.293890714939252007e-01
6.310924248673864811e-01
6.327980800697307062e-01
6.345060371009580980e-01
6.362162959610685453e-01
6.379288566500619373e-01
6.396437191679384959e-01
6.413608835146979992e-01
6.430803496903406691e-01
-1.751344984472321453e+00
-1.756027725072514700e+00
-1.760716717662828668e+00
-1.765411962243262689e+00
-1.770113458813817431e+00
-1.774821207374492227e+00
-1.779535207925287965e+00
-1.784255460466203758e+00
-1.788981964997240048e+00
-3.292754836607035163e+00
-3.301454320983804092e+00
-3.310165282252890862e+00
-3.318887720414295028e+00
-3.327621635468016592e+00
-3.336367027414056441e+00
-3.345123896252413243e+00
-3.353892241983087885e+00
-3.362672064606080369e+00
-5.204666018812624806e+00
-5.218255225128062946e+00
-5.231862148792020939e+00
-5.245486789804500560e+00
-5.259129148165500034e+00
-5.272789223875020248e+00
-5.286467016933062979e+00
-5.300162527339624674e+00
-5.313875755094707998e+00
-6.983799868239836783e+00
-7.001822577577230255e+00
-7.019868512055521315e+00
-7.037937671674712625e+00
-7.056030056434801523e+00
-7.074145666335789784e+00
-7.092284501377676520e+00
-7.110446561560461731e+00
-7.128631846884145418e+00
-8.758029392898951215e+00
-8.780371304615529837e+00
-8.802741677366142881e+00
-8.825140511150790346e+00
-8.847567805969468679e+00
-8.870023561822184988e+00
-8.892507778708932165e+00
-8.915020456629713763e+00
-8.937561595584531560e+00
-1.023957209619957709e+01
-1.026539699429844177e+01
-1.029125441745788372e+01
-1.031714436567790294e+01
-1.034306683895850121e+01
-1.036902183729967675e+01
-1.039500936070143133e+01
-1.042102940916376319e+01
-1.044708198268667054e+01
-1.179518697672443039e+01
-1.182460140808783322e+01
-1.185405247012541174e+01
-1.188354016283716774e+01
-1.191306448622309766e+01
-1.194262544028320505e+01
-1.197222302501748814e+01
-1.200185724042594693e+01
-1.203152808650858319e+01
-1.331709180259966629e+01
-1.334993296610792690e+01
-1.338281457439883404e+01
-1.341573662747238593e+01
-1.344869912532858258e+01
-1.348170206796742576e+01
-1.351474545538891370e+01
-1.354782928759304994e+01
-1.358095356457982916e+01
-1.456205728337685734e+01
-1.459757449626314418e+01
-1.463313497006646458e+01
-1.466873870478682029e+01
-1.470438570042421311e+01
-1.474007595697864126e+01
-1.477580947445010473e+01
-1.481158625283860353e+01
-1.484740629214413765e+01
-1.612400732814911208e+01
-1.616290722520134082e+01
-1.620185398959941736e+01
-1.624084762134333815e+01
-1.627988812043310674e+01
-1.631897548686871957e+01
-1.635810972065018021e+01
-1.639729082177748509e+01
-1.643651879025063778e+01
-1.718082720190722767e+01
-1.722183156277096927e+01
-1.726288479653204533e+01
-1.730398690319045585e+01
-1.734513788274620083e+01
-1.738633773519928027e+01
-1.742758646054969063e+01
-1.746888405879743900e+01
-1.751023052994252183e+01
-1.888474348381232915e+01
-1.892933555815427127e+01
-1.897398021748954022e+01
-1.901867746181813956e+01
-1.906342729114006218e+01
-1.910822970545531518e+01
-1.915308470476389502e+01
-1.919799228906580524e+01
-1.924295245836104229e+01
-1.849752514486150545e+01
-1.854074366155510489e+01
-1.858401260825651491e+01
-1.862733198496573905e+01
-1.867070179168277022e+01
-1.871412202840761552e+01
-1.875759269514027139e+01
-1.880111379188073428e+01
-1.884468531862900775e+01
-2.062834311081768845e+01
-2.067603870182535886e+01
-2.072378936857322174e+01
-2.077159511106128065e+01
-2.081945592928953204e+01
-2.086737182325797946e+01
-2.091534279296661936e+01
-2.096336883841545173e+01
-2.101144995960447659e+01
-1.929679273727449385e+01
-1.934095015772592419e+01
-1.938515804380072538e+01
-1.942941639549890098e+01
-1.947372521282044744e+01
-1.951808449576537186e+01
-1.956249424433366713e+01
-1.960695445852533325e+01
-1.965146513834037378e+01
-1.854040217725173179e+01
-1.858239629316849673e+01
-1.862443791374127500e+01
-1.866652703897007015e+01
-1.870866366885487864e+01
-1.875084780339570401e+01
-1.879307944259253915e+01
-1.883535858644539118e+01
-1.887768523495425654e+01
-1.600338813274262151e+01
-1.603927016891469037e+01
-1.607519238653824090e+01
-1.611115478561326952e+01
-1.614715736613977981e+01
-1.618320012811777175e+01
-1.621928307154724180e+01
-1.625540619642819351e+01
-1.629156950276062332e+01
-1.308671050336972286e+01
-1.311575980526399654e+01
-1.314484131259274236e+01
-1.317395502535595853e+01
-1.320310094355364861e+01
-1.323227906718581259e+01
-1.326148939625244694e+01
-1.329073193075355519e+01
-1.332000667068913558e+01
-8.715277707670592733e+00
-8.734432164170966573e+00
-8.753607646419421684e+00
-8.772804154415956290e+00
-8.792021688160568615e+00
-8.811260247653262212e+00
-8.830519832894033527e+00
-8.849800443882884338e+00
-8.869102080619816419e+00
-1.952917847121893979e+00
-1.957167940369166859e+00
-1.961422653283012796e+00
-1.965681985863432013e+00
-1.969945938110424288e+00
-1.974214510023989844e+00
-1.978487701604128235e+00
-1.982765512850839906e+00
-1.987047943764124414e+00
6.019703245640122269e+00
6.032676744014346504e+00
6.045664207402967172e+00
6.058665635805984273e+00
6.071681029223398696e+00
6.084710387655207775e+00
6.097753711101414176e+00
6.110810999562017010e+00
6.123882253037015388e+00
1.691231993252939958e+01
1.694841880111537691e+01
1.698455615463587520e+01
1.702073199309090512e+01
1.705694631648045956e+01
1.709319912480454207e+01
1.712949041806315265e+01
1.716582019625628419e+01
1.720218845938394736e+01
3.139802643007752891e+01
3.146440703563794727e+01
3.153085773687477555e+01
3.159737853378801020e+01
3.166396942637765832e+01
3.173063041464371636e+01
3.179736149858618433e+01
3.186416267820506221e+01
3.193103395350035001e+01
4.430355679422740423e+01
4.439633911212107620e+01
4.448921848264852485e+01
4.458219490580975020e+01
4.467526838160476643e+01
4.476843891003355225e+01
4.486170649109612185e+01
4.495507112479247525e+01
4.504853281112260532e+01
5.932935703095161983e+01
5.945244698329798894e+01
5.957566448999912723e+01
5.969900955105502760e+01
5.982248216646569006e+01
5.994608233623111460e+01
6.006981006035130832e+01
6.019366533882625703e+01
6.031764817165596781e+01
7.411438067441791588e+01
7.426672266963767299e+01
7.441922107347677695e+01
7.457187588593518512e+01
7.472468710701292594e+01
7.487765473670997096e+01
7.503077877502634863e+01
7.518405922196205893e+01
7.533749607751708766e+01
8.721962100148680008e+01
8.739725770413748762e+01
8.757507511553960455e+01
8.775307323569313667e+01
8.793125206459809817e+01
8.810961160225447486e+01
8.828815184866229515e+01
8.846687280382153062e+01
8.864577446773219549e+01
9.597242228768932648e+01
9.616611032459687181e+01
9.635999361154162557e+01
9.655407214852357356e+01
9.674834593554274420e+01
9.694281497259910907e+01
9.713747925969268238e+01
9.733233879682344991e+01
9.752739358399142588e+01
1.021426365727501064e+02
1.023469218458956078e+02
1.025514112002330620e+02
1.027561046357624690e+02
1.029610021524838288e+02
1.031661037503971414e+02
1.033714094295024211e+02
1.035769191897996393e+02
1.037826330312888103e+02
9.863815694009217339e+01
9.883367360399721235e+01
9.902938384875761813e+01
9.922528767437334807e+01
9.942138508084444481e+01
9.961767606817087994e+01
9.981416063635268188e+01
1.000108387853898364e+02
1.002077105152823293e+02
9.113973126966011762e+01
9.131878771616240442e+01
9.149801988047283885e+01
9.167742776259140669e+01
9.185701136251813637e+01
9.203677068025299945e+01
9.221670571579602438e+01
9.239681646914718272e+01
9.257710294030648868e+01
8.100701174493276824e+01
8.116476639292679351e+01
8.132267449874960619e+01
8.148073606240120625e+01
8.163895108388159372e+01
8.179731956319078279e+01
8.195584150032875925e+01
8.211451689529549469e+01
8.227334574809104595e+01
6.472606592298545536e+01
6.485101971820357392e+01
6.497609400888478604e+01
6.510128879502906329e+01
6.522660407663643412e+01
6.535203985370688429e+01
6.547759612624042802e+01
6.560327289423705110e+01
6.572907015769675354e+01
4.627561789184582608e+01
4.636418366771538757e+01
4.645283411449877775e+01
4.654156923219601083e+01
4.663038902080707260e+01
4.671929348033196305e+01
4.680828261077068930e+01
4.689735641212325135e+01
4.698651488438964208e+01
2.740859898443324028e+01
2.746060771115892152e+01
2.751266573525590431e+01
2.756477305672419220e+01
2.761692967556378164e+01
2.766913559177467974e+01
2.772139080535687938e+01
2.777369531631038058e+01
2.782604912463519042e+01
7.984725875915161808e+00
7.999748878503901039e+00
8.014786000455975667e+00
8.029837241771387468e+00
8.044902602450132889e+00
8.059982082492211930e+00
8.075075681897628144e+00
8.090183400666379754e+00
8.105305238798466760e+00
-1.147832658607388900e+01
-1.149974137448074174e+01
-1.152117612075190856e+01
-1.154263082488738767e+01
-1.156410548688717732e+01
-1.158560010675127927e+01
-1.160711468447969352e+01
-1.162864922007242185e+01
-1.165020371352946071e+01
-3.197590538386449310e+01
-3.203506524581428749e+01
-3.209427978416145066e+01
-3.215354899890597551e+01
-3.221287289004787624e+01
-3.227225145758713154e+01
-3.233168470152375562e+01
-3.239117262185774848e+01
-3.245071521858910302e+01
-5.230386315459895741e+01
-5.239983354570831153e+01
-5.249589190234573266e+01
-5.259203822451119237e+01
-5.268827251220471908e+01
-5.278459476542630568e+01
-5.288100498417593798e+01
-5.297750316845363017e+01
-5.307408931825938225e+01
-6.471606587365351970e+01
-6.483383851400594722e+01
-6.495171822039503695e+01
-6.506970499282081732e+01
-6.518779883128328834e+01
-6.530599973578244999e+01
-6.542430770631828807e+01
-6.554272274289080258e+01
-6.566124484550000773e+01
-8.200657011579681921e+01
-8.215459641564483206e+01
-8.230275619276953591e+01
-8.245104944717091655e+01
-8.259947617884898818e+01
-8.274803638780376502e+01
-8.289673007403520444e+01
-8.304555723754334906e+01
-8.319451787832818468e+01
-9.560237648115915476e+01
-9.577355352051664283e+01
-9.594488366992722206e+01
-9.611636692939090665e+01
-9.628800329890766818e+01
-9.645979277847753508e+01
-9.663173536810049313e+01
-9.680383106777654234e+01
-9.697607987750568270e+01
-1.083153592097515059e+02
-1.085077488353460922e+02
-1.087003091704576292e+02
-1.088930402150861028e+02
-1.090859419692315129e+02
-1.092790144328938737e+02
-1.094722576060731711e+02
-1.096656714887694051e+02
-1.098592560809825898e+02
-1.181056835407052432e+02
-1.183137992826272011e+02
-1.185220982250261983e+02
-1.187305803679022347e+02
-1.189392457112553103e+02
-1.191480942550854252e+02
-1.193571259993925935e+02
-1.195663409441768152e+02
-1.197757390894380620e+02
-1.229241801407311385e+02
-1.231390825535645774e+02
-1.233541726540948247e+02
-1.235694504423218660e+02
-1.237849159182457015e+02
-1.240005690818663453e+02
-1.242164099331837832e+02
-1.244324384721980152e+02
-1.246486546989090414e+02
-1.294600009057212731e+02
-1.296845629194345975e+02
-1.299093195276138601e+02
-1.301342707302590895e+02
-1.303594165273702572e+02
-1.305847569189473916e+02
-1.308102919049904642e+02
-1.310360214854995320e+02
-1.312619456604745096e+02
-1.252784116412162376e+02
-1.254940371345746257e+02
-1.257098480324844729e+02
-1.259258443349457792e+02
-1.261420260419585730e+02
-1.263583931535228260e+02
-1.265749456696385380e+02
-1.267916835903057233e+02
-1.270086069155243820e+02
-1.274348788188779480e+02
-1.276525301917539110e+02
-1.278703672739924144e+02
-1.280883900655934156e+02
-1.283065985665569428e+02
-1.285249927768830105e+02
-1.287435726965715617e+02
-1.289623383256226816e+02
-1.291812896640362851e+02
-1.195987727014445170e+02
-1.198014824856842608e+02
-1.200043639124169914e+02
-1.202074169816427371e+02
-1.204106416933614980e+02
-1.206140380475732599e+02
-1.208176060442780226e+02
-1.210213456834757864e+02
-1.212252569651665794e+02
-1.083721711438237350e+02
-1.085544624325433745e+02
-1.087369069072199181e+02
-1.089195045678533660e+02
-1.091022554144437322e+02
-1.092851594469910026e+02
-1.094682166654951629e+02
-1.096514270699562559e+02
-1.098347906603742388e+02
-8.794553910720868828e+01
-8.809235970671988980e+01
-8.823930275877447116e+01
-8.838636826337241814e+01
-8.853355622051375917e+01
-8.868086663019848004e+01
-8.882829949242658074e+01
-8.897585480719804707e+01
-8.912353257451289323e+01
-6.893662763469397703e+01
-6.905085568379867311e+01
-6.916517829254669891e+01
-6.927959546093801180e+01
-6.939410718897261177e+01
-6.950871347665051303e+01
-6.962341432397172980e+01
-6.973820973093623365e+01
-6.985309969754402459e+01
-4.416947904993328677e+01
-4.424212621942330514e+01
-4.431483308256122911e+01
-4.438759963934704444e+01
-4.446042588978075116e+01
-4.453331183386236347e+01
-4.460625747159186716e+01
-4.467926280296926222e+01
-4.475232782799456288e+01
-1.254127986209527812e+01
-1.256175542105380138e+01
-1.258224768112077285e+01
-1.260275664229619430e+01
-1.262328230458006573e+01
-1.264382466797238358e+01
-1.266438373247315141e+01
-1.268495949808236922e+01
-1.270555196480003524e+01
3.183712729454286006e+01
3.188872717670581380e+01
3.194036884014987621e+01
3.199205228487503661e+01
3.204377751088129855e+01
3.209554451816866560e+01
3.214735330673714486e+01
3.219920387658671501e+01
3.225109622771739737e+01
7.468959154856091232e+01
7.480976788250870868e+01
7.493004082122656939e+01
7.505041036471449445e+01
7.517087651297245543e+01
7.529143926600048076e+01
7.541209862379855622e+01
7.553285458636668181e+01
7.565370715370487176e+01
1.170928758704925627e+02
1.172799251929694009e+02
1.174671237966293660e+02
1.176544716814724723e+02
1.178419688474987339e+02
1.180296152947081225e+02
1.182174110231006665e+02
1.184053560326763233e+02
1.185934503234351496e+02
1.626592217627263892e+02
1.629172062540233412e+02
1.631753951704322390e+02
1.634337885119531393e+02
1.636923862785859569e+02
1.639511884703307487e+02
1.642101950871875431e+02
1.644694061291562548e+02
1.647288215962369406e+02
2.119996746681958086e+02
2.123335324235787596e+02
2.126676528522547471e+02
2.130020359542236861e+02
2.133366817294856617e+02
2.136715901780405602e+02
2.140067612998884670e+02
2.143421950950293535e+02
2.146778915634632199e+02
2.447252694422668924e+02
2.451079516462422987e+02
2.454909328206895509e+02
2.458742129656086775e+02
2.462577920809996499e+02
2.466416701668624682e+02
2.470258472231971325e+02
2.474103232500036427e+02
2.477950982472820556e+02
2.735915898984640080e+02
2.740164215597970383e+02
2.744415828034894957e+02
2.748670736295413803e+02
2.752928940379528058e+02
2.757190440287236015e+02
2.761455236018538812e+02
2.765723327573435881e+02
2.769994714951927790e+02
2.796926987378880654e+02
2.801239904861346304e+02
2.805556145084553350e+02
2.809875708048501792e+02
2.814198593753191631e+02
2.818524802198623433e+02
2.822854333384796064e+02
2.827187187311710659e+02
2.831523363979366650e+02
2.830295526754597404e+02
2.834629823120224046e+02
2.838967435703423234e+02
2.843308364504192696e+02
2.847652609522533567e+02
2.852000170758445847e+02
2.856351048211928969e+02
2.860705241882984069e+02
2.865062751771610010e+02
2.666247941733279276e+02
2.670303071682683935e+02
2.674361283037824819e+02
2.678422575798701928e+02
2.682486949965315830e+02
2.686554405537666526e+02
2.690624942515754583e+02
2.694698560899578297e+02
2.698775260689138804e+02
2.351911956745643693e+02
2.355464693840425525e+02
2.359020112246222425e+02
2.362578211963034391e+02
2.366138992990860856e+02
2.369702455329702389e+02
2.373268598979558988e+02
2.376837423940430654e+02
2.380408930212316818e+02
1.950126276646325039e+02
1.953052197541518353e+02
1.955980311780711247e+02
1.958910619363903152e+02
1.961843120291094635e+02
1.964777814562285414e+02
1.967714702177475772e+02
1.970653783136665425e+02
1.973595057439854372e+02
1.460253255855720909e+02
1.462429490216161696e+02
1.464607345004272076e+02
1.466786820220052334e+02
1.468967915863502185e+02
1.471150631934621913e+02
1.473334968433411234e+02
1.475520925359870148e+02
1.477708502713998939e+02
9.083878206297512747e+01
9.097325842428226395e+01
9.110783425035369021e+01
9.124250954118940626e+01
9.137728429678938369e+01
9.151215851715365091e+01
9.164713220228219370e+01
9.178220535217502629e+01
9.191737796683213446e+01
2.519183983554555795e+01
2.522888665883312242e+01
2.526596070241701142e+01
2.530306196629720716e+01
2.534019045047372742e+01
2.537734615494656154e+01
2.541452907971571662e+01
2.545173922478118556e+01
2.548897659014297190e+01
-3.160298326755578913e+01
-3.164915270987507867e+01
-3.169535585251723475e+01
-3.174159269548224671e+01
-3.178786323877012165e+01
-3.183416748238085958e+01
-3.188050542631445694e+01
-3.192687707057091373e+01
-3.197328241515022995e+01
-9.715534142959199926e+01
-9.729635063340852241e+01
-9.743746209190513241e+01
-9.757867580508180083e+01
-9.771999177293855610e+01
-9.786140999547535557e+01
-9.800293047269224189e+01
-9.814455320458920085e+01
-9.828627819116623243e+01
-1.540442172968959085e+02
-1.542663430608424164e+02
-1.544886288577600624e+02
-1.547110746876488179e+02
-1.549336805505087398e+02
-1.551564464463397996e+02
-1.553793723751420259e+02
-1.556024583369153902e+02
-1.558257043316598924e+02
-2.035423749211255426e+02
-2.038339829081185712e+02
-2.041257996338281089e+02
-2.044178250982541840e+02
-2.047100593013967966e+02
-2.050025022432559467e+02
-2.052951539238316059e+02
-2.055880143431238025e+02
-2.058810835011325366e+02
-2.523673478933067429e+02
-2.527265896696673337e+02
-2.530860869522700227e+02
-2.534458397411147530e+02
-2.538058480362015530e+02
-2.541661118375304227e+02
-2.545266311451014190e+02
-2.548874059589144565e+02
-2.552484362789695354e+02
-2.981809993432923420e+02
-2.986027546464653710e+02
-2.990248080099232766e+02
-2.994471594336660587e+02
-2.998698089176938879e+02
-3.002927564620065368e+02
-3.007160020666041760e+02
-3.011395457314866917e+02
-3.015633874566541976e+02
-3.380109820867039048e+02
-3.384860502273738803e+02
-3.389614519833112354e+02
-3.394371873545158564e+02
-3.399132563409878003e+02
-3.403896589427271238e+02
-3.408663951597337700e+02
-3.413434649920077391e+02
-3.418208684395489740e+02
-3.663337948868553440e+02
-3.668454342651889419e+02
-3.673574306842610895e+02
-3.678697841440717298e+02
-3.683824946446210333e+02
-3.688955621859087728e+02
-3.694089867679350618e+02
-3.699227683906999005e+02
-3.704369070542033455e+02
-3.940977762269101845e+02
-3.946447544034916177e+02
-3.951921118991968456e+02
-3.957398487140259249e+02
-3.962879648479789125e+02
-3.968364603010556380e+02
-3.973853350732562717e+02
-3.979345891645808138e+02
-3.984842225750290936e+02
-4.033473416399623943e+02
-4.039036828008451039e+02
-4.044604073808600901e+02
-4.050175153800072394e+02
-4.055750067982866653e+02
-4.061328816356983680e+02
-4.066911398922422904e+02
-4.072497815679184328e+02
-4.078088066627268518e+02
-4.250127604430839483e+02
-4.255953687507509358e+02
-4.261783761052040518e+02
-4.267617825064431827e+02
-4.273455879544684421e+02
-4.279297924492797165e+02
-4.285143959908770626e+02
-4.290993985792605372e+02
-4.296848002144300835e+02
-4.126075019692387968e+02
-4.131696375305047582e+02
-4.137321557572311121e+02
-4.142950566494178020e+02
-4.148583402070649413e+02
-4.154220064301723028e+02
-4.159860553187401138e+02
-4.165504868727682606e+02
-4.171153010922567432e+02
-4.043680306181160518e+02
-4.049155838078494867e+02
-4.054635074665881120e+02
-4.060118015943319278e+02
-4.065604661910810478e+02
-4.071095012568353582e+02
-4.076589067915949158e+02
-4.082086827953597776e+02
-4.087588292681297730e+02
-3.786922192138660535e+02
-3.792018991858901131e+02
-3.797119219151246057e+02
-3.802222874015697016e+02
-3.807329956452252873e+02
-3.812440466460913626e+02
-3.817554404041679277e+02
-3.822671769194550393e+02
-3.827792561919526406e+02
-3.389509712678677715e+02
-3.394044173832763249e+02
-3.398581666043769474e+02
-3.403122189311696957e+02
-3.407665743636545699e+02
-3.412212329018315700e+02
-3.416761945457006391e+02
-3.421314592952618909e+02
-3.425870271505152118e+02
-2.584882165440313884e+02
-2.588319508745420876e+02
-2.591759135999567434e+02
-2.595201047202754125e+02
-2.598645242354980951e+02
-2.602091721456247342e+02
-2.605540484506553867e+02
-2.608991531505900525e+02
-2.612444862454286749e+02
-2.615900477351713107e+02
-2.619358376198179599e+02
-2.622818558993685656e+02
-2.626281025738231278e+02
-2.629745776431817603e+02
-2.633212811074443493e+02
-2.636682129666109518e+02
-2.640153732206815675e+02
-1.140077110961405680e+02
-1.141576226163195713e+02
-1.143076326328981764e+02
-1.144577411458763692e+02
-1.146079481552541779e+02
-1.147582536610315458e+02
-1.149086576632085297e+02
-1.150591601617850870e+02
-1.152097611567612461e+02
-1.153604606481370070e+02
-1.155112586359123412e+02
-1.156621551200872773e+02
-1.158131501006618009e+02
-1.159642435776359264e+02
-1.161154355510096394e+02
-1.162667260207829401e+02
-1.164181149869558283e+02
8.438209484176198316e+01
8.449182448394891765e+01
8.460162542544853181e+01
8.471149766626081146e+01
8.482144120638574236e+01
8.493145604582333874e+01
8.504154218457358638e+01
8.515169962263649950e+01
8.526192836001209230e+01
8.537222839670033636e+01
8.548259973270124590e+01
8.559304236801480670e+01
8.570355630264104718e+01
8.581414153657992472e+01
8.592479806983148194e+01
8.603552590239569042e+01
8.614632503427257859e+01
3.211414406137314472e+02
3.215544842672538834e+02
3.219677933729958568e+02
3.223813679309573104e+02
3.227952079411382442e+02
3.232093134035387152e+02
3.236236843181586096e+02
3.240383206849980411e+02
3.244532225040569529e+02
3.248683897753352880e+02
3.252838224988332172e+02
3.256995206745505698e+02
3.261154843024874026e+02
3.265317133826437157e+02
3.269482079150195659e+02
3.273649678996148396e+02
3.277819933364296503e+02
5.640199506854891069e+02
5.647375333199490797e+02
5.654555721417162886e+02
5.661740671507909610e+02
5.668930183471728697e+02
5.676124257308622418e+02
5.683322893018588502e+02
5.690526090601628084e+02
5.697733850057742302e+02
5.704946171386928881e+02
5.712163054589188960e+02
5.719384499664523673e+02
5.726610506612930749e+02
5.733841075434412460e+02
5.741076206128966533e+02
5.748315898696594104e+02
5.755560153137295174e+02
7.570673733156589833e+02
7.580202586187624547e+02
7.589737432207984966e+02
7.599278271217674501e+02
7.608825103216692014e+02
7.618377928205036369e+02
7.627936746182709840e+02
7.637501557149710152e+02
7.647072361106037306e+02
7.656649158051693576e+02
7.666231947986676687e+02
7.675820730910987777e+02
7.685415506824626846e+02
7.695016275727592756e+02
7.704623037619886645e+02
7.714235792501508513e+02
7.723854540372458359e+02
8.650975824680690494e+02
8.661749144512174325e+02
8.672529168338573982e+02
8.683315896159890599e+02
8.694109327976124177e+02
8.704909463787274717e+02
8.715716303593342218e+02
8.726529847394326680e+02
8.737350095190228103e+02
8.748177046981045351e+02
8.759010702766780696e+02
8.769851062547431866e+02
8.780698126323002271e+02
8.791551894093487363e+02
8.802412365858890553e+02
8.813279541619209567e+02
8.824153421374446680e+02
8.470959755901086510e+02
8.481398400085806770e+02
8.491843472007094533e+02
8.502294971664949799e+02
8.512752899059371430e+02
8.523217254190360563e+02
8.533688037057916063e+02
8.544165247662039064e+02
8.554648886002729569e+02
8.565138952079985302e+02
8.575635445893808537e+02
8.586138367444199275e+02
8.596647716731156379e+02
8.607163493754680985e+02
8.617685698514773094e+02
8.628214331011430431e+02
8.638749391244655271e+02
7.092618385006269364e+02
7.101267919622130194e+02
7.109922725130505796e+02
7.118582801531395035e+02
7.127248148824800182e+02
7.135918767010717829e+02
7.144594656089150249e+02
7.153275816060097441e+02
7.161962246923558268e+02
7.170653948679533869e+02
7.179350921328023105e+02
7.188053164869025977e+02
7.196760679302544759e+02
7.205473464628576039e+02
7.214191520847123229e+02
7.222914847958182918e+02
7.231643445961758516e+02
5.154368134892062017e+02
5.160589460341539052e+02
5.166814538098284402e+02
5.173043368162296929e+02
5.179275950533576633e+02
5.185512285212123516e+02
5.191752372197938712e+02
5.197996211491021086e+02
5.204243803091370637e+02
5.210495146998988503e+02
5.216750243213872409e+02
5.223009091736024629e+02
5.229271692565445164e+02
5.235538045702131740e+02
5.241808151146086630e+02
5.248082008897308697e+02
5.254359618955797941e+02
2.643988321093315221e+02
2.647147207976341861e+02
2.650307980761985505e+02
2.653470639450245585e+02
2.656635184041122102e+02
2.659801614534615624e+02
2.662969930930726150e+02
2.666140133229453113e+02
2.669312221430797081e+02
2.672486195534757485e+02
2.675662055541334894e+02
2.678839801450528739e+02
2.682019433262339589e+02
2.685200950976766876e+02
2.688384354593811167e+02
2.691569644113472464e+02
2.694756819535749628e+02
2.254060225507016568e+01
2.256726174916250116e+01
2.259393699945702139e+01
2.262062800595371925e+01
2.264733476865260187e+01
2.267405728755366567e+01
2.270079556265691423e+01
2.272754959396234398e+01
2.275431938146995492e+01
2.278110492517975061e+01
2.280790622509172394e+01
2.283472328120588557e+01
2.286155609352222484e+01
2.288840466204074886e+01
2.291526898676145407e+01
2.294214906768434048e+01
2.296904490480940808e+01
-1.970562382606893834e+02
-1.972869832703623274e+02
-1.975178632975950563e+02
-1.977488783423875702e+02
-1.979800284047398407e+02
-1.982113134846519529e+02
-1.984427335821237932e+02
-1.986742886971554753e+02
-1.989059788297468856e+02
-1.991378039798981092e+02
-1.993697641476091178e+02
-1.996018593328799113e+02
-1.998340895357104898e+02
-2.000664547561008249e+02
-2.002989549940510017e+02
-2.005315902495609350e+02
-2.007643605226306249e+02
-3.692629013027273004e+02
-3.696910322027884490e+02
-3.701194111508797278e+02
-3.705480381470011935e+02
-3.709769131911528461e+02
-3.714060362833346289e+02
-3.718354074235465987e+02
-3.722650266117886417e+02
-3.726948938480609854e+02
-3.731250091323633455e+02
-3.735553724646960063e+02
-3.739859838450587404e+02
-3.744168432734516614e+02
-3.748479507498747125e+02
-3.752793062743280075e+02
-3.757109098468113757e+02
-3.761427614673249877e+02
-4.854520207048963130e+02
-4.860093709008835390e+02
-4.865670408617565954e+02
-4.871250305875154822e+02
-4.876833400781601995e+02
-4.882419693336907471e+02
-4.888009183541070684e+02
-4.893601871394092768e+02
-4.899197756895973157e+02
-4.904796840046711282e+02
-4.910399120846307710e+02
-4.916004599294762443e+02
-4.921613275392074911e+02
-4.927225149138246252e+02
-4.932840220533275897e+02
-4.938458489577163277e+02
-4.944079956269908962e+02
-5.340653819417227623e+02
-5.346726194425092444e+02
-5.352802019646029521e+02
-5.358881295080039990e+02
-5.364964020727122715e+02
-5.371050196587278833e+02
-5.377139822660507207e+02
-5.383232898946807836e+02
-5.389329425446180721e+02
-5.395429402158626999e+02
-5.401532829084146670e+02
-5.407639706222737459e+02
-5.413750033574401641e+02
-5.419863811139139216e+02
-5.425981038916947909e+02
-5.432101716907829996e+02
-5.438225845111785475e+02
-5.069143468920027544e+02
-5.074851963817459932e+02
-5.080563671148711933e+02
-5.086278590913783546e+02
-5.091996723112674772e+02
-5.097718067745386179e+02
-5.103442624811916062e+02
-5.109170394312266694e+02
-5.114901376246435802e+02
-5.120635570614425660e+02
-5.126372977416234562e+02
-5.132113596651862508e+02
-5.137857428321310636e+02
-5.143604472424577807e+02
-5.149354728961665160e+02
-5.155108197932572693e+02
-5.160864879337299271e+02
-4.364972411511494101e+02
-4.369841315484179063e+02
-4.374712933450159085e+02
-4.379587265409434735e+02
-4.384464311362006583e+02
-4.389344071307874628e+02
-4.394226545247037734e+02
-4.399111733179497037e+02
-4.403999635105251969e+02
-4.408890251024302529e+02
-4.413783580936649287e+02
-4.418679624842291673e+02
-4.423578382741229689e+02
-4.428479854633464470e+02
-4.433384040518993743e+02
-4.438290940397819782e+02
-4.443200554269940881e+02
-3.070361414302878416e+02
-3.073754078849069060e+02
-3.077148616760553637e+02
-3.080545028037331008e+02
-3.083943312679402311e+02
-3.087343470686766409e+02
-3.090745502059424439e+02
-3.094149406797374695e+02
-3.097555184900618883e+02
-3.100962836369157003e+02
-3.104372361202987349e+02
-3.107783759402111627e+02
-3.111197030966529269e+02
-3.114612175896240274e+02
-3.118029194191244073e+02
-3.121448085851541805e+02
-3.124868850877132331e+02
-1.545230565881744269e+02
-1.546922115488621046e+02
-1.548614590450862352e+02
-1.550307990768468471e+02
-1.552002316441439405e+02
-1.553697567469775151e+02
-1.555393743853475996e+02
-1.557090845592541370e+02
-1.558788872686971558e+02
-1.560487825136766844e+02
-1.562187702941926659e+02
-1.563888506102451288e+02
-1.565590234618340730e+02
-1.567292888489594986e+02
-1.568996467716214340e+02
-1.570700972298197939e+02
-1.572406402235546921e+02
1.159200610920783880e+01
1.160457878394667652e+01
1.161715827314336558e+01
1.162974457679790952e+01
1.164233769491030657e+01
1.165493762748055495e+01
1.166754437450865822e+01
1.168015793599461105e+01
1.169277831193842054e+01
1.170540550234008137e+01
1.171803950719959531e+01
1.173068032651696413e+01
1.174332796029218429e+01
1.175598240852525755e+01
1.176864367121618393e+01
1.178131174836496342e+01
1.179398663997159602e+01
1.888828007944945568e+02
1.890857914455364721e+02
1.892888911141138522e+02
1.894920998002266970e+02
1.896954175038750066e+02
1.898988442250587809e+02
1.901023799637780485e+02
1.903060247200327524e+02
1.905097784938229495e+02
1.907136412851486114e+02
1.909176130940097096e+02
1.911216939204063010e+02
1.913258837643383572e+02
1.915301826258058782e+02
1.917345905048088923e+02
1.919391074013473428e+02
1.921437333154212865e+02
3.129091470088493452e+02
3.132423835871335314e+02
3.135757975132507340e+02
3.139093887872010100e+02
3.142431574089843025e+02
3.145771033786006683e+02
3.149112266960500506e+02
3.152455273613324493e+02
3.155800053744479783e+02
3.159146607353964669e+02
3.162494934441780288e+02
3.165845035007926072e+02
3.169196909052402589e+02
3.172550556575209271e+02
3.175905977576346686e+02
3.179263172055814266e+02
3.182622140013612011e+02
4.043548107640630178e+02
4.047815704588007861e+02
4.052085552377657791e+02
4.056357651009579399e+02
4.060632000483772686e+02
4.064908600800238219e+02
4.069187451958975430e+02
4.073468553959984320e+02
4.077751906803264887e+02
4.082037510488817702e+02
4.086325365016641626e+02
4.090615470386737798e+02
4.094907826599106215e+02
4.099202433653746311e+02
4.103499291550657517e+02
4.107798400289840970e+02
4.112099759871296669e+02
3.903036594695598183e+02
3.907119268957831650e+02
3.911204077393752527e+02
3.915291020003359108e+02
3.919380096786652530e+02
3.923471307743632792e+02
3.927564652874298758e+02
3.931660132178651565e+02
3.935757745656690645e+02
3.939857493308416565e+02
3.943959375133828757e+02
3.948063391132927222e+02
3.952169541305711959e+02
3.956277825652184106e+02
3.960388244172342525e+02
3.964500796866186647e+02
3.968615483733717610e+02
3.374211481127932757e+02
3.377709885981357161e+02
3.381210103479783697e+02
3.384712133623211798e+02
3.388215976411641464e+02
3.391721631845073262e+02
3.395229099923506624e+02
3.398738380646941550e+02
3.402249474015378610e+02
3.405762380028817233e+02
3.409277098687257421e+02
3.412793629990700310e+02
3.416311973939144195e+02
3.419832130532589645e+02
3.423354099771037795e+02
3.426877881654486373e+02
3.430403476182938221e+02
2.440039563178985702e+02
2.442547311959231138e+02
2.445056348746040840e+02
2.447566673539414523e+02
2.450078286339352474e+02
2.452591187145854406e+02
2.455105375958920320e+02
2.457620852778550500e+02
2.460137617604744662e+02
2.462655670437502522e+02
2.465175011276824932e+02
2.467695640122711040e+02
2.470217556975161699e+02
2.472740761834176340e+02
2.475265254699754394e+02
2.477791035571897282e+02
2.480318104450603869e+02
1.209323301537216366e+02
1.210555419012037675e+02
1.211788163837915704e+02
1.213021536014849886e+02
1.214255535542840647e+02
1.215490162421887703e+02
1.216725416651991196e+02
1.217961298233151268e+02
1.219197807165367493e+02
1.220434943448640439e+02
1.221672707082969538e+02
1.222911098068355358e+02
1.224150116404797330e+02
1.225389762092295882e+02
1.226630035130850871e+02
1.227870935520462297e+02
1.229112463261130017e+02
8.301071270278377767e+00
8.309456190753406801e+00
8.317845343899044508e+00
8.326238729715290887e+00
8.334636348202142386e+00
8.343038199359604334e+00
8.351444283187674955e+00
8.359854599686352472e+00
8.368269148855640438e+00
8.376687930695535300e+00
8.385110945206038835e+00
8.393538192387149266e+00
8.401969672238870146e+00
8.410405384761197922e+00
8.418845329954134371e+00
8.427289507817679493e+00
8.435737918351833287e+00
-9.937896647038259346e+01
-9.947849472924127667e+01
-9.957807280204330880e+01
-9.967770068878871825e+01
-9.977737838947750504e+01
-9.987710590410966915e+01
-9.997688323268521060e+01
-1.000767103752041294e+02
-1.001765873316663971e+02
-1.002765141020720421e+02
-1.003764906864210644e+02
-1.004765170847134641e+02
-1.005765932969492411e+02
-1.006767193231283954e+02
-1.007768951632508987e+02
-1.008771208173167793e+02
-1.009773962853260514e+02
-2.244965675039689472e+02
-2.247195035193651336e+02
-2.249425501729823793e+02
-2.251657074648206560e+02
-2.253889753948799637e+02
-2.256123539631603307e+02
-2.258358431696617288e+02
-2.260594430143841578e+02
-2.262831534973276177e+02
-2.265069746184921655e+02
-2.267309063778776874e+02
-2.269549487754843256e+02
-2.271791018113119378e+02
-2.274033654853606095e+02
-2.276277397976303405e+02
-2.278522247481211025e+02
-2.280768203368328955e+02
-2.283015265637657478e+02
-2.285263434289196312e+02
-2.287512709322945454e+02
-2.289763090738904907e+02
-2.292014578537075238e+02
-2.294267172717455594e+02
-2.296520873280046260e+02
-2.298775680224847520e+02
-2.301031593551859089e+02
-2.303288613261080968e+02
-2.305546739352513441e+02
-2.307805971826156508e+02
-2.310066310682009885e+02
-2.312327755920073287e+02
-2.314590307540347283e+02
-2.316853965542831872e+02
-2.912197715935994893e+02
-2.915043048340426708e+02
-2.917889770067321251e+02
-2.920737881116679659e+02
-2.923587381488500796e+02
-2.926438271182785229e+02
-2.929290550199532390e+02
-2.932144218538742848e+02
-2.934999276200416602e+02
-2.937855723184553085e+02
-2.940713559491152864e+02
-2.943572785120215940e+02
-2.946433400071741744e+02
-2.949295404345730844e+02
-2.952158797942182673e+02
-2.955023580861098367e+02
-2.957889753102476789e+02
-2.960757314666317939e+02
-2.963626265552622385e+02
-2.966496605761390128e+02
-2.969368335292621168e+02
-2.972241454146314936e+02
-2.975115962322472001e+02
-2.977991859821091793e+02
-2.980869146642175451e+02
-2.983747822785721269e+02
-2.986627888251730951e+02
-2.989509343040203362e+02
-2.992392187151139069e+02
-2.995276420584537505e+02
-2.998162043340399237e+02
-3.001049055418724265e+02
-3.003937456819512022e+02
-2.514754041605580142e+02
-2.517172074337892980e+02
-2.519591269027309579e+02
-2.522011625673829656e+02
-2.524433144277453209e+02
-2.526855824838179956e+02
-2.529279667356010179e+02
-2.531704671830944164e+02
-2.534130838262981626e+02
-2.536558166652122281e+02
-2.538986656998366698e+02
-2.541416309301714307e+02
-2.543847123562165393e+02
-2.546279099779720241e+02
-2.548712237954378281e+02
-2.551146538086139799e+02
-2.553582000175005078e+02
-2.556018624220973265e+02
-2.558456410224045499e+02
-2.560895358184221209e+02
-2.563335468101499828e+02
-2.565776739975881924e+02
-2.568219173807368065e+02
-2.570662769595957684e+02
-2.573107527341650211e+02
-2.575553447044446216e+02
-2.578000528704346266e+02
-2.580448772321349225e+02
-2.582898177895455660e+02
-2.585348745426666142e+02
-2.587800474914979532e+02
-2.590253366360396399e+02
-2.592707419762916743e+02
-1.521353073394435285e+02
-1.522793066838254106e+02
-1.524233741452102890e+02
-1.525675097235981923e+02
-1.527117134189891203e+02
-1.528559852313830731e+02
-1.530003251607800223e+02
-1.531447332071799963e+02
-1.532892093705830234e+02
-1.534337536509890185e+02
-1.535783660483980668e+02
-1.537230465628101115e+02
-1.538677951942251809e+02
-1.540126119426433036e+02
-1.541574968080643941e+02
-1.543024497904885379e+02
-1.544474708899156781e+02
-1.545925601063458430e+02
-1.547377174397790327e+02
-1.548829428902152472e+02
-1.550282364576544865e+02
-1.551735981420967221e+02
-1.553190279435419825e+02
-1.554645258619902677e+02
-1.556100918974415777e+02
-1.557557260498958840e+02
-1.559014283193532435e+02
-1.560471987058135710e+02
-1.561930372092769517e+02
-1.563389438297433571e+02
-1.564849185672127589e+02
-1.566309614216852140e+02
-1.567770723931606653e+02
-3.902482507228777564e+01
-3.906119489994135563e+01
-3.909758166743081631e+01
-3.913398537475617900e+01
-3.917040602191741527e+01
-3.920684360891455356e+01
-3.924329813574757253e+01
-3.927976960241648641e+01
-3.931625800892128098e+01
-3.935276335526197045e+01
-3.938928564143854771e+01
-3.942582486745101278e+01
-3.946238103329936564e+01
-3.949895413898361340e+01
-3.953554418450374897e+01
-3.957215116985976522e+01
-3.960877509505167637e+01
-3.964541596007947533e+01
-3.968207376494316918e+01
-3.971874850964274373e+01
-3.975544019417821318e+01
-3.979214881854957042e+01
-3.982887438275680836e+01
-3.986561688679994120e+01
-3.990237633067896894e+01
-3.993915271439387737e+01
-3.997594603794468071e+01
-4.001275630133136474e+01
-4.004958350455394367e+01
-4.008642764761241750e+01
-4.012328873050677203e+01
-4.016016675323701435e+01
-4.019706171580315157e+01
3.941331354663623188e+01
3.944948914420083241e+01
3.948568133607624731e+01
3.952189012226246945e+01
3.955811550275949884e+01
3.959435747756734258e+01
3.963061604668599358e+01
3.966689121011545893e+01
3.970318296785572443e+01
3.973949131990681138e+01
3.977581626626869848e+01
3.981215780694139283e+01
3.984851594192490865e+01
3.988489067121921750e+01
3.992128199482434781e+01
3.995768991274028537e+01
3.999411442496703017e+01
4.003055553150458934e+01
4.006701323235295575e+01
4.010348752751212231e+01
4.013997841698211033e+01
4.017648590076290560e+01
4.021300997885450812e+01
4.024955065125691789e+01
4.028610791797013491e+01
4.032268177899416628e+01
4.035927223432901201e+01
4.039587928397465788e+01
4.043250292793111811e+01
4.046914316619839269e+01
4.050579999877646742e+01
4.054247342566534940e+01
4.057916344686505283e+01
7.470104877144240163e+01
7.476859040685961588e+01
7.483616256267241340e+01
7.490376523888079419e+01
7.497139843548474403e+01
7.503906215248427714e+01
7.510675638987939351e+01
7.517448114767009315e+01
7.524223642585636185e+01
7.531002222443821381e+01
7.537783854341564904e+01
7.544568538278865333e+01
7.551356274255724088e+01
7.558147062272141170e+01
7.564940902328116579e+01
7.571737794423650314e+01
7.578537738558740955e+01
7.585340734733388501e+01
7.592146782947595796e+01
7.598955883201361416e+01
7.605768035494682522e+01
7.612583239827564796e+01
7.619401496200002555e+01
7.626222804611998640e+01
7.633047165063553052e+01
7.639874577554665791e+01
7.646705042085335435e+01
7.653538558655563406e+01
7.660375127265349704e+01
7.667214747914694328e+01
7.674057420603595858e+01
7.680903145332055715e+01
7.687751922100073898e+01
5.749879341448352221e+01
5.755001728389508742e+01
5.760126396001609805e+01
5.765253344284654702e+01
5.770382573238644852e+01
5.775514082863579546e+01
5.780647873159458072e+01
5.785783944126281142e+01
5.790922295764048755e+01
5.796062928072760201e+01
5.801205841052416901e+01
5.806351034703018144e+01
5.811498509024563219e+01
5.816648264017052838e+01
5.821800299680487001e+01
5.826954616014864996e+01
5.832111213020188245e+01
5.837270090696456037e+01
5.842431249043667663e+01
5.847594688061823121e+01
5.852760407750923832e+01
5.857928408110969087e+01
5.863098689141958886e+01
5.868271250843891806e+01
5.873446093216770691e+01
5.878623216260593409e+01
5.883802619975359960e+01
5.888984304361071054e+01
5.894168269417727402e+01
5.899354515145328293e+01
5.904543041543872306e+01
5.909733848613361573e+01
5.914926936353795384e+01
1.525255332223067306e+01
1.526594450161805661e+01
1.527934155690688200e+01
1.529274448809715281e+01
1.530615329518886369e+01
1.531956797818201821e+01
1.533298853707661458e+01
1.534641497187265458e+01
1.535984728257013465e+01
1.537328546916906014e+01
1.538672953166942570e+01
1.540017947007123489e+01
1.541363528437448593e+01
1.542709697457918061e+01
1.544056454068531714e+01
1.545403798269289553e+01
1.546751730060191754e+01
1.548100249441238141e+01
1.549449356412428536e+01
1.550799050973763471e+01
1.552149333125242769e+01
1.553500202866866076e+01
1.554851660198633567e+01
1.556203705120545422e+01
1.557556337632601640e+01
1.558909557734802043e+01
1.560263365427146454e+01
1.561617760709635228e+01
1.562972743582268365e+01
1.564328314045045865e+01
1.565684472097967372e+01
1.567041217741033243e+01
1.568398550974243300e+01
-2.496678079442349940e+01
-2.498838770121227171e+01
-2.501000395354895645e+01
-2.503162955143356783e+01
-2.505326449486609164e+01
-2.507490878384654209e+01
-2.509656241837490498e+01
-2.511822539845118740e+01
-2.513989772407539292e+01
-2.516157939524751086e+01
-2.518327041196755189e+01
-2.520497077423551602e+01
-2.522668048205139257e+01
-2.524839953541519222e+01
-2.527012793432690785e+01
-2.529186567878654301e+01
-2.531361276879410127e+01
-2.533536920434957196e+01
-2.535713498545296574e+01
-2.537891011210427905e+01
-2.540069458430350835e+01
-2.542248840205066074e+01
-2.544429156534572911e+01
-2.546610407418871702e+01
-2.548792592857962447e+01
-2.550975712851845145e+01
-2.553159767400519797e+01
-2.555344756503986048e+01
-2.557530680162244607e+01
-2.559717538375294765e+01
-2.561905331143136877e+01
-2.564094058465770942e+01
-2.566283720343196606e+01
-5.265059094443852672e+01
-5.269551465684845937e+01
-5.274045752649182361e+01
-5.278541955336862657e+01
-5.283040073747887533e+01
-5.287540107882255569e+01
-5.292042057739966765e+01
-5.296545923321021831e+01
-5.301051704625421479e+01
-5.305559401653163576e+01
-5.310069014404250254e+01
-5.314580542878680092e+01
-5.319093987076453800e+01
-5.323609346997571379e+01
-5.328126622642032828e+01
-5.332645814009837437e+01
-5.337166921100986627e+01
-5.341689943915478267e+01
-5.346214882453314488e+01
-5.350741736714494579e+01
-5.355270506699017830e+01
-5.359801192406884951e+01
-5.364333793838095943e+01
-5.368868310992650805e+01
-5.373404743870549538e+01
-5.377943092471791431e+01
-5.382483356796376484e+01
-5.387025536844306117e+01
-5.391569632615579621e+01
-5.396115644110196286e+01
-5.400663571328156110e+01
-5.405213414269461225e+01
-5.409765172934109501e+01
-6.438126680787442524e+01
-6.443543699450283668e+01
-6.448962996085650445e+01
-6.454384570693541434e+01
-6.459808423273955214e+01
-6.465234553826894626e+01
-6.470662962352358250e+01
-6.476093648850344664e+01
-6.481526613320858132e+01
-6.486961855763894391e+01
-6.492399376179454862e+01
-6.497839174567539544e+01
-6.503281250928148438e+01
-6.508725605261282965e+01
-6.514172237566940282e+01
-6.519621147845123232e+01
-6.525072336095828973e+01
-6.530525802319060347e+01
-6.535981546514815932e+01
-6.541439568683095729e+01
-6.546899868823898316e+01
-6.552362446937227958e+01
-6.557827303023080390e+01
-6.563294437081457033e+01
-6.568763849112357889e+01
-6.574235539115782956e+01
-6.579709507091733656e+01
-6.585185753040207146e+01
-6.590664276961206269e+01
-6.596145078854729604e+01
-6.601628158720775730e+01
-6.607113516559347488e+01
-6.612601152370443458e+01
-4.499999381335185689e+01
-4.503733820655796194e+01
-4.507469808893586105e+01
-4.511207346048556133e+01
-4.514946432120705566e+01
-4.518687067110035116e+01
-4.522429251016544782e+01
-4.526172983840233854e+01
-4.529918265581102332e+01
-4.533665096239151637e+01
-4.537413475814380348e+01
-4.541163404306788465e+01
-4.544914881716377408e+01
-4.548667908043145047e+01
-4.552422483287093513e+01
-4.556178607448222095e+01
-4.559936280526529373e+01
-4.563695502522016767e+01
-4.567456273434684988e+01
-4.571218593264531904e+01
-4.574982462011559647e+01
-4.578747879675766086e+01
-4.582514846257153351e+01
-4.586283361755720023e+01
-4.590053426171466100e+01
-4.593825039504393004e+01
-4.597598201754499314e+01
-4.601372912921785741e+01
-4.605149173006251573e+01
-4.608926982007897521e+01
-4.612706339926722876e+01
-4.616487246762728347e+01
-4.620269702515913224e+01
-3.278802916156486447e+01
-3.281487159231522099e+01
-3.284172500605689038e+01
-3.286858940278985841e+01
-3.289546478251413930e+01
-3.292235114522971884e+01
-3.294924849093660413e+01
-3.297615681963479517e+01
-3.300307613132429907e+01
-3.303000642600509451e+01
-3.305694770367720992e+01
-3.308389996434062397e+01
-3.311086320799534377e+01
-3.313783743464136933e+01
-3.316482264427869353e+01
-3.319181883690733059e+01
-3.321882601252727341e+01
-3.324584417113851487e+01
-3.327287331274106918e+01
-3.329991343733492926e+01
-3.332696454492008797e+01
-3.335402663549655955e+01
-3.338109970906432977e+01
-3.340818376562340575e+01
-3.343527880517379458e+01
-3.346238482771548206e+01
-3.348950183324847529e+01
-3.351662982177277428e+01
-3.354376879328838612e+01
-3.357091874779528951e+01
-3.359807968529351285e+01
-3.362525160578302774e+01
-3.365243450926385549e+01
-1.702759941601554772e+01
-1.704135353509148842e+01
-1.705511320690019872e+01
-1.706887843144168571e+01
-1.708264920871594228e+01
-1.709642553872297199e+01
-1.711020742146277485e+01
-1.712399485693534373e+01
-1.713778784514068931e+01
-1.715158638607880803e+01
-1.716539047974969634e+01
-1.717920012615335779e+01
-1.719301532528978882e+01
-1.720683607715899299e+01
-1.722066238176096675e+01
-1.723449423909571365e+01
-1.724833164916323369e+01
-1.726217461196352687e+01
-1.727602312749658964e+01
-1.728987719576242554e+01
-1.730373681676103459e+01
-1.731760199049240967e+01
-1.733147271695656499e+01
-1.734534899615348635e+01
-1.735923082808318085e+01
-1.737311821274564494e+01
-1.738701115014088572e+01
-1.740090964026889608e+01
-1.741481368312967604e+01
-1.742872327872323268e+01
-1.744263842704955536e+01
-1.745655912810865473e+01
-1.747048538190052724e+01
