1.094504638229379934e-01
1.575614515696253382e-01
1.905458280013764549e-01
2.256015211864866588e-01
2.608970066152801470e-01
2.808204235545541105e-01
3.192262596547592590e-01
3.300264902076948115e-01
3.797205914923842962e-01
4.107907520403230039e-01
4.382651100660071575e-01
4.591174639051899264e-01
5.005292411041455392e-01
5.377822096739370838e-01
1.025120184690950564e+00
1.157529165994841014e+00
1.245201142067186240e+00
1.310726597075960287e+00
1.479589366164603792e+00
1.516690069755765702e+00
1.569750615075484301e+00
1.671347108571951567e+00
1.744418665186181272e+00
1.790898722754300731e+00
1.804337422467906737e+00
1.885192629365263661e+00
1.958912788338964539e+00
2.236618074891912666e+00
2.506709539983326351e+00
2.519898148084465550e+00
3.176869543430051124e+00
3.717319670786921826e+00
4.212304608004354023e+00
4.917676474870273928e+00
5.597034658294861131e+00
6.336922571283111871e+00
7.460494723867443945e+00
7.749642875348112803e+00
8.572000946910284469e+00
9.391157506374904429e+00
1.098815010484174692e+01
1.208581059894802046e+01
1.402000933434839958e+01
1.661571342627887660e+01
1.696815208044386836e+01
1.815571507618577485e+01
2.018052712384233516e+01
2.068569134181939262e+01
2.151144104233535970e+01
2.287069278554133689e+01
2.389857035201098157e+01
2.328597848737005194e+01
2.597356336181341163e+01
2.268859239511236936e+01
1.895164907477417415e+01
1.772844073593829606e+01
1.198248694523151237e+01
9.843388798947755092e+00
4.796069026125929113e+00
-5.559646703195980644e-01
-1.541573429961802244e+00
-4.951822432002755292e+00
-9.624313842943138297e+00
-8.826975216771456800e+00
-9.587674822726265589e+00
-1.273402652569080651e+01
-8.965684649497925207e+00
-5.873776173157085445e+00
-1.312927439559028686e+00
1.942405015937900936e+00
7.274802042436791183e+00
1.328395362157148085e+01
1.829263814551215006e+01
1.888741040378512537e+01
2.978872858588997730e+01
3.755818190790217415e+01
3.812162545232678923e+01
5.198073849270595304e+01
6.459000314276164545e+01
6.645975853056026494e+01
8.498687194893297203e+01
9.338013036504240461e+01
9.881543008375849979e+01
8.605035812911745552e+01
8.675172126023252872e+01
7.420870394736017772e+01
5.837975122577719844e+01
4.893992928292058053e+01
2.699941501551343492e+01
-7.534438701132926131e-01
-2.836358251144988785e+01
-7.023364913840879353e+01
-8.482274069334290800e+01
-1.111179458529935147e+02
-1.302385506435832099e+02
-1.493203947516971937e+02
-1.524823259484403479e+02
-1.643124358481342995e+02
-1.679206009143252061e+02
-1.614796248718045319e+02
-1.533365229387730722e+02
-1.338775161999079444e+02
-9.792496549717819221e+01
-5.067992503897091439e+01
5.039359897685455891e+00
6.887041029226386968e+01
1.529175288186754642e+02
2.283122256326325328e+02
3.465575680439822008e+02
4.445828728661800824e+02
5.934291060247956011e+02
7.052391100485824609e+02
7.985794573838154520e+02
8.712362626646871604e+02
9.428840046574200642e+02
9.767576621430013120e+02
9.651911663013920588e+02
9.026086980539209890e+02
8.192990926379688972e+02
6.762855398548208541e+02
5.109626842485583325e+02
3.367187147849603548e+02
1.305576082795671766e+02
-2.883195164432964930e+01
-2.318351091163938804e+02
-4.084836256154866305e+02
-5.643589905781022935e+02
-6.751696068228397962e+02
-7.900874127710271750e+02
-8.688782856414998150e+02
-9.506706749380867905e+02
-1.017255385652675614e+03
-9.837975335913472463e+02
-9.635623416497369362e+02
-9.211628960136686146e+02
-8.432316752947235727e+02
-6.706367550824679711e+02
-4.564683122755457134e+02
-2.301638892873991438e+02
4.468274013424586855e+01
3.555091128270433956e+02
7.011731325169893125e+02
1.056981251816450595e+03
1.349597475628386746e+03
1.672496821423620077e+03
1.955765913813204861e+03
2.172355350290408751e+03
2.256961484539737285e+03
2.182873903266817251e+03
2.109894484440575980e+03
1.789025534310732610e+03
1.531266837074277419e+03
1.079657522101582572e+03
5.869687553000745766e+02
5.078965113710540891e+01
-4.867780979198132627e+02
-1.116966553524142000e+03
-1.524443295785283226e+03
-2.023222888860034800e+03
-2.403566338534100851e+03
-2.729597305200895335e+03
-3.101020345362042463e+03
-3.399301691494514671e+03
-3.717727945995347000e+03
-3.770864594487472459e+03
-3.777089429807590022e+03
-3.833881859252382583e+03
-3.716737553806392498e+03
-3.546427070916027333e+03
-3.149696983746278875e+03
-4.735247221624408667e+03
-2.303447528336902906e+03
7.706547620954676177e+02
4.424356699975914125e+03
8.170438913106306245e+03
1.104531472464940089e+04
1.281565089709678068e+04
1.295539369933280614e+04
1.064401217088385602e+04
7.603504315466370826e+03
3.841551454704820571e+03
-9.431013108167192627e+01
-3.399295760947924919e+03
-6.067345904997880098e+03
-7.897626935663562108e+03
-8.124110193762323433e+03
-7.777437096474535792e+03
-6.449744110222069139e+03
-4.420259073574649847e+03
-1.963498279497474186e+03
7.083742240871372360e+02
3.052927175067431563e+03
4.874224803510106540e+03
5.934135411919026410e+03
5.962279968635210935e+03
5.287362340760000734e+03
3.649869399134209743e+03
1.866348227453216623e+03
-5.126786904817912216e+01
-1.727490646571378647e+03
-7.241944799795624931e+03
-9.052858994055703079e+03
-7.861968246341073609e+03
-4.236890132123719923e+03
-6.961231694692822884e+02
2.204059304753252945e+03
2.691424592387555549e+03
2.342540543999046349e+03
1.044021283959478751e+03
-4.138506324605455120e+02
-1.161669340708037907e+03
-1.438599519341659061e+03
-1.109272335780736739e+03
-4.787954587032406835e+02
-8.359025186028209475e+01
4.079604451755415584e-02
-9.992904449295610947e-01
-2.115682940839979764e+00
-4.791927468769097587e+00
-2.904456243966454743e+00
-6.394197636199336898e-01
4.911950040039024579e+00
-9.408569475238136581e-01
8.127625099759083760e-01
7.632770681198178586e+00
5.991991048298926259e+00
5.591485616248229817e+00
7.953117818127043215e+00
8.834264944807330266e+00
1.658132645068240407e+01
2.298427892242347426e+01
2.613062360506471649e+01
2.578293939119393485e+01
3.488207931531888306e+01
3.379248449448354563e+01
3.698453445593869304e+01
4.196633441290767763e+01
4.266211681477886941e+01
3.426918319793700363e+01
3.130100757992816085e+01
2.591844362764725318e+01
1.457199238693281096e+01
1.600595206126620340e+01
5.675963616252150956e+00
-6.556052899510765863e-01
-1.746151243610990633e+01
-3.144999919478091854e+01
-2.595563581502497286e+01
-4.460243811061553032e+01
-4.395528294038349770e+01
-3.680218128218551499e+01
-3.675260594421541782e+01
-3.322329536837577280e+01
-1.811024029946776892e+01
-1.863003164233880904e+00
1.583436696947777911e+01
2.824724199867776164e+01
5.256671489172436651e+01
6.317612963069766607e+01
9.806918771796294720e+01
1.312384292083954449e+02
1.445280714058366129e+02
2.039401168410590799e+02
2.178915757265979778e+02
2.799689342313146767e+02
3.051926178997809984e+02
3.654822691283883955e+02
3.985011528049890899e+02
4.241238870953854416e+02
4.515870841902296888e+02
4.691226512179260340e+02
4.386585552354231368e+02
4.238962284503701881e+02
3.684677411753244201e+02
3.717040606315086961e+02
3.052711075266894341e+02
2.156422886400780214e+02
6.425437766549553942e+01
-1.671133711737996919e+01
-8.678271176887223248e+01
-1.394391920415481536e+02
-2.241206222804196955e+02
-3.054994793366310546e+02
-2.988021048593292903e+02
-2.799290018193723313e+02
-3.005247089314229925e+02
-2.742270906334474603e+02
-1.935875056546357200e+02
-1.690080848830289426e+02
-1.061682650853334025e+02
1.253853517043917520e+01
1.032500073383133525e+02
2.722943813289939499e+02
3.844336798771008148e+02
5.821337112775928517e+02
7.777115823026816770e+02
1.020015698249866887e+03
1.187481511801228180e+03
1.351910897459294802e+03
1.548975236165240631e+03
1.773111169686808807e+03
1.862485067464338272e+03
1.973805720712555967e+03
1.989064320669182734e+03
1.885503245380635008e+03
1.768129340567838653e+03
1.502695433756936609e+03
1.396241415315112818e+03
1.181452345939424276e+03
7.941234991452330405e+02
5.101431731634274911e+02
1.763592312759538459e+02
-1.458593218065531119e+02
-4.232518755858307600e+02
-7.810542405762219005e+02
-1.054436022738191923e+03
-1.327453998064645248e+03
-1.502087777479953047e+03
-1.780527148722172569e+03
-1.900347040486034302e+03
-1.989448820747327318e+03
-2.128368143802887062e+03
-2.016386695164422918e+03
-2.050892090583141908e+03
-1.636895607534272131e+03
-1.240841372571875354e+03
-7.432936672231799093e+02
-5.916783828387769972e+01
4.411458368377081456e+02
1.057724108035563404e+03
1.757222836302699534e+03
2.407493136499140746e+03
3.015731473250609270e+03
3.300953432485116537e+03
3.620647879863417984e+03
3.888623343526383906e+03
3.791519420302236085e+03
3.751654476905692263e+03
3.654294364864864292e+03
3.319057170135647993e+03
2.872829766454494347e+03
2.504025954492906749e+03
2.018816009220239266e+03
1.499714095579501418e+03
1.078505250200563751e+03
4.455612485634640052e+02
1.213694175691346402e+02
-2.599394722297301428e+02
-9.487687416524123591e+02
-1.354932326776861601e+03
-1.699800568484826726e+03
-1.981474111452050693e+03
-2.424351303504247426e+03
-2.537281791981738024e+03
-2.512206831888181569e+03
-2.599075429664190324e+03
-2.158755948518446075e+03
-1.966807675240307390e+03
-1.483029827099117483e+03
-6.292826507988280582e+02
-5.388222099023921174e+01
8.062511850324528950e+02
1.424527588290763788e+03
2.335416235672830226e+03
3.033510203888338310e+03
3.533636649176093215e+03
3.916329410652025672e+03
4.256087239225226767e+03
4.188524166643140234e+03
4.374670865953085013e+03
4.189571140050731628e+03
3.787235305316797621e+03
3.608595108612473723e+03
3.019285396243951254e+03
2.938896718501492614e+03
2.541122572932244566e+03
1.965987511906161444e+03
1.404104958865207209e+03
9.083851514242718395e+02
2.850041688452412814e+02
-1.547731196692150668e+01
-4.788089906006268848e+02
-8.499544955337846659e+02
-1.347382668389406263e+03
-1.844328788012146561e+03
-4.383839627413649396e+03
-4.579675729496680106e+03
-5.061832510443213323e+03
-4.454676908269093474e+03
-3.117946577063543828e+03
-1.755651641634361340e+03
3.591570313050852405e+02
2.076776043155336538e+03
3.669145165780005300e+03
4.063970345867175638e+03
4.299243413060687999e+03
3.848378719799496139e+03
3.322599186846517114e+03
2.504853430644423952e+03
1.523695031043202334e+03
7.120152996602421354e+02
-2.856975374595419339e+02
-7.515866266869901438e+02
-1.312253091165532624e+03
-1.445887462844132642e+03
-1.658572938525269819e+03
-1.378918243316890539e+03
-1.026765431079554446e+03
-2.693914116456647889e+02
3.066096532984117928e+01
7.026091443901141247e+02
9.133096849673826227e+02
1.157317454447029831e+03
1.290157306851715703e+03
4.145501177247054581e-01
2.827072246443316317e+01
1.352217520366875192e+01
5.073015119301688003e+01
8.143409705912391416e+01
1.061295491951190151e+01
4.404261290548514296e+01
7.687246050265585495e+01
3.718343179834365486e+01
8.033757918636196393e+01
7.915915315618832437e+01
7.616443693888022892e+01
1.012340100429381238e+02
1.208632559716547092e+02
1.702363982623407708e+02
3.501661819543045340e+02
2.794640016184651472e+02
2.843065013701210546e+02
4.005311793257177442e+02
4.056034875321394111e+02
4.166719277545967657e+02
5.954935494626618038e+02
5.737304342294077060e+02
7.700985621770684020e+02
6.289859968653554461e+02
8.688274439384556445e+02
6.973787151881944055e+02
6.920550306015712749e+02
8.857973793956959980e+02
8.654374754281342348e+02
8.555034157269476509e+02
7.549263685229739167e+02
6.559939627810872480e+02
5.255500217235343143e+02
6.115940045042851807e+02
2.558989957578735357e+02
2.649689101087687391e+02
1.913843694658610275e+02
7.615383142484071755e+01
-2.565971211384745132e+01
-1.256240401751083766e+02
-2.383134019810518396e+02
-2.359503105138840056e+02
-2.012604124285117848e+02
-2.466573308862919305e+02
-2.436178909852761194e+02
-2.226107950538581690e+02
-1.792707386786789812e+02
-3.192711620536494266e+01
7.321580827837300376e+01
1.491765154345762880e+02
4.549220440094517812e+02
6.385131853619808453e+02
7.352649314003035670e+02
1.062066579552838448e+03
1.358612334461698765e+03
1.652726561868822955e+03
1.997385092962216731e+03
2.324302140617976420e+03
3.408281525293712093e+03
3.519851965753884087e+03
3.564319564372143304e+03
3.485063319018651782e+03
3.316318892302154381e+03
2.734440671701565861e+03
2.565434087284121233e+03
1.987061755679838598e+03
1.368348092207116451e+03
8.478301397113812072e+02
1.483805252751770922e+02
-4.420175890490333614e+01
-7.952370658787998536e+02
-1.069604196787558749e+03
-1.568762956843120492e+03
-1.814338659697200683e+03
-2.106464882426413169e+03
-2.246217754079763381e+03
-2.167916927301646410e+03
-2.095025317487814391e+03
-2.108941241051503312e+03
-2.119230587172002743e+03
-1.593349250190388148e+03
-1.444211301067516843e+03
-8.915872494012835432e+02
-4.114705137628842522e+02
4.672522552335843784e+02
9.158962574908523493e+02
1.809897069019772744e+03
2.473088584462243489e+03
2.729189808549115696e+03
3.194812819327235047e+03
3.509533542765778748e+03
3.638159690678682637e+03
3.962925334304273292e+03
3.841702579673696164e+03
4.001268871059489356e+03
3.892111461169599352e+03
3.630833670115274344e+03
3.548531277042741749e+03
3.302075828118548543e+03
2.915917384618501274e+03
2.398674999616307559e+03
1.611483681308541918e+03
1.204311756456886542e+03
5.208608095022757425e+02
-1.233589145145342911e+02
-5.475988605760607015e+02
-1.331915381632383742e+03
-1.765901488578943599e+03
-2.286160168478159449e+03
-2.765972279430217895e+03
-3.220618280544698337e+03
-3.184360614049440301e+03
-3.020666022123521088e+03
-2.278627783534639548e+03
-1.956206262251686212e+03
-1.749537178592427381e+03
-1.180005669665314372e+03
-1.026665806973699773e+03
-5.818913530207346412e+02
1.058110302836566490e+02
3.553352529602736354e+02
6.825211360531797027e+02
9.796003617680569278e+02
1.256443269915340352e+03
1.318842975176844675e+03
1.477728871595997589e+03
1.626474101016755412e+03
1.605100478887521376e+03
1.623567601995044242e+03
1.582219457552211225e+03
1.486800479420719967e+03
1.324896235665851009e+03
1.303675582184116365e+03
1.041090134076547429e+03
7.470632021452397566e+02
5.480993355821822206e+02
6.920198204263188018e+02
2.027575184946868774e+02
-6.048534007577843852e+01
-2.111190527376131456e+02
-4.747150460550799949e+02
-6.901365865007828688e+02
-7.599219182694258734e+02
-8.854133579986398672e+02
-1.019404235867534226e+03
-1.094257138691842783e+03
-9.214449627761269994e+02
-8.966207205151201833e+02
-8.378934926652291324e+02
-6.233250244243763518e+02
-5.516267306949614522e+02
-2.961088514939199285e+02
-2.067437039682352520e+02
-3.924499680340382213e+01
9.674528479588271068e+01
2.659498737844276093e+02
3.674610383758989656e+02
3.725527278304389256e+02
4.998830594399029223e+02
5.984922141280901542e+02
4.737939115133995642e+02
5.981225924234488502e+02
5.169291010146112058e+02
4.530142205518472451e+02
3.137570722977106357e+02
4.650396015550863922e+02
3.401409019193148993e+02
3.082334910458250761e+02
2.955331127477067525e+02
5.153981242059406895e+02
1.902780859843961139e+02
-7.115218152735742763e+01
-3.011208270362178041e+02
-3.500386375357005022e+02
-4.254262953728268712e+02
-4.766108947486132479e+02
-3.221219930284595421e+02
-2.823747111741487288e+02
-1.578885313964100305e+02
-9.673305155832754565e+01
5.212650045013658229e+01
6.724294164649734284e+01
2.616815633975838864e+02
1.548590951555928825e+02
2.201314819619359753e+02
1.733880014178922977e+02
7.431588959272652062e+01
8.083859498256227027e+01
1.053599683427360389e+02
2.567847100872814181e+01
-6.775468115155325677e+01
-5.276018833146457609e+01
-5.731316564537542746e+01
-3.384838373415254154e+01
-3.174247753148397422e+01
-8.381091828269012467e+01
-2.188435716567752820e+01
-2.379398446729424688e+00
