3.526474481315619016e-04
7.052948962631238033e-04
1.175491493771873078e-03
1.763237240657809617e-03
2.468532136920933203e-03
3.291376182561244271e-03
4.231769377578742386e-03
5.289711721973428850e-03
6.465203215745301928e-03
7.758243858894361619e-03
9.168833651420609659e-03
1.069697259332404345e-02
1.234266068460466645e-02
1.410589792526247693e-02
1.442783710367407692e-02
1.623131674163333371e-02
1.814088341711960969e-02
2.015653713013289966e-02
2.227827788067320708e-02
2.450610566874052848e-02
2.684002049433486387e-02
2.928002235745620976e-02
3.182611125810457658e-02
3.447828719627996086e-02
3.723655017198235218e-02
4.010090018521177135e-02
4.307133723596819758e-02
4.614786132425163778e-02
2.654490853696709826e-02
2.831456910609823213e-02
3.014131550004005636e-02
3.202514771879256400e-02
3.396606576235574465e-02
3.905603094693492483e-02
4.128780414390263720e-02
4.358157104078611011e-02
4.593733163758536436e-02
4.835508593430038610e-02
4.915144867647766591e-02
5.160902111030155059e-02
5.412653433519429985e-02
5.670398835115593450e-02
5.934138315818644760e-02
5.828395924854819915e-02
6.087435743737256572e-02
6.352106863030179684e-02
6.622409282733592029e-02
6.898343002847491523e-02
6.859884444768316047e-02
7.134279822559047579e-02
7.414055501875090048e-02
7.699211482716439292e-02
7.989747765083098086e-02
7.640603055293505863e-02
7.918443166395089383e-02
8.201244708052056465e-02
8.489007680264408495e-02
8.781732083032146863e-02
8.323725478502538855e-02
8.601182994452624686e-02
8.883188994270743710e-02
9.169743477956895927e-02
9.460846445511084113e-02
8.681271526746778266e-02
8.948387573723602662e-02
9.219550833533410317e-02
9.494761306176198457e-02
9.774018991651968469e-02
9.554863160862127336e-02
9.827859251172472999e-02
1.010470035683930373e-01
1.038538647786261815e-01
1.066991761424241486e-01
9.988922589953022624e-02
1.025529385901843699e-01
1.052517001320313339e-01
1.079855105250710906e-01
1.107543697693036955e-01
1.046074863270328448e-01
1.072226734852086694e-01
1.098701469045965384e-01
1.125499065851964658e-01
1.152619525270084100e-01
1.072124395986887024e-01
1.097350852363049301e-01
1.122870639627306100e-01
1.148683757779657977e-01
1.174790206820104932e-01
1.138569505944967419e-01
1.163871050521522316e-01
1.189450634049467742e-01
1.215308256528804115e-01
1.241443917959531018e-01
1.188896814208859204e-01
1.213926220823782487e-01
1.239216350424278135e-01
1.264767203010345731e-01
1.290578778581985275e-01
1.130875353962805530e-01
1.153492861042061668e-01
1.176334303834973699e-01
1.199399682341542039e-01
1.222688996561765995e-01
1.246202246495646260e-01
1.269939432143182279e-01
1.293900553504374329e-01
1.318085610579222411e-01
1.174703873695237266e-01
1.196258073212581041e-01
1.218008219998264474e-01
1.239954314052287149e-01
1.262096355374649481e-01
1.284434343965351333e-01
1.306968279824392287e-01
1.329698162951773177e-01
1.352623993347493447e-01
1.187295786888560856e-01
1.207419444293451605e-01
1.227712208063089644e-01
1.248174078197474418e-01
1.268805054696606205e-01
1.289605137560485004e-01
1.310574326789110677e-01
1.331712622382483502e-01
1.353020024340603200e-01
1.242443979375503493e-01
1.262010026294803078e-01
1.281728932955659150e-01
1.301600699358072266e-01
1.321625325502042703e-01
1.341802811387570182e-01
1.362133157014654705e-01
1.382616362383295994e-01
1.403252427493494603e-01
1.277128771577199229e-01
1.295910077041569908e-01
1.314828472326848297e-01
1.333883957433034395e-01
1.353076532360128481e-01
1.372406197108130277e-01
1.391872951677040060e-01
1.411476796066857275e-01
1.431217730277582756e-01
1.338426985690087945e-01
1.356888047561675414e-01
1.375475555062520283e-01
1.394189508192622551e-01
1.413029906951982217e-01
1.431996751340599561e-01
1.451090041358474303e-01
1.470309777005606167e-01
1.489655958281995707e-01
1.317148849933649501e-01
1.334254679153566991e-01
1.351470868562000271e-01
1.368797418158949064e-01
1.386234327944413369e-01
1.403781597918393187e-01
1.421439228080888795e-01
1.439207218431899915e-01
1.457085568971426548e-01
1.444381816027810739e-01
1.462104292298090635e-01
1.479934832448067117e-01
1.497873436477740738e-01
1.515920104387111222e-01
1.534074836176178291e-01
1.552337631844942223e-01
1.570708491393403294e-01
1.589187414821560951e-01
1.552851453723282094e-01
1.570907865975878503e-01
1.589068650553634166e-01
1.607333807456549635e-01
1.625703336684624356e-01
1.644177238237858885e-01
1.662755512116252943e-01
1.681438158319806253e-01
1.700225176848519093e-01
1.677190133107663295e-01
1.695722620766311473e-01
1.714356935280227090e-01
1.733093076649409869e-01
1.751931044873859811e-01
1.770870839953577469e-01
1.789912461888562012e-01
1.809055910678814272e-01
1.828301186324333416e-01
1.734788061455947439e-01
1.753048988418641763e-01
1.771405522328784454e-01
1.789857663186376069e-01
1.808405410991416329e-01
1.827048765743904957e-01
1.845787727443842507e-01
1.864622296091228426e-01
1.883552471686063545e-01
1.869810691739194064e-01
1.888602758992854458e-01
1.907488786582782758e-01
1.926468774508979798e-01
1.945542722771444744e-01
1.964710631370178429e-01
1.983972500305180020e-01
2.003328329576450073e-01
2.022778119183988310e-01
1.996068241022186107e-01
2.015261204878168733e-01
2.034546001097098655e-01
2.053922629678975598e-01
2.073391090623800115e-01
2.092951383931571652e-01
2.112603509602290763e-01
2.132347467635956895e-01
2.152183258032570601e-01
2.263190197211722432e-01
2.284049093038558742e-01
2.305003671873774862e-01
2.326053933717371069e-01
2.347199878569347087e-01
2.368441506429703192e-01
2.389778817298439106e-01
2.411211811175555386e-01
2.432740488061051198e-01
2.447521617099128743e-01
2.469181100436288745e-01
2.490935999999604189e-01
2.512786315789074520e-01
2.534732047804699739e-01
2.556773196046479568e-01
2.578909760514414562e-01
2.601141741208504166e-01
2.623469138128748934e-01
2.557278834831419601e-01
2.579042910021474011e-01
2.600899205869113273e-01
2.622847722374338497e-01
2.644888459537148018e-01
2.667021417357542390e-01
2.689246595835521614e-01
2.711563994971086244e-01
2.733973614764235727e-01
3.015786521264977593e-01
3.040506082914690156e-01
3.065326540734402139e-01
3.090247894724112432e-01
3.115270144883822145e-01
3.140393291213530169e-01
3.165617333713237058e-01
3.190942272382943368e-01
3.216368107222647987e-01
3.392437173868274591e-01
3.419254859037194061e-01
3.446178125643786228e-01
3.473206973688051091e-01
3.500341403169988652e-01
3.527581414089599465e-01
3.554927006446883531e-01
3.582378180241839738e-01
3.609934935474469753e-01
3.837201322388123503e-01
3.866492935536124387e-01
3.895895923639060565e-01
3.925410286696932594e-01
3.955036024709739362e-01
3.984773137677481980e-01
4.014621625600159893e-01
4.044581488477773101e-01
4.074652726310321049e-01
4.181515476506404982e-01
4.212375369321950669e-01
4.243348717625788358e-01
4.274435521417918604e-01
4.305635780698341408e-01
4.336949495467056770e-01
4.368376665724064134e-01
4.399917291469364611e-01
4.431571372702957090e-01
4.683099863585108991e-01
4.716550576896431091e-01
4.750120331892135339e-01
4.783809128572221736e-01
4.817616966936689171e-01
4.851543846985539310e-01
4.885589768718771042e-01
4.919754732136384923e-01
4.954038737238380952e-01
5.631669677359995019e-01
5.670643169936880890e-01
5.709751053867480053e-01
5.748993329151792508e-01
5.788369995789818256e-01
5.827881053781558407e-01
5.867526503127010740e-01
5.907306343826176365e-01
5.947220575879056392e-01
6.712589220135056767e-01
6.757640154498379959e-01
6.802841760882983868e-01
6.848194039288870716e-01
6.893696989716039392e-01
6.939350612164489895e-01
6.985154906634222227e-01
7.031109873125237497e-01
7.077215511637533485e-01
7.033867368772021011e-01
7.079690608959461340e-01
7.125662625900756053e-01
7.171783419595906262e-01
7.218052990044913075e-01
7.264471337247774274e-01
7.311038461204489858e-01
7.357754361915062047e-01
7.404619039379488621e-01
7.900031085938405973e-01
7.950031282684850709e-01
8.000189208758572423e-01
8.050504864159570007e-01
8.100978248887843458e-01
8.151609362943391668e-01
8.202398206326216856e-01
8.253344779036317913e-01
8.304449081073693728e-01
9.006662670625569245e-01
9.062088287060188208e-01
9.117683920723134161e-01
9.173449571614407105e-01
9.229385239734007040e-01
9.285490925081933966e-01
9.341766627658187883e-01
9.398212347462769900e-01
9.454828084495677798e-01
1.103033375686816031e+00
1.109638365960389894e+00
1.116263072622839969e+00
1.122907495674166256e+00
1.129571635114368977e+00
1.136255490943448132e+00
1.142959063161403721e+00
1.149682351768235522e+00
1.156425356763943535e+00
1.197051577737519468e+00
1.204031470319079311e+00
1.211031653286050780e+00
1.218052126638433652e+00
1.225092890376227928e+00
1.232153944499434051e+00
1.239235289008051355e+00
1.246336923902080285e+00
1.253458849181520840e+00
1.346269112221156083e+00
1.353918368540594219e+00
1.361589294141390960e+00
1.369281889023545640e+00
1.376996153187058702e+00
1.384732086631929926e+00
1.392489689358159088e+00
1.400268961365746412e+00
1.408069902654692118e+00
1.462540903988447383e+00
1.470643623678134171e+00
1.478768726571383585e+00
1.486916212668195625e+00
1.495086081968570069e+00
1.503278334472507582e+00
1.511492970180007722e+00
1.519729989091070488e+00
1.527989391205695657e+00
1.489550938763110066e+00
1.497602565459126733e+00
1.505675894652976465e+00
1.513770926344659262e+00
1.521887660534174902e+00
1.530026097221523385e+00
1.538186236406704932e+00
1.546368078089719100e+00
1.554571622270566555e+00
1.495462575802704031e+00
1.503354198894011118e+00
1.511266589414505868e+00
1.519199747364188280e+00
1.527153672743058577e+00
1.535128365551116314e+00
1.543123825788361714e+00
1.551140053454794554e+00
1.559177048550415279e+00
1.375897231566298284e+00
1.382989485337258628e+00
1.390099971123054168e+00
1.397228688923685347e+00
1.404375638739151722e+00
1.411540820569453514e+00
1.418724234414590724e+00
1.425925880274563129e+00
1.433145758149370952e+00
9.545844455009370177e-01
9.593934351508158764e-01
9.642145076892620903e-01
9.690476631162758814e-01
9.738929014318573607e-01
9.787502226360063062e-01
9.836196267287226069e-01
9.885011137100067069e-01
9.933946835798582731e-01
6.800088077462262959e-01
6.833586048287200176e-01
6.867166323708758791e-01
6.900828903726939911e-01
6.934573788341741318e-01
6.968400977553164122e-01
7.002310471361209432e-01
7.036302269765875028e-01
7.070376372767162021e-01
1.997591171921675735e-01
2.007218117328527507e-01
2.016868204431068456e-01
2.026541433229298861e-01
2.036237803723218998e-01
2.045957315912828589e-01
2.055699969798127635e-01
2.065465765379116414e-01
2.075254702655794647e-01
-1.340597472136454416e-01
-1.346921045118230076e-01
-1.353259497095256891e-01
-1.359612828067535417e-01
-1.365981038035064821e-01
-1.372364126997845379e-01
-1.378762094955877093e-01
-1.385174941909160518e-01
-1.391602667857694819e-01
-6.665683908367594501e-01
-6.696472286697237042e-01
-6.727331605990772845e-01
-6.758261866248201910e-01
-6.789263067469523127e-01
-6.820335209654738717e-01
-6.851478292803847570e-01
-6.882692316916848574e-01
-6.913977281993743951e-01
-9.517781066432432491e-01
-9.560847949085974351e-01
-9.604012048178912631e-01
-9.647273363711250660e-01
-9.690631895682985109e-01
-9.734087644094120417e-01
-9.777640608944653255e-01
-9.821290790234583623e-01
-9.865038187963914851e-01
-1.426836758742730416e+00
-1.433164194479948916e+00
-1.439505628968798190e+00
-1.445861062209278458e+00
-1.452230494201389721e+00
-1.458613924945132201e+00
-1.465011354440505453e+00
-1.471422782687509923e+00
-1.477848209686145386e+00
-1.894996497214995967e+00
-1.903235612420278278e+00
-1.911492599892817612e+00
-1.919767459632613527e+00
-1.928060191639665577e+00
-1.936370795913974652e+00
-1.944699272455540084e+00
-1.953045621264362097e+00
-1.961409842340440912e+00
-2.137503153044088666e+00
-2.146618305082656164e+00
-2.155752851061731423e+00
-2.164906790981314000e+00
-2.174080124841404782e+00
-2.183272852642002437e+00
-2.192484974383107854e+00
-2.201716490064721032e+00
-2.210967399686841528e+00
-2.546402925051624688e+00
-2.557057330595773781e+00
-2.567733979157759805e+00
-2.578432870737584093e+00
-2.589154005335245756e+00
-2.599897382950744795e+00
-2.610663003584080766e+00
-2.621450867235255000e+00
-2.632260973904266166e+00
-2.783722280966463458e+00
-2.795154405323615254e+00
-2.806609956165105668e+00
-2.818088933490933812e+00
-2.829591337301101461e+00
-2.841117167595606841e+00
-2.852666424374450838e+00
-2.864239107637633008e+00
-2.875835217385153797e+00
-3.055720507543846498e+00
-3.068041961203297419e+00
-3.080388206520010552e+00
-3.092759243493986787e+00
-3.105155072125225235e+00
-3.117575692413725896e+00
-3.130021104359489215e+00
-3.142491307962515190e+00
-3.154986303222803379e+00
-3.479641235723307080e+00
-3.493421993092508337e+00
-3.507229985160067454e+00
-3.521065211925984872e+00
-3.534927673390260594e+00
-3.548817369552894174e+00
-3.562734300413885613e+00
-3.576678465973235799e+00
-3.590649866230943843e+00
-3.491387330740231665e+00
-3.504972495451283088e+00
-3.518584039122938378e+00
-3.532221961755197981e+00
-3.545886263348061007e+00
-3.559576943901528789e+00
-3.573294003415599995e+00
-3.587037441890275513e+00
-3.600807259325554899e+00
-3.799173430835917298e+00
-3.813701818716742853e+00
-3.828257932528638552e+00
-3.842841772271604839e+00
-3.857453337945641714e+00
-3.872092629550748732e+00
-3.886759647086925451e+00
-3.901454390554172758e+00
-3.916176859952490652e+00
-4.182241526315209512e+00
-4.197964238820153682e+00
-4.213716449847622059e+00
-4.229498159397612866e+00
-4.245309367470126993e+00
-4.261150074065165327e+00
-4.277020279182726092e+00
-4.292919982822810177e+00
-4.308849184985418468e+00
-4.106425270792757765e+00
-4.121606140555392983e+00
-4.136815019302829022e+00
-4.152051907035067657e+00
-4.167316803752108889e+00
-4.182609709453951830e+00
-4.197930624140596478e+00
-4.213279547812041947e+00
-4.228656480468290901e+00
-4.230483946946991480e+00
-4.245867524935889925e+00
-4.261279022304078623e+00
-4.276718439051556686e+00
-4.292185775178325891e+00
-4.307681030684384460e+00
-4.323204205569734171e+00
-4.338755299834373247e+00
-4.354334313478302576e+00
-4.697218288285919030e+00
-4.714024078226118242e+00
-4.730859878505497385e+00
-4.747725689124055570e+00
-4.764621510081792799e+00
-4.781547341378708182e+00
-4.798503183014802609e+00
-4.815489034990076078e+00
-4.832504897304529479e+00
-4.497975370187089261e+00
-4.513813311631410308e+00
-4.529679087770712265e+00
-4.545572698604995132e+00
-4.561494144134259798e+00
-4.577443424358505375e+00
-4.593420539277732750e+00
-4.609425488891940148e+00
-4.625458273201130233e+00
-4.437078942222675515e+00
-4.452458765245977723e+00
-4.467865196959631469e+00
-4.483298237363636751e+00
-4.498757886457994459e+00
-4.514244144242703705e+00
-4.529757010717764487e+00
-4.545296485883176807e+00
-4.560862569738941552e+00
-3.986897423930148676e+00
-4.000504582373596740e+00
-4.014134921666181022e+00
-4.027788441807902409e+00
-4.041465142798761789e+00
-4.055165024638757387e+00
-4.068888087327890091e+00
-4.082634330866159900e+00
-4.096403755253566814e+00
-3.517225004782053244e+00
-3.529047609840144428e+00
-3.540890051483903456e+00
-3.552752329713330326e+00
-3.564634444528424595e+00
-3.576536395929187595e+00
-3.588458183915617994e+00
-3.600399808487716680e+00
-3.612361269645483208e+00
-2.897096160871657666e+00
-2.906689194516927977e+00
-2.916298084416157455e+00
-2.925922830569346100e+00
-2.935563432976493914e+00
-2.945219891637600895e+00
-2.954892206552667044e+00
-2.964580377721692361e+00
-2.974284405144675958e+00
-2.028309641394000273e+00
-2.034927291121223725e+00
-2.041555718779599182e+00
-2.048194924369126202e+00
-2.054844907889805672e+00
-2.061505669341636260e+00
-2.068177208724618854e+00
-2.074859526038753454e+00
-2.081552621284039617e+00
-9.285595964721964357e-01
-9.315453186473482416e-01
-9.345358333139528462e-01
-9.375311404720104713e-01
-9.405312401215208951e-01
-9.435361322624842284e-01
-9.465458168949004714e-01
-9.495602940187695129e-01
-9.525795636340914641e-01
-1.348216656522259194e-01
-1.352489926431997003e-01
-1.356769957844756458e-01
-1.361056750760537559e-01
-1.365350305179340584e-01
-1.369650621101165255e-01
-1.373957698526011850e-01
-1.378271537453880091e-01
-1.382592137884769978e-01
1.628839334372180092e+00
1.633929457292093046e+00
1.639027521121397601e+00
1.644133525860093537e+00
1.649247471508180851e+00
1.654369358065659767e+00
1.659499185532529841e+00
1.664636953908791739e+00
1.669782663194444794e+00
3.163229315980771617e+00
3.172977326199510895e+00
3.182740333357047646e+00
3.192518337453382760e+00
3.202311338488515791e+00
3.212119336462446739e+00
3.221942331375176050e+00
3.231780323226703278e+00
3.241633312017028867e+00
3.981402727298717359e+00
3.993504255345218024e+00
4.005624146863716817e+00
4.017762401854212406e+00
4.029919020316706124e+00
4.042094002251197971e+00
4.054287347657687057e+00
4.066499056536174272e+00
4.078729128886658728e+00
5.310876791871753433e+00
5.326801459913347969e+00
5.342749967278357381e+00
5.358722313966783446e+00
5.374718499978624386e+00
5.390738525313881091e+00
5.406782389972553560e+00
5.422850093954641792e+00
5.438941637260144901e+00
6.503452483425410158e+00
6.522693467104183185e+00
6.541962871733737472e+00
6.561260697314073909e+00
6.580586943845189829e+00
6.599941611327087898e+00
6.619324699759766339e+00
6.638736209143226041e+00
6.658176139477466116e+00
5.837413905027019290e+00
5.854457449275273007e+00
5.871525838340216019e+00
5.888619072221846551e+00
5.905737150920166378e+00
5.922880074435173725e+00
5.940047842766870367e+00
5.957240455915254529e+00
5.974457913880327986e+00
6.519217971313230997e+00
6.538005342988485680e+00
6.556819746853200570e+00
6.575661182907376556e+00
6.594529651151013638e+00
6.613425151584110928e+00
6.632347684206668426e+00
6.651297249018687907e+00
6.670273846020167596e+00
6.119739074526927780e+00
6.137149427512780697e+00
6.154584511113668555e+00
6.172044325329594017e+00
6.189528870160556195e+00
6.207038145606555091e+00
6.224572151667589814e+00
6.242130888343662143e+00
6.259714355634771188e+00
5.203701424753708338e+00
5.218318563587286185e+00
5.232956203316843080e+00
5.247614343942380799e+00
5.262292985463897566e+00
5.276992127881395156e+00
5.291711771194871794e+00
5.306451915404328368e+00
5.321212560509764877e+00
3.053598498222046320e+00
3.062068951753869062e+00
3.070551137215790760e+00
3.079045054607812748e+00
3.087550703929933693e+00
3.096068085182154039e+00
3.104597198364474231e+00
3.113138043476893824e+00
3.121690620519412374e+00
1.690016004735324096e+00
1.694646185570215291e+00
1.699282700441816507e+00
1.703925549350127300e+00
1.708574732295148113e+00
1.713230249276878947e+00
1.717892100295319358e+00
1.722560285350469789e+00
1.727234804442329796e+00
-2.483447052034240543e-01
-2.490168153663561978e-01
-2.496898337862652473e-01
-2.503637604631512859e-01
-2.510385953970142303e-01
-2.517143385878540807e-01
-2.523909900356708924e-01
-2.530685497404646656e-01
-2.537470177022353446e-01
-1.595811795870738070e+00
-1.600078672330285334e+00
-1.604351245554131333e+00
-1.608629515542275623e+00
-1.612913482294718426e+00
-1.617203145811459519e+00
-1.621498506092499570e+00
-1.625799563137837689e+00
-1.630106316947474321e+00
-2.922927771926923324e+00
-2.930650170267549370e+00
-2.938382756468783441e+00
-2.946125530530624204e+00
-2.953878492453073434e+00
-2.961641642236130245e+00
-2.969414979879794636e+00
-2.977198505384066607e+00
-2.984992218748946158e+00
-4.965009058587259716e+00
-4.977972528714119882e+00
-4.990952900366568912e+00
-5.003950173544606805e+00
-5.016964348248233563e+00
-5.029995424477449184e+00
-5.043043402232255445e+00
-5.056108281512648794e+00
-5.069190062318633672e+00
-7.061046439393074081e+00
-7.079268494720540872e+00
-7.097514032078067636e+00
-7.115783051465656150e+00
-7.134075552883305527e+00
-7.152391536331016653e+00
-7.170731001808787752e+00
-7.189093949316621490e+00
-7.207480378854515202e+00
-9.061605498253287649e+00
-9.084721838810056127e+00
-9.107867626934412542e+00
-9.131042862626358669e+00
-9.154247545885890958e+00
-9.177481676713012959e+00
-9.200745255107722897e+00
-9.224038281070020773e+00
-9.247360754599906585e+00
-1.156190446655724458e+01
-1.159106437693948166e+01
-1.162026101264965838e+01
-1.164949437368776941e+01
-1.167876446005382007e+01
-1.170807127174780682e+01
-1.173741480876973142e+01
-1.176679507111959389e+01
-1.179621205879739065e+01
-1.241766600729691028e+01
-1.244863275544478221e+01
-1.247963806741351078e+01
-1.251068194320309779e+01
-1.254176438281353967e+01
-1.257288538624483820e+01
-1.260404495349699516e+01
-1.263524308457000700e+01
-1.266647977946387549e+01
-1.425467233479973572e+01
-1.428982565745029021e+01
-1.432502227237011816e+01
-1.436026217955921958e+01
-1.439554537901759801e+01
-1.443087187074524635e+01
-1.446624165474216994e+01
-1.450165473100837055e+01
-1.453711109954384284e+01
-1.587989618479549137e+01
-1.591862763890475030e+01
-1.595740626896298231e+01
-1.599623207497019095e+01
-1.603510505692637622e+01
-1.607402521483153990e+01
-1.611299254868567488e+01
-1.615200705848878826e+01
-1.619106874424088005e+01
-1.728326240811092873e+01
-1.732495906048272971e+01
-1.736670594978509641e+01
-1.740850307601803237e+01
-1.745035043918153761e+01
-1.749224803927561211e+01
-1.753419587630025234e+01
-1.757619395025546183e+01
-1.761824226114124059e+01
-1.767899759215938005e+01
-1.772119090383517914e+01
-1.776343450551297209e+01
-1.780572839719276601e+01
-1.784807257887455734e+01
-1.789046705055834607e+01
-1.793291181224412867e+01
-1.797540686393191223e+01
-1.801795220562168964e+01
-1.952204580056706362e+01
-1.956814272099343555e+01
-1.961429400099577691e+01
-1.966049964057409483e+01
-1.970675963972838574e+01
-1.975307399845865319e+01
-1.979944271676489365e+01
-1.984586579464711065e+01
-1.989234323210530064e+01
-1.988614716380948622e+01
-1.993261012447259262e+01
-1.997912730095910661e+01
-2.002569869326903529e+01
-2.007232430140237511e+01
-2.011900412535912608e+01
-2.016573816513928818e+01
-2.021252642074285788e+01
-2.025936889216983872e+01
-1.973982713112640042e+01
-1.978546834992669190e+01
-1.983116227221289662e+01
-1.987690889798501459e+01
-1.992270822724304224e+01
-1.996856025998698669e+01
-2.001446499621684083e+01
-2.006042243593261176e+01
-2.010643257913428883e+01
-2.002535993985229013e+01
-2.007118456214028157e+01
-2.011706155542517038e+01
-2.016299091970696722e+01
-2.020897265498565787e+01
-2.025500676126125299e+01
-2.030109323853374548e+01
-2.034723208680314244e+01
-2.039342330606943676e+01
-1.903114153904260419e+01
-1.907424718239264294e+01
-1.911740158778266974e+01
-1.916060475521268813e+01
-1.920385668468269458e+01
-1.924715737619268907e+01
-1.929050682974267517e+01
-1.933390504533264576e+01
-1.937735202296260795e+01
-1.684735152664861246e+01
-1.688512585742585159e+01
-1.692294248868548578e+01
-1.696080142042751149e+01
-1.699870265265192870e+01
-1.703664618535874098e+01
-1.707463201854794832e+01
-1.711266015221954717e+01
-1.715073058637353753e+01
-1.266118642075315215e+01
-1.268929116308556893e+01
-1.271742706366890729e+01
-1.274559412250316903e+01
-1.277379233958835236e+01
-1.280202171492445906e+01
-1.283028224851148735e+01
-1.285857394034944079e+01
-1.288689679043831582e+01
-8.858294924586111563e+00
-8.877763704640146969e+00
-8.897253855473605810e+00
-8.916765377086486311e+00
-8.936298269478790246e+00
-8.955852532650515840e+00
-8.975428166601663094e+00
-8.995025171332235558e+00
-9.014643546842229682e+00
-2.493090212374606374e+00
-2.498515871161058666e+00
-2.503947427402712922e+00
-2.509384881099570030e+00
-2.514828232251629991e+00
-2.520277480858892361e+00
-2.525732626921357582e+00
-2.531193670439025212e+00
-2.536660611411895694e+00
7.075185553802568528e+00
7.090433798530591858e+00
7.105698456869731672e+00
7.120979528819989746e+00
7.136277014381364303e+00
7.151590913553856232e+00
7.166921226337466422e+00
7.182267952732193095e+00
7.197631092738037140e+00
1.586527143759178138e+01
1.589913541077767611e+01
1.593303548628039934e+01
1.596697166409995283e+01
1.600094394423633659e+01
1.603495232668954884e+01
1.606899681145959136e+01
1.610307739854646059e+01
1.613719408795016008e+01
2.920470414191250796e+01
2.926644770246623395e+01
2.932825646213353465e+01
2.939013042091440298e+01
2.945206957880884957e+01
2.951407393581686733e+01
2.957614349193845982e+01
2.963827824717362347e+01
2.970047820152236184e+01
4.363161095371400222e+01
4.372298605518774650e+01
4.381445673731157342e+01
4.390602300008546877e+01
4.399768484350945386e+01
4.408944226758350737e+01
4.418129527230763642e+01
4.427324385768184811e+01
4.436528802370613533e+01
6.170047322991930372e+01
6.182848251047929722e+01
6.195662444314351092e+01
6.208489902791191639e+01
6.221330626478454207e+01
6.234184615376136662e+01
6.247051869484241138e+01
6.259932388802764791e+01
6.272826173331709754e+01
7.852682536038160777e+01
7.868823712885104271e+01
7.884981461782199119e+01
7.901155782729443899e+01
7.917346675726841454e+01
7.933554140774387520e+01
7.949778177872086360e+01
7.966018787019935132e+01
7.982275968217935258e+01
9.041597341931944243e+01
9.060012000469484406e+01
9.078445392128629976e+01
9.096897516909378112e+01
9.115368374811733077e+01
9.133857965835690607e+01
9.152366289981256386e+01
9.170893347248423311e+01
9.189439137637197064e+01
9.682558055578654432e+01
9.702099040554595888e+01
9.721659724104101485e+01
9.741240106227169804e+01
9.760840186923805106e+01
9.780459966194003130e+01
9.800099444037766716e+01
9.819758620455094444e+01
9.839437495445984894e+01
1.019769227817857455e+02
1.021808766273493205e+02
1.023850342230083754e+02
1.025893955687628818e+02
1.027939606646128539e+02
1.029987295105582916e+02
1.032037021065992093e+02
1.034088784527355926e+02
1.036142585489674417e+02
1.028027574991964457e+02
1.030065290700570984e+02
1.032105023949483069e+02
1.034146774738700572e+02
1.036190543068223775e+02
1.038236328938052395e+02
1.040284132348186574e+02
1.042333953298626454e+02
1.044385791789371751e+02
9.618671497401791726e+01
9.637568690913387570e+01
9.656484429266505742e+01
9.675418712461144821e+01
9.694371540497309070e+01
9.713342913374992804e+01
9.732332831094201708e+01
9.751341293654932940e+01
9.770368301057186500e+01
8.304205782266932090e+01
8.320377555942232561e+01
8.336565060914882963e+01
8.352768297184883295e+01
8.368987264752232136e+01
8.385221963616930907e+01
8.401472393778979608e+01
8.417738555238376819e+01
8.434020447995123959e+01
6.986704065040383682e+01
7.000191910725790478e+01
7.013692763012629428e+01
7.027206621900899108e+01
7.040733487390603784e+01
7.054273359481737771e+01
7.067826238174306752e+01
7.081392123468307886e+01
7.094971015363739753e+01
5.062502038315019348e+01
5.072191037431412042e+01
5.081889299453268904e+01
5.091596824380591357e+01
5.101313612213379400e+01
5.111039662951631612e+01
5.120774976595348704e+01
5.130519553144531386e+01
5.140273392599178237e+01
2.901113160015426473e+01
2.906618118573330634e+01
2.912128295101431519e+01
2.917643689599729484e+01
2.923164302068224885e+01
2.928690132506917365e+01
2.934221180915806571e+01
2.939757447294892856e+01
2.945298931644176577e+01
9.491028768071620547e+00
9.508885830664416616e+00
9.526759676210778238e+00
9.544650304710705413e+00
9.562557716164196364e+00
9.580481910571251092e+00
9.598422887931871372e+00
9.616380648246057206e+00
9.634355191513806815e+00
-1.375989816264100973e+01
-1.378556961443698192e+01
-1.381126499116472850e+01
-1.383698429282425479e+01
-1.386272751941555548e+01
-1.388849467093863232e+01
-1.391428574739348534e+01
-1.394010074878011629e+01
-1.396593967509852341e+01
-3.106476295277863287e+01
-3.112223707480042378e+01
-3.117976431523443637e+01
-3.123734467408066706e+01
-3.129497815133912297e+01
-3.135266474700979344e+01
-3.141040446109268203e+01
-3.146819729358779583e+01
-3.152604324449512418e+01
-5.280842388165384449e+01
-5.290532007226238420e+01
-5.300230507697781235e+01
-5.309937889580010761e+01
-5.319654152872929842e+01
-5.329379297576537056e+01
-5.339113323690831692e+01
-5.348856231215815171e+01
-5.358608020151486784e+01
-6.826991619538063105e+01
-6.839415626125030201e+01
-6.851850927263438962e+01
-6.864297522953290809e+01
-6.876755413194585742e+01
-6.889224597987322340e+01
-6.901705077331503446e+01
-6.914196851227124796e+01
-6.926699919674190653e+01
-8.465698351175467451e+01
-8.480979395130657394e+01
-8.496274218205735451e+01
-8.511582820400700200e+01
-8.526905201715553062e+01
-8.542241362150294037e+01
-8.557591301704920284e+01
-8.572955020379436064e+01
-8.588332518173838537e+01
-9.528058087575654156e+01
-9.545118173676952722e+01
-9.562193519247037443e+01
-9.579284124285905477e+01
-9.596389988793559667e+01
-9.613511112769997169e+01
-9.630647496215220826e+01
-9.647799139129227797e+01
-9.664966041512020922e+01
-1.052271164469768792e+02
-1.054140207390674249e+02
-1.056010908734757123e+02
-1.057883268502017273e+02
-1.059757286692454983e+02
-1.061632963306069826e+02
-1.063510298342862228e+02
-1.065389291802831906e+02
-1.067269943685979001e+02
-1.153158407004031147e+02
-1.155190404196989817e+02
-1.157224190119871992e+02
-1.159259764772677386e+02
-1.161297128155406142e+02
-1.163336280268058260e+02
-1.165377221110633741e+02
-1.167419950683132726e+02
-1.169464468985554930e+02
-1.240431218527722734e+02
-1.242599804574099807e+02
-1.244770284582089630e+02
-1.246942658551691778e+02
-1.249116926482906536e+02
-1.251293088375734044e+02
-1.253471144230174019e+02
-1.255651094046226461e+02
-1.257832937823891370e+02
-1.287379037394193233e+02
-1.289612131995050675e+02
-1.291847161686549725e+02
-1.294084126468690954e+02
-1.296323026341474076e+02
-1.298563861304899376e+02
-1.300806631358966285e+02
-1.303051336503675657e+02
-1.305297976739026922e+02
-1.282156371648854645e+02
-1.284363181238611844e+02
-1.286571888343063392e+02
-1.288782492962209574e+02
-1.290994995096050388e+02
-1.293209394744585552e+02
-1.295425691907815349e+02
-1.297643886585739779e+02
-1.299863978778358558e+02
-1.252915190655496929e+02
-1.255055097044319297e+02
-1.257196829291835343e+02
-1.259340387398044783e+02
-1.261485771362947759e+02
-1.263632981186544271e+02
-1.265782016868834177e+02
-1.267932878409817761e+02
-1.270085565809494881e+02
-1.198605329720888761e+02
-1.200636864178042771e+02
-1.202670118816786271e+02
-1.204705093637119262e+02
-1.206741788639041744e+02
-1.208780203822553574e+02
-1.210820339187654895e+02
-1.212862194734345707e+02
-1.214905770462626009e+02
-1.133023020069595219e+02
-1.134928861987290105e+02
-1.136836305452815026e+02
-1.138745350466169839e+02
-1.140655997027354687e+02
-1.142568245136369569e+02
-1.144482094793214344e+02
-1.146397545997889296e+02
-1.148314598750394140e+02
-9.214133894988010809e+01
-9.229516422358608452e+01
-9.244911779193235191e+01
-9.260319965491891026e+01
-9.275740981254574535e+01
-9.291174826481288562e+01
-9.306621501172030264e+01
-9.322081005326801062e+01
-9.337553338945600956e+01
-6.781132086997449449e+01
-6.792368428483774778e+01
-6.803614071577291611e+01
-6.814869016277998526e+01
-6.826133262585895523e+01
-6.837406810500984022e+01
-6.848689660023262604e+01
-6.859981811152732689e+01
-6.871283263889392856e+01
-4.052894472412095439e+01
-4.059560417268036048e+01
-4.066231839482117039e+01
-4.072908739054337701e+01
-4.079591115984697325e+01
-4.086278970273196620e+01
-4.092972301919835587e+01
-4.099671110924614226e+01
-4.106375397287533247e+01
-8.882585845158764926e+00
-8.897088026130452576e+00
-8.911602035961006862e+00
-8.926127874650431337e+00
-8.940665542198722449e+00
-8.955215038605880196e+00
-8.969776363871904579e+00
-8.984349517996799150e+00
-8.998934500980560358e+00
3.214985692995338695e+01
3.220196366727908099e+01
3.225411259629492378e+01
3.230630371700090109e+01
3.235853702939702004e+01
3.241081253348328062e+01
3.246313022925968994e+01
3.251549011672624090e+01
3.256789219588292639e+01
7.384127345406098186e+01
7.396008483532254729e+01
7.407899172412530220e+01
7.419799412046928921e+01
7.431709202435446571e+01
7.443628543578086010e+01
7.455557435474845818e+01
7.467495878125725994e+01
7.479443871530727961e+01
1.207078298111888728e+02
1.209006538204719305e+02
1.210936317196267140e+02
1.212867635086532232e+02
1.214800491875514723e+02
1.216734887563214613e+02
1.218670822149631903e+02
1.220608295634766307e+02
1.222547308018618253e+02
1.609727684951467381e+02
1.612280781993420646e+02
1.614835902091666924e+02
1.617393045246206498e+02
1.619952211457038800e+02
1.622513400724164683e+02
1.625076613047583578e+02
1.627641848427295770e+02
1.630209106863300974e+02
2.126012632507121225e+02
2.129360683896896091e+02
2.132711369473445302e+02
2.136064689236768288e+02
2.139420643186865334e+02
2.142779231323736440e+02
2.146140453647381605e+02
2.149504310157800546e+02
2.152870800854993547e+02
2.424649300540581578e+02
2.428440777163788198e+02
2.432235215878106658e+02
2.436032616683536958e+02
2.439832979580079098e+02
2.443636304567733362e+02
2.447442591646499181e+02
2.451251840816376841e+02
2.455064052077366625e+02
2.710181277640165831e+02
2.714389633661346579e+02
2.718601254504886242e+02
2.722816140170784820e+02
2.727034290659043450e+02
2.731255705969660994e+02
2.735480386102638022e+02
2.739708331057974533e+02
2.743939540835669959e+02
2.845438161897765212e+02
2.849825884583806896e+02
2.854216987641717083e+02
2.858611471071496908e+02
2.863009334873145235e+02
2.867410579046662633e+02
2.871815203592049102e+02
2.876223208509304641e+02
2.880634593798429250e+02
2.750423985049481530e+02
2.754635966649863121e+02
2.758851170883451687e+02
2.763069597750245521e+02
2.767291247250246329e+02
2.771516119383452406e+02
2.775744214149865456e+02
2.779975531549483776e+02
2.784210071582309070e+02
2.697454321804133883e+02
2.701556913928550898e+02
2.705662623524187325e+02
2.709771450591042026e+02
2.713883395129116707e+02
2.717998457138410231e+02
2.722116636618923167e+02
2.726237933570654945e+02
2.730362347993606136e+02
2.321175643331331742e+02
2.324681950949656937e+02
2.328190904837883011e+02
2.331702504996009395e+02
2.335216751424036659e+02
2.338733644121964232e+02
2.342253183089792401e+02
2.345775368327521733e+02
2.349300199835151091e+02
1.971321361394757616e+02
1.974279082867217880e+02
1.977239021522191251e+02
1.980201177359677729e+02
1.983165550379677029e+02
1.986132140582189720e+02
1.989100947967215234e+02
1.992071972534754138e+02
1.995045214284806150e+02
1.410046820467094051e+02
1.412148231525912649e+02
1.414251207298847532e+02
1.416355747785899553e+02
1.418461852987068141e+02
1.420569522902353583e+02
1.422678757531755593e+02
1.424789556875274457e+02
1.426901920932910173e+02
8.841119600515533250e+01
8.854207860471883862e+01
8.867305801093884554e+01
8.880413422381533906e+01
8.893530724334829074e+01
8.906657706953774323e+01
8.919794370238366810e+01
8.932940714188606535e+01
8.946096738804496340e+01
2.409189401875430647e+01
2.412732327466423499e+01
2.416277856235661758e+01
2.419825988183144005e+01
2.423376723308871661e+01
2.426930061612843303e+01
2.430486003095059999e+01
2.434044547755521393e+01
2.437605695594227129e+01
-3.670384196296338786e+01
-3.675746335370548223e+01
-3.681112388414884862e+01
-3.686482355429348701e+01
-3.691856236413939030e+01
-3.697234031368657270e+01
-3.702615740293502711e+01
-3.708001363188475352e+01
-3.713390900053574484e+01
-1.057325444206443166e+02
-1.058860023951300064e+02
-1.060395716516856766e+02
-1.061932521903112985e+02
-1.063470440110069006e+02
-1.065009471137724546e+02
-1.066549614986079888e+02
-1.068090871655135032e+02
-1.069633241144889695e+02
-1.540747508847607037e+02
-1.542969206769521691e+02
-1.545192505338353897e+02
-1.547417404554103655e+02
-1.549643904416771534e+02
-1.551872004926356965e+02
-1.554101706082860517e+02
-1.556333007886281621e+02
-1.558565910336620561e+02
-2.097272566117040355e+02
-2.100277254607179600e+02
-2.103284093912271828e+02
-2.106293084032318177e+02
-2.109304224967317793e+02
-2.112317516717271246e+02
-2.115332959282177967e+02
-2.118350552662038524e+02
-2.121370296856852633e+02
-2.499359454310873332e+02
-2.502917261363273269e+02
-2.506477598861656588e+02
-2.510040466806022721e+02
-2.513605865196372235e+02
-2.517173794032704564e+02
-2.520744253315020842e+02
-2.524317243043319934e+02
-2.527892763217601839e+02
-2.870285247498535455e+02
-2.874345056900937720e+02
-2.878407735426592922e+02
-2.882473283075500490e+02
-2.886541699847660993e+02
-2.890612985743073864e+02
-2.894687140761739101e+02
-2.898764164903657274e+02
-2.902844058168827814e+02
-3.280556139798740674e+02
-3.285166900360650288e+02
-3.289780898816213153e+02
-3.294398135165428698e+02
-3.299018609408297493e+02
-3.303642321544819538e+02
-3.308269271574994264e+02
-3.312899459498822239e+02
-3.317532885316303464e+02
-3.598848085616730827e+02
-3.603874409758653314e+02
-3.608904241454059729e+02
-3.613937580702949504e+02
-3.618974427505323206e+02
-3.624014781861180268e+02
-3.629058643770520689e+02
-3.634106013233344470e+02
-3.639156890249652179e+02
-3.935507850884704339e+02
-3.940970040823475529e+02
-3.946436018688694958e+02
-3.951905784480363195e+02
-3.957379338198480241e+02
-3.962856679843045526e+02
-3.968337809414059052e+02
-3.973822726911521954e+02
-3.979311432335432528e+02
-4.008918499889580858e+02
-4.014448042648049295e+02
-4.019981396256110315e+02
-4.025518560713762781e+02
-4.031059536021008398e+02
-4.036604322177846029e+02
-4.042152919184276243e+02
-4.047705327040298471e+02
-4.053261545745913281e+02
-4.029650637686425512e+02
-4.035174490513959995e+02
-4.040702126802335670e+02
-4.046233546551551399e+02
-4.051768749761608319e+02
-4.057307736432506431e+02
-4.062850506564244029e+02
-4.068397060156823386e+02
-4.073947397210243366e+02
-4.058588790617801578e+02
-4.064118203139079242e+02
-4.069651379726062146e+02
-4.075188320378750291e+02
-4.080729025097144813e+02
-4.086273493881244008e+02
-4.091821726731048443e+02
-4.097373723646559256e+02
-4.102929484627774741e+02
-3.918297162624811563e+02
-3.923602913691331651e+02
-3.928912254575893144e+02
-3.934225185278497747e+02
-3.939541705799144324e+02
-3.944861816137833443e+02
-3.950185516294564536e+02
-3.955512806269338171e+02
-3.960843686062153779e+02
-3.772944016799213500e+02
-3.778022003362873420e+02
-3.783103404846884814e+02
-3.788188221251248819e+02
-3.793276452575965436e+02
-3.798368098821034096e+02
-3.803463159986454798e+02
-3.808561636072227543e+02
-3.813663527078352331e+02
-3.300406869666844045e+02
-3.304822129693154125e+02
-3.309240341096487441e+02
-3.313661503876843426e+02
-3.318085618034222080e+02
-3.322512683568623970e+02
-3.326942700480049098e+02
-3.331375668768496894e+02
-3.335811588433967358e+02
-2.572134883984188036e+02
-2.575555276117145809e+02
-2.578977940935906190e+02
-2.582402878440469181e+02
-2.585830088630834780e+02
-2.589259571507002988e+02
-2.592691327068973806e+02
-2.596125355316747232e+02
-2.599561656250323267e+02
-2.603000229869702480e+02
-2.606441076174883733e+02
-2.609884195165867595e+02
-2.613329586842654066e+02
-2.616777251205243147e+02
-2.620227188253635404e+02
-2.623679397987829702e+02
-2.627133880407827178e+02
-1.085471028506557758e+02
-1.086898340838584716e+02
-1.088326590957952078e+02
-1.089755778864659845e+02
-1.091185904558708017e+02
-1.092616968040096452e+02
-1.094048969308825292e+02
-1.095481908364894394e+02
-1.096915785208303902e+02
-1.098350599839053956e+02
-1.099786352257144131e+02
-1.101223042462574853e+02
-1.102660670455345837e+02
-1.104099236235457226e+02
-1.105538739802908879e+02
-1.106979181157700936e+02
-1.108420560299833255e+02
8.302341815143874726e+01
8.313138098388535013e+01
8.323941396762009504e+01
8.334751710264298197e+01
8.345569038895401093e+01
8.356393382655316771e+01
8.367224741544046651e+01
8.378063115561590735e+01
8.388908504707949021e+01
8.399760908983121510e+01
8.410620328387106781e+01
8.421486762919906255e+01
8.432360212581521353e+01
8.443240677371947811e+01
8.454128157291189893e+01
8.465022652339244758e+01
8.475924162516115246e+01
3.144891566424267921e+02
3.148936443037031836e+02
3.152983919184894148e+02
3.157033994867855426e+02
3.161086670085913966e+02
3.165141944839070902e+02
3.169199819127326236e+02
3.173260292950679968e+02
3.177323366309131529e+02
3.181389039202680920e+02
3.185457311631329276e+02
3.189528183595075461e+02
3.193601655093919476e+02
3.197677726127861888e+02
3.201756396696902129e+02
3.205837666801041337e+02
3.209921536440278373e+02
5.497713991630654391e+02
5.504708538693797664e+02
5.511707532385715922e+02
5.518710972706409166e+02
5.525718859655877395e+02
5.532731193234121747e+02
5.539747973441139948e+02
5.546769200276933134e+02
5.553794873741502442e+02
5.560824993834845600e+02
5.567859560556964880e+02
5.574898573907858008e+02
5.581942033887527259e+02
5.588989940495971496e+02
5.596042293733189581e+02
5.603099093599183789e+02
5.610160340093952982e+02
7.247573350126355081e+02
7.256695531813109028e+02
7.265823450721049994e+02
7.274957106850177979e+02
7.284096500200491846e+02
7.293241630771992732e+02
7.302392498564680636e+02
7.311549103578555560e+02
7.320711445813615228e+02
7.329879525269863052e+02
7.339053341947297895e+02
7.348232895845917483e+02
7.357418186965725226e+02
7.366609215306719989e+02
7.375805980868899496e+02
7.385008483652267159e+02
7.394216723656820704e+02
8.258769184587599739e+02
8.269054077719091538e+02
8.279345370908537234e+02
8.289643064155935690e+02
8.299947157461288043e+02
8.310257650824594293e+02
8.320574544245853303e+02
8.330897837725067347e+02
8.341227531262234152e+02
8.351563624857353716e+02
8.361906118510428314e+02
8.372255012221455672e+02
8.382610305990438064e+02
8.392971999817372080e+02
8.403340093702261129e+02
8.413714587645104075e+02
8.424095481645899781e+02
8.251385813120766670e+02
8.261553879433915881e+02
8.271728206871642897e+02
8.281908795433946580e+02
8.292095645120826930e+02
8.302288755932283948e+02
8.312488127868319907e+02
8.322693760928930260e+02
8.332905655114120691e+02
8.343123810423886653e+02
8.353348226858229282e+02
8.363578904417148578e+02
8.373815843100645679e+02
8.384059042908720585e+02
8.394308503841372158e+02
8.404564225898600398e+02
8.414826209080405306e+02
6.903337366637690593e+02
6.911756070743346072e+02
6.920179905076976183e+02
6.928608869638579790e+02
6.937042964428159166e+02
6.945482189445710901e+02
6.953926544691238405e+02
6.962376030164739404e+02
6.970830645866213899e+02
6.979290391795663027e+02
6.987755267953086786e+02
6.996225274338484041e+02
7.004700410951855929e+02
7.013180677793201312e+02
7.021666074862522464e+02
7.030156602159817112e+02
7.038652259685085255e+02
4.960697506361165097e+02
4.966685071245125300e+02
4.972676247446868274e+02
4.978671034966395155e+02
4.984669433803703669e+02
4.990671443958794953e+02
4.996677065431670144e+02
5.002686298222327537e+02
5.008699142330767700e+02
5.014715597756990633e+02
5.020735664500996904e+02
5.026759342562785378e+02
5.032786631942357189e+02
5.038817532639711771e+02
5.044852044654849124e+02
5.050890167987769246e+02
5.056931902638472707e+02
2.650335463478104998e+02
2.653501933565892159e+02
2.656670294083583030e+02
2.659840545031176475e+02
2.663012686408673630e+02
2.666186718216073928e+02
2.669362640453377367e+02
2.672540453120583379e+02
2.675720156217693102e+02
2.678901749744705967e+02
2.682085233701621974e+02
2.685270608088440554e+02
2.688457872905162844e+02
2.691647028151788277e+02
2.694838073828316283e+02
2.698031009934748568e+02
2.701225836471083426e+02
1.692375404755247104e+01
1.694377031490617114e+01
1.696379841220511508e+01
1.698383833944930288e+01
1.700389009663873452e+01
1.702395368377341001e+01
1.704402910085333289e+01
1.706411634787849962e+01
1.708421542484890665e+01
1.710432633176456463e+01
1.712444906862546290e+01
1.714458363543160502e+01
1.716473003218299453e+01
1.718488825887962790e+01
1.720505831552150866e+01
1.722524020210862972e+01
1.724543391864099462e+01
-1.921842831928714475e+02
-1.924093233371254144e+02
-1.926344951608084273e+02
-1.928597986639204578e+02
-1.930852338464615627e+02
-1.933108007084317421e+02
-1.935364992498309675e+02
-1.937623294706592390e+02
-1.939882913709165848e+02
-1.942143849506029483e+02
-1.944406102097183862e+02
-1.946669671482628701e+02
-1.948934557662364284e+02
-1.951200760636390044e+02
-1.953468280404706832e+02
-1.955737116967314080e+02
-1.958007270324211504e+02
-3.539497103492271322e+02
-3.543600868249943687e+02
-3.547707010623350357e+02
-3.551815530612491330e+02
-3.555926428217367175e+02
-3.560039703437977323e+02
-3.564155356274321775e+02
-3.568273386726400531e+02
-3.572393794794214159e+02
-3.576516580477761522e+02
-3.580641743777044326e+02
-3.584769284692060864e+02
-3.588899203222811707e+02
-3.593031499369297421e+02
-3.597166173131518008e+02
-3.601303224509472329e+02
-3.605442653503160955e+02
-4.679299745845423786e+02
-4.684672076208047429e+02
-4.690047488802663906e+02
-4.695425983629272082e+02
-4.700807560687872524e+02
-4.706192219978465801e+02
-4.711579961501051343e+02
-4.716970785255629721e+02
-4.722364691242199797e+02
-4.727761679460762139e+02
-4.733161749911317315e+02
-4.738564902593864190e+02
-4.743971137508403899e+02
-4.749380454654935875e+02
-4.754792854033459548e+02
-4.760208335643976056e+02
-4.765626899486484831e+02
-4.988453638460397315e+02
-4.994125558458646879e+02
-4.999800701138713634e+02
-5.005479066500598151e+02
-5.011160654544298723e+02
-5.016845465269817055e+02
-5.022533498677152011e+02
-5.028224754766305296e+02
-5.033919233537274636e+02
-5.039616934990061736e+02
-5.045317859124665461e+02
-5.051022005941086945e+02
-5.056729375439325622e+02
-5.062439967619381491e+02
-5.068153782481253984e+02
-5.073870820024944237e+02
-5.079591080250451682e+02
-4.747247893652290713e+02
-4.752593893532530274e+02
-4.757942901853894568e+02
-4.763294918616384734e+02
-4.768649943820000772e+02
-4.774007977464742680e+02
-4.779369019550609892e+02
-4.784733070077602974e+02
-4.790100129045720792e+02
-4.795470196454965048e+02
-4.800843272305335176e+02
-4.806219356596830039e+02
-4.811598449329450773e+02
-4.816980550503197378e+02
-4.822365660118069854e+02
-4.827753778174067634e+02
-4.833144904671190716e+02
-3.969562048809194152e+02
-3.973989892700782889e+02
-3.978420204732779553e+02
-3.982852984905183575e+02
-3.987288233217995526e+02
-3.991725949671215403e+02
-3.996166134264843208e+02
-4.000608786998878372e+02
-4.005053907873321464e+02
-4.009501496888172483e+02
-4.013951554043431429e+02
-4.018404079339098303e+02
-4.022859072775171967e+02
-4.027316534351654695e+02
-4.031776464068544215e+02
-4.036238861925842230e+02
-4.040703727923548172e+02
-2.789549301692450172e+02
-2.792631676611447347e+02
-2.795715753559665586e+02
-2.798801532537104322e+02
-2.801889013543764122e+02
-2.804978196579644418e+02
-2.808069081644746348e+02
-2.811161668739068773e+02
-2.814255957862611695e+02
-2.817351949015376249e+02
-2.820449642197360731e+02
-2.823549037408566846e+02
-2.826650134648994026e+02
-2.829752933918641702e+02
-2.832857435217509874e+02
-2.835963638545599110e+02
-2.839071543902909411e+02
-1.341285679587872721e+02
-1.342753972614241604e+02
-1.344223068864366724e+02
-1.345692968338247795e+02
-1.347163671035885102e+02
-1.348635176957278929e+02
-1.350107486102428709e+02
-1.351580598471334724e+02
-1.353054514063997260e+02
-1.354529232880415748e+02
-1.356004754920590472e+02
-1.357481080184521431e+02
-1.358958208672208343e+02
-1.360436140383652059e+02
-1.361914875318851728e+02
-1.363394413477807348e+02
-1.364874754860519488e+02
3.213547971419968263e+01
3.217033381367278366e+01
3.220520680425670434e+01
3.224009868595146600e+01
3.227500945875704019e+01
3.230993912267344115e+01
3.234488767770067597e+01
3.237985512383872333e+01
3.241484146108761166e+01
3.244984668944731254e+01
3.248487080891784018e+01
3.251991381949920168e+01
3.255497572119138283e+01
3.259005651399439074e+01
3.262515619790822541e+01
3.266027477293288683e+01
3.269541223906836791e+01
1.883488985468808607e+02
1.885513154179683397e+02
1.887538409984387613e+02
1.889564752882921823e+02
1.891592182875285459e+02
1.893620699961478806e+02
1.895650304141501863e+02
1.897680995415354346e+02
1.899712773783036823e+02
1.901745639244549011e+02
1.903779591799890625e+02
1.905814631449062233e+02
1.907850758192063267e+02
1.909887972028894012e+02
1.911926272959554467e+02
1.913965660984044632e+02
1.916006136102364508e+02
2.989240962209364625e+02
2.992424392414060890e+02
2.995609516833873158e+02
2.998796335468803136e+02
3.001984848318849117e+02
3.005175055384012808e+02
3.008366956664293639e+02
3.011560552159690474e+02
3.014755841870205018e+02
3.017952825795836134e+02
3.021151503936584390e+02
3.024351876292449219e+02
3.027553942863431189e+02
3.030757703649530299e+02
3.033963158650745982e+02
3.037170307867078805e+02
3.040379151298528200e+02
3.603582481396666708e+02
3.607385734675185631e+02
3.611190993888977800e+02
3.614998259038043784e+02
3.618807530122383014e+02
3.622618807141996058e+02
3.626432090096882348e+02
3.630247378987042453e+02
3.634064673812475235e+02
3.637883974573182400e+02
3.641705281269162242e+02
3.645528593900415899e+02
3.649353912466943370e+02
3.653181236968744088e+02
3.657010567405818051e+02
3.660841903778165829e+02
3.664675246085786853e+02
3.826574716870404700e+02
3.830577410088887973e+02
3.834582195671835052e+02
3.838589073619245937e+02
3.842598043931120060e+02
3.846609106607457420e+02
3.850622261648257449e+02
3.854637509053521853e+02
3.858654848823249495e+02
3.862674280957440374e+02
3.866695805456094490e+02
3.870719422319212413e+02
3.874745131546793004e+02
3.878772933138837402e+02
3.882802827095345606e+02
3.886834813416316479e+02
3.890868892101751157e+02
3.282351129818274558e+02
3.285754293249916032e+02
3.289159219978672581e+02
3.292565910004543639e+02
3.295974363327529773e+02
3.299384579947630414e+02
3.302796559864846131e+02
3.306210303079176924e+02
3.309625809590622225e+02
3.313043079399182602e+02
3.316462112504857487e+02
3.319882908907647447e+02
3.323305468607552484e+02
3.326729791604572029e+02
3.330155877898706649e+02
3.333583727489955777e+02
3.337013340378319981e+02
2.371001779419511308e+02
2.373438574670713024e+02
2.375876621485988380e+02
2.378315919865337662e+02
2.380756469808760301e+02
2.383198271316256580e+02
2.385641324387825932e+02
2.388085629023469494e+02
2.390531185223186412e+02
2.392977992986976403e+02
2.395426052314840604e+02
2.397875363206777877e+02
2.400325925662789075e+02
2.402777739682873630e+02
2.405230805267031542e+02
2.407685122415263379e+02
2.410140691127568289e+02
1.326775472337459973e+02
1.328127255803927085e+02
1.329479727551181725e+02
1.330832887579223609e+02
1.332186735888052738e+02
1.333541272477669679e+02
1.334896497348073581e+02
1.336252410499265295e+02
1.337609011931244254e+02
1.338966301644010457e+02
1.340324279637564189e+02
1.341682945911905449e+02
1.343042300467033954e+02
1.344402343302949987e+02
1.345763074419653265e+02
1.347124493817144355e+02
1.348486601495422406e+02
7.175180717651937101e+00
7.182428374942494642e+00
7.189679690818256752e+00
7.196934665279223431e+00
7.204193298325395567e+00
7.211455589956771384e+00
7.218721540173352658e+00
7.225991148975138501e+00
7.233264416362128912e+00
7.240541342334324781e+00
7.247821926891724331e+00
7.255106170034328450e+00
7.262394071762138914e+00
7.269685632075152171e+00
7.276980850973371773e+00
7.284279728456795944e+00
7.291582264525423795e+00
-1.005556749016599838e+02
-1.006563816366641646e+02
-1.007571387754396000e+02
-1.008579463179863041e+02
-1.009588042643042911e+02
-1.010597126143935469e+02
-1.011606713682540857e+02
-1.012616805258859074e+02
-1.013627400872889694e+02
-1.014638500524633287e+02
-1.015650104214089566e+02
-1.016662211941258533e+02
-1.017674823706140330e+02
-1.018687939508734814e+02
-1.019701559349041986e+02
-1.020715683227061845e+02
-1.021730311142794676e+02
-2.196107477698065509e+02
-2.198288319284657462e+02
-2.200470243174765983e+02
-2.202653249368391926e+02
-2.204837337865534437e+02
-2.207022508666194369e+02
-2.209208761770370870e+02
-2.211396097178063940e+02
-2.213584514889274431e+02
-2.215774014904001774e+02
-2.217964597222245970e+02
-2.220156261844007304e+02
-2.222349008769284922e+02
-2.224542837998079960e+02
-2.226737749530391852e+02
-2.228933743366220881e+02
-2.231130819505566478e+02
-2.233328977948429213e+02
-2.235528218694808515e+02
-2.237728541744704955e+02
-2.239929947098118248e+02
-2.242132434755048678e+02
-2.244336004715495960e+02
-2.246540656979460095e+02
-2.248746391546941368e+02
-2.250953208417939209e+02
-2.253161107592453902e+02
-2.255370089070485733e+02
-2.257580152852034701e+02
-2.259791298937100237e+02
-2.262003527325682910e+02
-2.264216838017782152e+02
-2.266431231013398815e+02
-2.821299457148587067e+02
-2.824055978357330332e+02
-2.826813845523694795e+02
-2.829573058647681023e+02
-2.832333617729288449e+02
-2.835095522768517640e+02
-2.837858773765367459e+02
-2.840623370719839613e+02
-2.843389313631932964e+02
-2.846156602501648081e+02
-2.848925237328983826e+02
-2.851695218113941905e+02
-2.854466544856521182e+02
-2.857239217556721655e+02
-2.860013236214543326e+02
-2.862788600829987331e+02
-2.865565311403051965e+02
-2.868343367933738364e+02
-2.871122770422046528e+02
-2.873903518867975890e+02
-2.876685613271526449e+02
-2.879469053632698774e+02
-2.882253839951492296e+02
-2.885039972227907583e+02
-2.887827450461944068e+02
-2.890616274653602318e+02
-2.893406444802881765e+02
-2.896197960909782978e+02
-2.898990822974305388e+02
-2.901785030996448995e+02
-2.904580584976214936e+02
-2.907377484913601506e+02
-2.910175730808609842e+02
-2.519000099603096317e+02
-2.521422215083483707e+02
-2.523845494482891354e+02
-2.526269937801318690e+02
-2.528695545038765999e+02
-2.531122316195232997e+02
-2.533550251270719968e+02
-2.535979350265226913e+02
-2.538409613178753830e+02
-2.540841040011300436e+02
-2.543273630762867299e+02
-2.545707385433453567e+02
-2.548142304023060092e+02
-2.550578386531686306e+02
-2.553015632959332493e+02
-2.555454043305998368e+02
-2.557893617571684501e+02
-2.560334355756390323e+02
-2.562776257860115834e+02
-2.565219323882861318e+02
-2.567663553824627343e+02
-2.570108947685412204e+02
-2.572555505465217607e+02
-2.575003227164042983e+02
-2.577452112781887763e+02
-2.579902162318752517e+02
-2.582353375774637243e+02
-2.584805753149541943e+02
-2.587259294443466615e+02
-2.589713999656411261e+02
-2.592169868788375311e+02
-2.594626901839359903e+02
-2.597085098809363899e+02
-1.543187479248362592e+02
-1.544648139427490321e+02
-1.546109490552776435e+02
-1.547571532624221220e+02
-1.549034265641824391e+02
-1.550497689605586231e+02
-1.551961804515506458e+02
-1.553426610371585355e+02
-1.554892107173822922e+02
-1.556358294922218590e+02
-1.557825173616772929e+02
-1.559292743257485938e+02
-1.560761003844357333e+02
-1.562229955377387398e+02
-1.563699597856575849e+02
-1.565169931281922970e+02
-1.566640955653428477e+02
-1.568112670971092655e+02
-1.569585077234915218e+02
-1.571058174444896451e+02
-1.572531962601036071e+02
-1.574006441703334360e+02
-1.575481611751790751e+02
-1.576957472746406097e+02
-1.578434024687180113e+02
-1.579911267574112230e+02
-1.581389201407203302e+02
-1.582867826186452476e+02
-1.584347141911860319e+02
-1.585827148583426833e+02
-1.587307846201151733e+02
-1.588789234765035303e+02
-1.590271314275077259e+02
-3.837862775200134280e+01
-3.841439534543285106e+01
-3.845017959819990239e+01
-3.848598051030251099e+01
-3.852179808174066977e+01
-3.855763231251437873e+01
-3.859348320262364496e+01
-3.862935075206846136e+01
-3.866523496084883504e+01
-3.870113582896475890e+01
-3.873705335641623293e+01
-3.877298754320325713e+01
-3.880893838932583861e+01
-3.884490589478397027e+01
-3.888089005957765920e+01
-3.891689088370689831e+01
-3.895290836717168759e+01
-3.898894250997203414e+01
-3.902499331210793088e+01
-3.906106077357937778e+01
-3.909714489438638196e+01
-3.913324567452893632e+01
-3.916936311400704085e+01
-3.920549721282070266e+01
-3.924164797096991464e+01
-3.927781538845467679e+01
-3.931399946527499623e+01
-3.935020020143086583e+01
-3.938641759692228561e+01
-3.942265165174926977e+01
-3.945890236591179701e+01
-3.949516973940987441e+01
-3.953145377224350909e+01
4.488136260267512512e+01
4.492255706123655301e+01
4.496377041633860472e+01
4.500500266798128024e+01
4.504625381616457958e+01
4.508752386088850272e+01
4.512881280215305679e+01
4.517012063995822757e+01
4.521144737430402927e+01
4.525279300519045478e+01
4.529415753261750410e+01
4.533554095658517724e+01
4.537694327709347419e+01
4.541836449414239496e+01
4.545980460773193954e+01
4.550126361786210794e+01
4.554274152453290725e+01
4.558423832774432327e+01
4.562575402749637021e+01
4.566728862378903386e+01
4.570884211662232843e+01
4.575041450599624682e+01
4.579200579191078901e+01
4.583361597436595503e+01
4.587524505336174485e+01
4.591689302889815849e+01
4.595855990097520305e+01
4.600024566959286432e+01
4.604195033475115650e+01
4.608367389645007250e+01
4.612541635468961232e+01
4.616717770946976884e+01
4.620895796079056339e+01
6.705913849070978472e+01
6.711977062316069009e+01
6.718043015377358529e+01
6.724111708254844189e+01
6.730183140948528830e+01
6.736257313458409612e+01
6.742334225784487955e+01
6.748413877926765281e+01
6.754496269885238746e+01
6.760581401659909773e+01
6.766669273250778360e+01
6.772759884657845930e+01
6.778853235881109640e+01
6.784949326920570911e+01
6.791048157776229743e+01
6.797149728448086137e+01
6.803254038936140091e+01
6.809361089240391607e+01
6.815470879360840684e+01
6.821583409297487322e+01
6.827698679050331521e+01
6.833816688619373281e+01
6.839937438004611181e+01
6.846060927206048063e+01
6.852187156223682507e+01
6.858316125057514512e+01
6.864447833707542657e+01
6.870582282173769784e+01
6.876719470456193051e+01
6.882859398554815300e+01
6.889002066469633689e+01
6.895147474200651061e+01
6.901295621747864573e+01
5.339517804359926600e+01
5.344274613094322746e+01
5.349033539731094322e+01
5.353794584270240620e+01
5.358557746711761638e+01
5.363323027055658798e+01
5.368090425301930679e+01
5.372859941450577281e+01
5.377631575501599315e+01
5.382405327454995358e+01
5.387181197310767544e+01
5.391959185068915161e+01
5.396739290729436789e+01
5.401521514292334558e+01
5.406305855757606338e+01
5.411092315125253549e+01
5.415880892395276192e+01
5.420671587567673555e+01
5.425464400642446350e+01
5.430259331619593155e+01
5.435056380499116102e+01
5.439855547281013770e+01
5.444656831965286869e+01
5.449460234551933979e+01
5.454265755040957231e+01
5.459073393432355203e+01
5.463883149726127897e+01
5.468695023922276022e+01
5.473509016020799578e+01
5.478325126021697855e+01
5.483143353924970853e+01
5.487963699730619282e+01
5.492786163438642433e+01
1.143539589669624235e+01
1.144543575261959312e+01
1.145548001392070603e+01
1.146552868059958463e+01
1.147558175265622538e+01
1.148563923009063181e+01
1.149570111290279861e+01
1.150576740109273288e+01
1.151583809466042752e+01
1.152591319360588784e+01
1.153599269792911031e+01
1.154607660763009847e+01
1.155616492270884876e+01
1.156625764316536298e+01
1.157635476899964111e+01
1.158645630021168138e+01
1.159656223680148734e+01
1.160667257876905722e+01
1.161678732611438924e+01
1.162690647883748518e+01
1.163703003693834503e+01
1.164715800041696880e+01
1.165729036927335471e+01
1.166742714350750632e+01
1.167756832311942006e+01
1.168771390810909949e+01
1.169786389847653929e+01
1.170801829422174478e+01
1.171817709534471419e+01
1.172834030184544751e+01
1.173850791372394298e+01
1.174867993098020413e+01
1.175885635361422743e+01
-3.201134820494101518e+01
-3.203905166509241553e+01
-3.206676710770927485e+01
-3.209449453279160025e+01
-3.212223394033939172e+01
-3.214998533035264217e+01
-3.217774870283135868e+01
-3.220552405777553417e+01
-3.223331139518518285e+01
-3.226111071506028338e+01
-3.228892201740085000e+01
-3.231674530220688979e+01
-3.234458056947838145e+01
-3.237242781921534629e+01
-3.240028705141777010e+01
-3.242815826608565288e+01
-3.245604146321900174e+01
-3.248393664281780957e+01
-3.251184380488209058e+01
-3.253976294941183056e+01
-3.256769407640703662e+01
-3.259563718586770165e+01
-3.262359227779383275e+01
-3.265155935218542282e+01
-3.267953840904247897e+01
-3.270752944836500120e+01
-3.273553247015298950e+01
-3.276354747440642967e+01
-3.279157446112534302e+01
-3.281961343030971534e+01
-3.284766438195955374e+01
-3.287572731607485821e+01
-3.290380223265562165e+01
-5.555892394546204116e+01
-5.560632917067147218e+01
-5.565375461132876467e+01
-5.570120026743390440e+01
-5.574866613898689849e+01
-5.579615222598773983e+01
-5.584365852843642841e+01
-5.589118504633297135e+01
-5.593873177967736154e+01
-5.598629872846960609e+01
-5.603388589270969788e+01
-5.608149327239764403e+01
-5.612912086753343033e+01
-5.617676867811707808e+01
-5.622443670414857309e+01
-5.627212494562792244e+01
-5.631983340255511905e+01
-5.636756207493016291e+01
-5.641531096275306112e+01
-5.646308006602380658e+01
-5.651086938474240640e+01
-5.655867891890885346e+01
-5.660650866852315488e+01
-5.665435863358530355e+01
-5.670222881409530657e+01
-5.675011921005315685e+01
-5.679802982145885437e+01
-5.684596064831240625e+01
-5.689391169061381248e+01
-5.694188294836305886e+01
-5.698987442156015959e+01
-5.703788611020512178e+01
-5.708591801429792412e+01
-6.073943585672925849e+01
-6.079054181874585794e+01
-6.084166927191553498e+01
-6.089281821623828961e+01
-6.094398865171412183e+01
-6.099518057834303164e+01
-6.104639399612501194e+01
-6.109762890506006983e+01
-6.114888530514821241e+01
-6.120016319638942548e+01
-6.125146257878371614e+01
-6.130278345233108439e+01
-6.135412581703152313e+01
-6.140548967288504656e+01
-6.145687501989164758e+01
-6.150828185805132620e+01
-6.155971018736406819e+01
-6.161116000782990909e+01
-6.166263131944880627e+01
-6.171412412222079524e+01
-6.176563841614584760e+01
-6.181717420122398465e+01
-6.186873147745519930e+01
-6.192031024483949153e+01
-6.197191050337685425e+01
-6.202353225306729456e+01
-6.207517549391081957e+01
-6.212684022590741506e+01
-6.217852644905708814e+01
-6.223023416335983882e+01
-6.228196336881565998e+01
-6.233371406542456583e+01
-6.238548625318654928e+01
-5.024285949916693994e+01
-5.028455481825338325e+01
-5.032626743112626144e+01
-5.036799733778556742e+01
-5.040974453823131540e+01
-5.045150903246348406e+01
-5.049329082048208761e+01
-5.053508990228711895e+01
-5.057690627787858517e+01
-5.061873994725648629e+01
-5.066059091042081519e+01
-5.070245916737157188e+01
-5.074434471810877056e+01
-5.078624756263238993e+01
-5.082816770094245129e+01
-5.087010513303894044e+01
-5.091205985892185026e+01
-5.095403187859120209e+01
-5.099602119204698880e+01
-5.103802779928919620e+01
-5.108005170031784559e+01
-5.112209289513292276e+01
-5.116415138373442772e+01
-5.120622716612236758e+01
-5.124832024229673522e+01
-5.129043061225754485e+01
-5.133255827600477517e+01
-5.137470323353844748e+01
-5.141686548485854047e+01
-5.145904502996506835e+01
-5.150124186885803113e+01
-5.154345600153742168e+01
-5.158568742800324003e+01
-3.112895554441320201e+01
-3.115443974870662203e+01
-3.117993438025220954e+01
-3.120543943904996098e+01
-3.123095492509987992e+01
-3.125648083840196279e+01
-3.128201717895621314e+01
-3.130756394676262744e+01
-3.133312114182121277e+01
-3.135868876413195849e+01
-3.138426681369487525e+01
-3.140985529050995240e+01
-3.143545419457719703e+01
-3.146106352589660915e+01
-3.148668328446818521e+01
-3.151231347029192875e+01
-3.153795408336783623e+01
-3.156360512369591120e+01
-3.158926659127615366e+01
-3.161493848610856006e+01
-3.164062080819313394e+01
-3.166631355752987176e+01
-3.169201673411877351e+01
-3.171773033795984276e+01
-3.174345436905307949e+01
-3.176918882739848016e+01
-3.179493371299604831e+01
-3.182068902584578396e+01
-3.184645476594768354e+01
-3.187223093330174706e+01
-3.189801752790797806e+01
-3.192381454976637656e+01
-3.194962199887693544e+01
-1.719200178234274645e+01
-1.720588869816047151e+01
-1.721978122032289349e+01
-1.723367934883001595e+01
-1.724758308368183535e+01
-1.726149242487835167e+01
-1.727540737241956847e+01
-1.728932792630548221e+01
-1.730325408653609642e+01
-1.731718585311140401e+01
-1.733112322603141564e+01
-1.734506620529612420e+01
-1.735901479090552613e+01
-1.737296898285963209e+01
-1.738692878115843499e+01
-1.740089418580193481e+01
-1.741486519679013512e+01
-1.742884181412303235e+01
-1.744282403780062651e+01
-1.745681186782292116e+01
-1.747080530418991628e+01
-1.748480434690160479e+01
-1.749880899595799377e+01
-1.751281925135907969e+01
-1.752683511310486608e+01
-1.754085658119534941e+01
-1.755488365563053321e+01
-1.756891633641041395e+01
-1.758295462353499161e+01
-1.759699851700426976e+01
-1.761104801681824483e+01
-1.762510312297691684e+01
-1.763916383548028932e+01
