0.000000000000000000e+00
0.000000000000000000e+00
0.000000000000000000e+00
0.000000000000000000e+00
0.000000000000000000e+00
0.000000000000000000e+00
0.000000000000000000e+00
0.000000000000000000e+00
0.000000000000000000e+00
0.000000000000000000e+00
0.000000000000000000e+00
0.000000000000000000e+00
0.000000000000000000e+00
0.000000000000000000e+00
0.000000000000000000e+00
0.000000000000000000e+00
0.000000000000000000e+00
0.000000000000000000e+00
0.000000000000000000e+00
0.000000000000000000e+00
0.000000000000000000e+00
0.000000000000000000e+00
0.000000000000000000e+00
0.000000000000000000e+00
0.000000000000000000e+00
0.000000000000000000e+00
0.000000000000000000e+00
0.000000000000000000e+00
2.954892151197744884e-02
3.151884961277594266e-02
3.355232378134213184e-02
3.564934401767601985e-02
3.780991032177759281e-02
4.264668062472497939e-02
4.508363380328068992e-02
4.758828012568516730e-02
5.016061959193842540e-02
5.280065220204044341e-02
5.446377653505645594e-02
5.718696536180928325e-02
5.997657342823899118e-02
6.283260073434561443e-02
6.575504728012913913e-02
6.640345013218262871e-02
6.935471458250186405e-02
7.237013695565411298e-02
7.544971725163938936e-02
7.859345547045769320e-02
7.549730102249317676e-02
7.851719306339290105e-02
8.159629867372204803e-02
8.473461785348058994e-02
8.793215060266852678e-02
8.394468069303817614e-02
8.699721453642139668e-02
9.010425791272215490e-02
9.326581082194047856e-02
9.648187326407635378e-02
9.354471360430841043e-02
9.666287072445202411e-02
9.983214517443406155e-02
1.030525369542545228e-01
1.063240460639133939e-01
9.924499168490495682e-02
1.022986837367481916e-01
1.053986438499829870e-01
1.085448720246093429e-01
1.117373682606272595e-01
1.089595978853055980e-01
1.120727292534571817e-01
1.152297075422869521e-01
1.184305327517949230e-01
1.216752048819810805e-01
1.149368353441556218e-01
1.180018176199997826e-01
1.211071286099997812e-01
1.242527683141556039e-01
1.274387367324673059e-01
1.200105269878519593e-01
1.230107901625482475e-01
1.260480936233519256e-01
1.291224373702629380e-01
1.322338214032813264e-01
1.232977109060522242e-01
1.261988335156064012e-01
1.291336901089925882e-01
1.321022806862108268e-01
1.351046052472610615e-01
1.293230163748075590e-01
1.321968611831366158e-01
1.351022867036451025e-01
1.380392929363330468e-01
1.410078798812003931e-01
1.348283366407254935e-01
1.376668279384249682e-01
1.405348868538088269e-01
1.434325133868770419e-01
1.463597075376296408e-01
1.286511194070860120e-01
1.312241417952277334e-01
1.338226396525589723e-01
1.364466129790797289e-01
1.390960617747900308e-01
1.417709860396898225e-01
1.444713857737791596e-01
1.471972609770580143e-01
1.499486116495263865e-01
1.351430886002890075e-01
1.376227782993768856e-01
1.401250106320928446e-01
1.426497855984368290e-01
1.451971031984089222e-01
1.477669634320090963e-01
1.503593662992372959e-01
1.529743118000936042e-01
1.556117999345779934e-01
1.409992568472446806e-01
1.433890747599098348e-01
1.457989751760427888e-01
1.482289580956434871e-01
1.506790235187119853e-01
1.531491714452482278e-01
1.556394018752522701e-01
1.581497148087240845e-01
1.606801102456636710e-01
1.475278295491890268e-01
1.498511024554755044e-01
1.521925259313422762e-01
1.545520999767894532e-01
1.569298245918169799e-01
1.593256997764248839e-01
1.617397255306131376e-01
1.641719018543817410e-01
1.666222287477307495e-01
1.597905879093020620e-01
1.621404494962035425e-01
1.645074633574619971e-01
1.668916294930773980e-01
1.692929479030497175e-01
1.717114185873790111e-01
1.741470415460652510e-01
1.765998167791084095e-01
1.790697442865085420e-01
1.649856400359204778e-01
1.672613040364159254e-01
1.695525547766408014e-01
1.718593922565951060e-01
1.741818164762788113e-01
1.765198274356919450e-01
1.788734251348345350e-01
1.812426095737064979e-01
1.836273807523078894e-01
1.684178491124628529e-01
1.706050939061312111e-01
1.728064499565329093e-01
1.750219172636679477e-01
1.772514958275363262e-01
1.794951856481380448e-01
1.817529867254731313e-01
1.840248990595415302e-01
1.863109226503432692e-01
1.778866222978141287e-01
1.800692802401186177e-01
1.822652470723151452e-01
1.844745227944038501e-01
1.866971074063846214e-01
1.889330009082574868e-01
1.911822033000224463e-01
1.934447145816795277e-01
1.957205347532286754e-01
1.923100764043061683e-01
1.945462400834259975e-01
1.967953295641592382e-01
1.990573448465059181e-01
2.013322859304659818e-01
2.036201528160394569e-01
2.059209455032263436e-01
2.082346639920266418e-01
2.105613082824403515e-01
2.016282310619459117e-01
2.038561673167740285e-01
2.060963449795957247e-01
2.083487640504109728e-01
2.106134245292198004e-01
2.128903264160221798e-01
2.151794697108181109e-01
2.174808544136076216e-01
2.197944805243906841e-01
2.322609806710997649e-01
2.347058330992166097e-01
2.371634858018262237e-01
2.396339387789285513e-01
2.421171920305236758e-01
2.446132455566115416e-01
2.471220993571922042e-01
2.496437534322655527e-01
2.521782077818316981e-01
2.336863475367015885e-01
2.360349540446081418e-01
2.383953035850542024e-01
2.407673961580398259e-01
2.431512317635649567e-01
2.455468104016296504e-01
2.479541320722338515e-01
2.503731967753776155e-01
2.528040045110608869e-01
2.576520970936710397e-01
2.601295211041870781e-01
2.626187988181027944e-01
2.651199302354180221e-01
2.676329153561329277e-01
2.701577541802473448e-01
2.726944467077614398e-01
2.752429929386750462e-01
2.778033928729883306e-01
2.866886274967729298e-01
2.893309189944390236e-01
2.919853310953054448e-01
2.946518637993721934e-01
2.973305171066391583e-01
3.000212910171065062e-01
3.027241855307741258e-01
3.054392006476420729e-01
3.081663363677102918e-01
3.238043999584345189e-01
3.266699256217834302e-01
3.295480747462044557e-01
3.324388473316974846e-01
3.353422433782625167e-01
3.382582628858996077e-01
3.411869058546087019e-01
3.441281722843897994e-01
3.470820621752429003e-01
3.446745692814723316e-01
3.476079698711018739e-01
3.505538001242468060e-01
3.535120600409071279e-01
3.564827496210828395e-01
3.594658688647738853e-01
3.624614177719803210e-01
3.654693963427021464e-01
3.684898045769393615e-01
3.775704935851154631e-01
3.806653336964688217e-01
3.837728058082767735e-01
3.868929099205392075e-01
3.900256460332561237e-01
3.931710141464275221e-01
3.963290142600534582e-01
3.994996463741338766e-01
4.026829104886688326e-01
4.348409741289561148e-01
4.382784521853114734e-01
4.417294636198415003e-01
4.451940084325461955e-01
4.486720866234253924e-01
4.521636981924793131e-01
4.556688431397077910e-01
4.591875214651109927e-01
4.627197331686887516e-01
4.744873218664545922e-01
4.781093624913893558e-01
4.817451751339094090e-01
4.853947597940148073e-01
4.890581164717054952e-01
4.927352451669814726e-01
4.964261458798427396e-01
5.001308186102892961e-01
5.038492633583211422e-01
5.606580545330519527e-01
5.647957523524840262e-01
5.689486622962522944e-01
5.731167843643566462e-01
5.773001185567973037e-01
5.814986648735740449e-01
5.857124233146868697e-01
5.899413938801358892e-01
5.941855765699209924e-01
6.268013270488115296e-01
6.312784793848743581e-01
6.357715646474001447e-01
6.402805828363888896e-01
6.448055339518403706e-01
6.493464179937546987e-01
6.539032349621318740e-01
6.584759848569720075e-01
6.630646676782749882e-01
6.966471390755041293e-01
7.014682265431546604e-01
7.063059384503488358e-01
7.111602747970866556e-01
7.160312355833680087e-01
7.209188208091930061e-01
7.258230304745616479e-01
7.307438645794739340e-01
7.356813231239298645e-01
8.194186970292832717e-01
8.249181513717618319e-01
8.304359985381281062e-01
8.359722385283822055e-01
8.415268713425242408e-01
8.470998969805543233e-01
8.526913154424721197e-01
8.583011267282779633e-01
8.639293308379715208e-01
9.545525964909130634e-01
9.607711801814076136e-01
9.670099540786893932e-01
9.732689181827586244e-01
9.795480724936151962e-01
9.858474170112588864e-01
9.921669517356900281e-01
9.985066766669086213e-01
1.004866591804914222e+00
1.073743141704793125e+00
1.080538984373810685e+00
1.087356265032320524e+00
1.094194983680322641e+00
1.101055140317816816e+00
1.107936734944803048e+00
1.114839767561281558e+00
1.121764238167252348e+00
1.128710146762715194e+00
1.180557484117465750e+00
1.187822453250496180e+00
1.195109707564916635e+00
1.202419247060726448e+00
1.209751071737925843e+00
1.217105181596515262e+00
1.224481576636494040e+00
1.231880256857862621e+00
1.239301222260620783e+00
1.441388552508966692e+00
1.450019621685667115e+00
1.458676455247969628e+00
1.467359053195874230e+00
1.476067415529380700e+00
1.484801542248489703e+00
1.493561433353200574e+00
1.502347088843513534e+00
1.511158508719428362e+00
1.580484997560988480e+00
1.589700653523443252e+00
1.598943099183463223e+00
1.608212334541048616e+00
1.617508359596198986e+00
1.626831174348914999e+00
1.636180778799195989e+00
1.645557172947042401e+00
1.654960356792454235e+00
1.776635855020020305e+00
1.786730376923543195e+00
1.796853495206395923e+00
1.807005209868579154e+00
1.817185520910092222e+00
1.827394428330935572e+00
1.837631932131108758e+00
1.847898032310612226e+00
1.858192728869445531e+00
1.890713614358051409e+00
1.901188482027625026e+00
1.911692285795733692e+00
1.922225025662376963e+00
1.932786701627554615e+00
1.943377313691267316e+00
1.953996861853514622e+00
1.964645346114296753e+00
1.975322766473613489e+00
1.814054449883788278e+00
1.823860149612889892e+00
1.833692279799482128e+00
1.843550840443565653e+00
1.853435831545139578e+00
1.863347253104204349e+00
1.873285105120760186e+00
1.883249387594806645e+00
1.893240100526344172e+00
1.717857000595303552e+00
1.726922209041716672e+00
1.736011273299830959e+00
1.745124193369646415e+00
1.754260969251163038e+00
1.763421600944380607e+00
1.772606088449299122e+00
1.781814431765918805e+00
1.791046630894239655e+00
1.589574273245770941e+00
1.597767955066625500e+00
1.605982700336890723e+00
1.614218509056567274e+00
1.622475381225654489e+00
1.630753316844152589e+00
1.639052315912062019e+00
1.647372378429382112e+00
1.655713504396113089e+00
1.315110579800193635e+00
1.321735822015811745e+00
1.328377710568654946e+00
1.335036245458723458e+00
1.341711426686017283e+00
1.348403254250535976e+00
1.355111728152279760e+00
1.361836848391248855e+00
1.368578614967443263e+00
7.838665617362049476e-01
7.877279733703734799e-01
7.915988725024146744e-01
7.954792591323285311e-01
7.993691332601149391e-01
8.032684948857741203e-01
8.071773440093058527e-01
8.110956806307101363e-01
8.150235047499871932e-01
3.845858084638407726e-01
3.864392340467990850e-01
3.882971149797163624e-01
3.901594512625927158e-01
3.920262428954280343e-01
3.938974898782224843e-01
3.957731922109758993e-01
3.976533498936883904e-01
3.995379629263599019e-01
-1.686361938312480879e-01
-1.694316475757350893e-01
-1.702289729760914916e-01
-1.710281700323172949e-01
-1.718292387444124436e-01
-1.726321791123769656e-01
-1.734369911362108885e-01
-1.742436748159142124e-01
-1.750522301514869095e-01
-7.696721365800297532e-01
-7.732272041854802991e-01
-7.767904631909433588e-01
-7.803619135964189324e-01
-7.839415554019070198e-01
-7.875293886074077321e-01
-7.911254132129210692e-01
-7.947296292184469202e-01
-7.983420366239852850e-01
-1.406100234782814651e+00
-1.412462679284094635e+00
-1.418839485962577918e+00
-1.425230654818265386e+00
-1.431636185851156151e+00
-1.438056079061251102e+00
-1.444490334448549795e+00
-1.450938952013052230e+00
-1.457401931754758628e+00
-1.690559418280011883e+00
-1.698056355833359898e+00
-1.705569879531737776e+00
-1.713099989375144849e+00
-1.720646685363581563e+00
-1.728209967497047916e+00
-1.735789835775543688e+00
-1.743386290199069100e+00
-1.750999330767623929e+00
-2.134404774785262138e+00
-2.143684795545198085e+00
-2.152984946502010555e+00
-2.162305227655698658e+00
-2.171645639006263284e+00
-2.181006180553703988e+00
-2.190386852298020770e+00
-2.199787654239214518e+00
-2.209208586377283901e+00
-2.706550836665575055e+00
-2.718092631278221205e+00
-2.729658982900681874e+00
-2.741249891532956617e+00
-2.752865357175045435e+00
-2.764505379826948328e+00
-2.776169959488665295e+00
-2.787859096160196781e+00
-2.799572789841541898e+00
-2.806039548399023698e+00
-2.817780299647555164e+00
-2.829545561859027281e+00
-2.841335335033440046e+00
-2.853149619170793017e+00
-2.864988414271087080e+00
-2.876851720334320905e+00
-2.888739537360496268e+00
-2.900651865349611391e+00
-3.054288520805993112e+00
-3.066831800152219234e+00
-3.079400782939728298e+00
-3.091995469168520305e+00
-3.104615858838596143e+00
-3.117261951949955368e+00
-3.129933748502597535e+00
-3.142631248496522645e+00
-3.155354451931731141e+00
-3.394629305924105722e+00
-3.408317327318961087e+00
-3.422032890004349071e+00
-3.435775993980270115e+00
-3.449546639246724222e+00
-3.463344825803710947e+00
-3.477170553651230733e+00
-3.491023822789283582e+00
-3.504904633217869048e+00
-3.385257498360082717e+00
-3.398664458749627748e+00
-3.412097915108321722e+00
-3.425557867436165083e+00
-3.439044315733158275e+00
-3.452557259999299966e+00
-3.466096700234591488e+00
-3.479662636439031953e+00
-3.493255068612622249e+00
-3.574981395085463198e+00
-3.588891828529375605e+00
-3.602829272523664361e+00
-3.616793727068329467e+00
-3.630785192163371367e+00
-3.644803667808790060e+00
-3.658849154004584658e+00
-3.672921650750756051e+00
-3.687021158047304237e+00
-3.877730339107780200e+00
-3.892559135815648830e+00
-3.907416231753876534e+00
-3.922301626922462869e+00
-3.937215321321407835e+00
-3.952157314950711431e+00
-3.967127607810372769e+00
-3.982126199900393182e+00
-3.997153091220771781e+00
-4.089586148825850920e+00
-4.104960532843993093e+00
-4.120363761860294183e+00
-4.135795835874751525e+00
-4.151256754887367784e+00
-4.166746518898141183e+00
-4.182265127907073499e+00
-4.197812581914162067e+00
-4.213388880919409551e+00
-4.291333884714651603e+00
-4.307198335305093551e+00
-4.323092056099577363e+00
-4.339015047098102151e+00
-4.354967308300668805e+00
-4.370948839707277322e+00
-4.386959641317926817e+00
-4.402999713132617288e+00
-4.419069055151349623e+00
-4.429781766555207945e+00
-4.445890063888136012e+00
-4.462027595880470265e+00
-4.478194362532211592e+00
-4.494390363843358216e+00
-4.510615599813911913e+00
-4.526870070443872685e+00
-4.543153775733238753e+00
-4.559466715682011007e+00
-4.406874714790510517e+00
-4.422641708403356908e+00
-4.438436857361939936e+00
-4.454260161666260487e+00
-4.470111621316318562e+00
-4.485991236312114161e+00
-4.501899006653646396e+00
-4.517834932340915266e+00
-4.533799013373922548e+00
-4.628669704104882321e+00
-4.644967836865815158e+00
-4.661294613093813766e+00
-4.677650032788880807e+00
-4.694034095951012731e+00
-4.710446802580212200e+00
-4.726888152676478327e+00
-4.743358146239811113e+00
-4.759856783270210556e+00
-4.604319285448379873e+00
-4.620278797702966678e+00
-4.636265921570450921e+00
-4.652280657050832602e+00
-4.668323004144111721e+00
-4.684392962850287390e+00
-4.700490533169360496e+00
-4.716615715101331041e+00
-4.732768508646199024e+00
-4.070215754973659728e+00
-4.084107276321693014e+00
-4.098022462953112566e+00
-4.111961314867919270e+00
-4.125923832066112240e+00
-4.139910014547692363e+00
-4.153919862312659639e+00
-4.167953375361013180e+00
-4.182010553692752985e+00
-4.124905911558709448e+00
-4.138771141513529095e+00
-4.152659635276997108e+00
-4.166571392849114375e+00
-4.180506414229880896e+00
-4.194464699419295783e+00
-4.208446248417359925e+00
-4.222451061224074209e+00
-4.236479137839435971e+00
-3.035014968041797712e+00
-3.045064686479022065e+00
-3.055131016021101598e+00
-3.065213956668035866e+00
-3.075313508419825315e+00
-3.085429671276469055e+00
-3.095562445237968419e+00
-3.105711830304322518e+00
-3.115877826475531354e+00
-2.666053215451659408e+00
-2.674751594621159079e+00
-2.683464140531977016e+00
-2.692190853184113664e+00
-2.700931732577568578e+00
-2.709686778712341759e+00
-2.718455991588433651e+00
-2.727239371205843810e+00
-2.736036917564572235e+00
-1.157736178501428848e+00
-1.161458802869600682e+00
-1.165187402557785523e+00
-1.168921977565983594e+00
-1.172662527894194673e+00
-1.176409053542418981e+00
-1.180161554510656519e+00
-1.183920030798906842e+00
-1.187684482407170616e+00
-2.142838743299085302e-01
-2.149630625211285118e-01
-2.156433253772080394e-01
-2.163246628981470576e-01
-2.170070750839456497e-01
-2.176905619346037324e-01
-2.183751234501213612e-01
-2.190607596304985083e-01
-2.197474704757351738e-01
1.355303549304805788e+00
1.359538872896383532e+00
1.363780803857058466e+00
1.368029342186831254e+00
1.372284487885701676e+00
1.376546240953669731e+00
1.380814601390735197e+00
1.385089569196898518e+00
1.389371144372159472e+00
2.803415676143078628e+00
2.812054861585738585e+00
2.820707338082925286e+00
2.829373105634639174e+00
2.838052164240880693e+00
2.846744513901648954e+00
2.855450154616944403e+00
2.864169086386767038e+00
2.872901309211116860e+00
4.267502447025646184e+00
4.280473579083475144e+00
4.293464394194502098e+00
4.306474892358727935e+00
4.319505073576151766e+00
4.332554937846774479e+00
4.345624485170596074e+00
4.358713715547616552e+00
4.371822628977834135e+00
5.633566720416594897e+00
5.650458974450828009e+00
5.667376516290500987e+00
5.684319345935613832e+00
5.701287463386168319e+00
5.718280868642162673e+00
5.735299561703598670e+00
5.752343542570473645e+00
5.769412811242789374e+00
6.445171179013756024e+00
6.464239732797820714e+00
6.483336452835628094e+00
6.502461339127179052e+00
6.521614391672471811e+00
6.540795610471509036e+00
6.560004995524288951e+00
6.579242546830811555e+00
6.598508264391076850e+00
6.920669913439458476e+00
6.940876248953149918e+00
6.961112039766424786e+00
6.981377285879281303e+00
7.001671987291722132e+00
7.021996144003743723e+00
7.042349756015349627e+00
7.062732823326537179e+00
7.083145345937307269e+00
6.752117982637829918e+00
6.771576535901916216e+00
6.791063087084367567e+00
6.810577636185184858e+00
6.830120183204368089e+00
6.849690728141916374e+00
6.869289270997829711e+00
6.888915811772108988e+00
6.908570350464754206e+00
6.327214951568747914e+00
6.345215563095258915e+00
6.363241743672234385e+00
6.381293493299673436e+00
6.399370811977576068e+00
6.417473699705942281e+00
6.435602156484772074e+00
6.453756182314067225e+00
6.471935777193825068e+00
5.065455857179452792e+00
5.079684665767035590e+00
5.093933430607896717e+00
5.108202151702036176e+00
5.122490829049454852e+00
5.136799462650151860e+00
5.151128052504127197e+00
5.165476598611380865e+00
5.179845100971912863e+00
3.680658605993925470e+00
3.690868477300427219e+00
3.701092489702921373e+00
3.711330643201408375e+00
3.721582937795887336e+00
3.731849373486358257e+00
3.742129950272822025e+00
3.752424668155278642e+00
3.762733527133726774e+00
2.548142016406470756e+00
2.555123227410324382e+00
2.562113988634429074e+00
2.569114300078785273e+00
2.576124161743393426e+00
2.583143573628253087e+00
2.590172535733363812e+00
2.597211048058726046e+00
2.604259110604339789e+00
6.302763201991424813e-01
6.319820747869615563e-01
6.336901344485479370e-01
6.354004991839017347e-01
6.371131689930227271e-01
6.388281438759110253e-01
6.405454238325667404e-01
6.422650088629897613e-01
6.439868989671800881e-01
-1.995319824280046950e+00
-2.000654904024111058e+00
-2.005997106705083688e+00
-2.011346432322963729e+00
-2.016702880877752069e+00
-2.022066452369447820e+00
-2.027437146798052314e+00
-2.032814964163564220e+00
-2.038199904465984424e+00
-3.666572436625529008e+00
-3.676259550064433945e+00
-3.685959443336372043e+00
-3.695672116441342414e+00
-3.705397569379345946e+00
-3.715135802150382638e+00
-3.724886814754451603e+00
-3.734650607191553728e+00
-3.744427179461689015e+00
-5.814638316556376196e+00
-5.829820139837202930e+00
-5.845021756890233178e+00
-5.860243167715467827e+00
-5.875484372312907766e+00
-5.890745370682551219e+00
-5.906026162824399961e+00
-5.921326748738452217e+00
-5.936647128424709763e+00
-7.777817856538695729e+00
-7.797889644555570321e+00
-7.817987298278651132e+00
-7.838110817707939937e+00
-7.858260202843435849e+00
-7.878435453685138867e+00
-7.898636570233049881e+00
-7.918863552487168000e+00
-7.939116400447493227e+00
-9.751715621599101880e+00
-9.776592447164404120e+00
-9.801500962953358709e+00
-9.826441168965963868e+00
-9.851413065202216046e+00
-9.876416651662120572e+00
-9.901451928345673892e+00
-9.926518895252879560e+00
-9.951617552383734022e+00
-1.139104773758642253e+01
-1.141977673566356266e+01
-1.144854191635793050e+01
-1.147734327966952250e+01
-1.150618082559834043e+01
-1.153505455414438252e+01
-1.156396446530765232e+01
-1.159291055908814805e+01
-1.162189283548586793e+01
-1.315425110746503812e+01
-1.318705472618689711e+01
-1.321989919623966436e+01
-1.325278451762334697e+01
-1.328571069033793783e+01
-1.331867771438344228e+01
-1.335168558975985675e+01
-1.338473431646718304e+01
-1.341782389450542112e+01
-1.489929447472871082e+01
-1.493603749439512107e+01
-1.497282576408574961e+01
-1.500965928380059644e+01
-1.504653805353966511e+01
-1.508346207330295030e+01
-1.512043134309045733e+01
-1.515744586290218621e+01
-1.519450563273813160e+01
-1.626321763816716270e+01
-1.630288402265049896e+01
-1.634259872185305795e+01
-1.638236173577483967e+01
-1.642217306441584768e+01
-1.646203270777608196e+01
-1.650194066585553898e+01
-1.654189693865422228e+01
-1.658190152617212831e+01
-1.808660946921281720e+01
-1.813024423270911001e+01
-1.817393156820961408e+01
-1.821767147571432943e+01
-1.826146395522325605e+01
-1.830530900673639749e+01
-1.834920663025375021e+01
-1.839315682577531774e+01
-1.843715959330109655e+01
-1.927478241293339423e+01
-1.932078428026736461e+01
-1.936684097700220875e+01
-1.941295250313792664e+01
-1.945911885867452185e+01
-1.950534004361199081e+01
-1.955161605795033353e+01
-1.959794690168955356e+01
-1.964433257482964734e+01
-2.123201478867497727e+01
-2.128214941627515344e+01
-2.133234316489844318e+01
-2.138259603454484648e+01
-2.143290802521436689e+01
-2.148327913690699731e+01
-2.153370936962273774e+01
-2.158419872336159884e+01
-2.163474719812356994e+01
-2.081608386950742329e+01
-2.086471957948290523e+01
-2.091341204057854952e+01
-2.096216125279434905e+01
-2.101096721613030738e+01
-2.105982993058642450e+01
-2.110874939616270396e+01
-2.115772561285913511e+01
-2.120675858067572506e+01
-2.324112263044190385e+01
-2.329485933016546895e+01
-2.334865808150534505e+01
-2.340251888446152506e+01
-2.345644173903401963e+01
-2.351042664522281811e+01
-2.356447360302793115e+01
-2.361858261244934809e+01
-2.367275367348707604e+01
-2.181323342601140070e+01
-2.186314929197481405e+01
-2.191312220464218541e+01
-2.196315216401351478e+01
-2.201323917008880215e+01
-2.206338322286804754e+01
-2.211358432235125093e+01
-2.216384246853841589e+01
-2.221415766142953530e+01
-2.101408241665959409e+01
-2.106167943232586737e+01
-2.110933029077004619e+01
-2.115703499199212345e+01
-2.120479353599210626e+01
-2.125260592276999105e+01
-2.130047215232578139e+01
-2.134839222465947017e+01
-2.139636613977106805e+01
-1.824608793144878760e+01
-1.828699844250584761e+01
-1.832795476600530193e+01
-1.836895690194714703e+01
-1.841000485033138645e+01
-1.845109861115802019e+01
-1.849223818442704470e+01
-1.853342357013846353e+01
-1.857465476829227669e+01
-1.509662312624061009e+01
-1.513013394339097673e+01
-1.516368191222333017e+01
-1.519726703273766688e+01
-1.523088930493399040e+01
-1.526454872881229718e+01
-1.529824530437258900e+01
-1.533197903161486586e+01
-1.536574991053912775e+01
-1.031229241068810332e+01
-1.033495678961269171e+01
-1.035764604710909786e+01
-1.038036018317732001e+01
-1.040309919781735815e+01
-1.042586309102921227e+01
-1.044865186281288061e+01
-1.047146551316836849e+01
-1.049430404209567236e+01
-2.937803676355482452e+00
-2.944197155520565268e+00
-2.950597584119523109e+00
-2.957004962152355976e+00
-2.963419289619063868e+00
-2.969840566519647229e+00
-2.976268792854105172e+00
-2.982703968622438140e+00
-2.989146093824646577e+00
5.905287208373923846e+00
5.918014120460936667e+00
5.930754732130389506e+00
5.943509043382283252e+00
5.956277054216617017e+00
5.969058764633390801e+00
5.981854174632604604e+00
5.994663284214259313e+00
6.007486093378353154e+00
1.805731001970347194e+01
1.809585283724819504e+01
1.813443674521674254e+01
1.817306174360910731e+01
1.821172783242530002e+01
1.825043501166531001e+01
1.828918328132914439e+01
1.832797264141679960e+01
1.836680309192827210e+01
3.409432537485158576e+01
3.416640640101406490e+01
3.423856354230448318e+01
3.431079679872284061e+01
3.438310617026915139e+01
3.445549165694340132e+01
3.452795325874559751e+01
3.460049097567573284e+01
3.467310480773381443e+01
4.857955653803634277e+01
4.868129382921548398e+01
4.878313754015526627e+01
4.888508767085568962e+01
4.898714422131676827e+01
4.908930719153848798e+01
4.919157658152086299e+01
4.929395239126387906e+01
4.939643462076755043e+01
6.530800846002814808e+01
6.544350225351368522e+01
6.557913645507537126e+01
6.571491106471320620e+01
6.585082608242720426e+01
6.598688150821733700e+01
6.612307734208363286e+01
6.625941358402607761e+01
6.639589023404465706e+01
8.196508780774523473e+01
8.213356691937471510e+01
8.230221900750485986e+01
8.247104407213562638e+01
8.264004211326705729e+01
8.280921313089912417e+01
8.297855712503184122e+01
8.314807409566520846e+01
8.331776404279922588e+01
9.664763286463234238e+01
9.684447122077213521e+01
9.704150981939018550e+01
9.723874866048650745e+01
9.743618774406110106e+01
9.763382707011395212e+01
9.783166663864508905e+01
9.802970644965449765e+01
9.822794650314217790e+01
1.065076968280193768e+02
1.067226467711637099e+02
1.069378133977184717e+02
1.071531967076836622e+02
1.073687967010592814e+02
1.075846133778453293e+02
1.078006467380418059e+02
1.080168967816487253e+02
1.082333635086660450e+02
1.136198243347575669e+02
1.138470639834270912e+02
1.140745306447326470e+02
1.143022243186742344e+02
1.145301450052518391e+02
1.147582927044654895e+02
1.149866674163151714e+02
1.152152691408008849e+02
1.154440978779226441e+02
1.098721890730021329e+02
1.100899733922746861e+02
1.103079733395861268e+02
1.105261889149364407e+02
1.107446201183256562e+02
1.109632669497537307e+02
1.111821294092207069e+02
1.114012074967265562e+02
1.116205012122712930e+02
1.016368109030059088e+02
1.018364902957426636e+02
1.020363656447038920e+02
1.022364369498895798e+02
1.024367042112997552e+02
1.026371674289343758e+02
1.028378266027934984e+02
1.030386817328770803e+02
1.032397328191851358e+02
9.065899427197673788e+01
9.083554538058818650e+01
9.101226823152317991e+01
9.118916282478171809e+01
9.136622916036381525e+01
9.154346723826947141e+01
9.172087705849868655e+01
9.189845862105143226e+01
9.207621192592773696e+01
7.271777979964923588e+01
7.285816161393427137e+01
7.299867880123211705e+01
7.313933136154277292e+01
7.328011929486625320e+01
7.342104260120252945e+01
7.356210128055163011e+01
7.370329533291352675e+01
7.384462475828823358e+01
5.229015197538780058e+01
5.239022882127370906e+01
5.249040134292049942e+01
5.259066954032818586e+01
5.269103341349674707e+01
5.279149296242619727e+01
5.289204818711653644e+01
5.299269908756775749e+01
5.309344566377986041e+01
3.144230959149034987e+01
3.150197241803967074e+01
3.156169179703121586e+01
3.162146772846498521e+01
3.168130021234098237e+01
3.174118924865921088e+01
3.180113483741966007e+01
3.186113697862233707e+01
3.192119567226724541e+01
9.818082044387685059e+00
9.836554447105253729e+00
9.855044211103571428e+00
9.873551336382639931e+00
9.892075822942457464e+00
9.910617670783022248e+00
9.929176879904339614e+00
9.947753450306406009e+00
9.966347381989221432e+00
-1.190059020167195136e+01
-1.192279279533178737e+01
-1.194501608106399893e+01
-1.196726005886858779e+01
-1.198952472874555220e+01
-1.201181009069489214e+01
-1.203411614471661117e+01
-1.205644289081070397e+01
-1.207879032897717586e+01
-3.487760378184960075e+01
-3.494213218847652058e+01
-3.500672023318719539e+01
-3.507136791598163228e+01
-3.513607523685983125e+01
-3.520084219582178520e+01
-3.526566879286749412e+01
-3.533055502799696512e+01
-3.539550090121019110e+01
-5.768885786965376639e+01
-5.779470898501092790e+01
-5.790065712247199770e+01
-5.800670228203696155e+01
-5.811284446370583368e+01
-5.821908366747860697e+01
-5.832541989335527433e+01
-5.843185314133584995e+01
-5.853838341142032675e+01
-7.159961759754104094e+01
-7.172991717460664063e+01
-7.186033520583319500e+01
-7.199087169122071828e+01
-7.212152663076921044e+01
-7.225230002447867150e+01
-7.238319187234911567e+01
-7.251420217438050031e+01
-7.264533093057286806e+01
-9.097361782659433516e+01
-9.113783013314052539e+01
-9.130219051210021064e+01
-9.146669896347336248e+01
-9.163135548725998092e+01
-9.179616008346009437e+01
-9.196111275207368863e+01
-9.212621349310074947e+01
-9.229146230654129113e+01
-1.062556396485298080e+02
-1.064458914652684456e+02
-1.066363134535784098e+02
-1.068269056134596866e+02
-1.070176679449123043e+02
-1.072086004479362202e+02
-1.073997031225314771e+02
-1.075909759686980465e+02
-1.077824189864359568e+02
-1.206705312436467210e+02
-1.208848661126407649e+02
-1.210993911634174083e+02
-1.213141063959766655e+02
-1.215290118103185222e+02
-1.217441074064429785e+02
-1.219593931843500343e+02
-1.221748691440397039e+02
-1.223905352855119730e+02
-1.318060370872188969e+02
-1.320382944212933012e+02
-1.322707562072462792e+02
-1.325034224450778595e+02
-1.327362931347880135e+02
-1.329693682763767413e+02
-1.332026478698440712e+02
-1.334361319151899750e+02
-1.336698204124144809e+02
-1.375557502949588411e+02
-1.377962323758940499e+02
-1.380369244848475887e+02
-1.382778266218194005e+02
-1.385189387868094855e+02
-1.387602609798178719e+02
-1.390017932008445598e+02
-1.392435354498894924e+02
-1.394854877269527265e+02
-1.449832631839998953e+02
-1.452347519319339995e+02
-1.454864586077259219e+02
-1.457383832113756625e+02
-1.459905257428832215e+02
-1.462428862022485987e+02
-1.464954645894718226e+02
-1.467482609045528932e+02
-1.470012751474917820e+02
-1.405518034789276953e+02
-1.407937170821616633e+02
-1.410358386936529200e+02
-1.412781683134014656e+02
-1.415207059414073001e+02
-1.417634515776704518e+02
-1.420064052221908639e+02
-1.422495668749685933e+02
-1.424929365360036115e+02
-1.433510383138406610e+02
-1.435958735628822183e+02
-1.438409177157199110e+02
-1.440861707723537108e+02
-1.443316327327836177e+02
-1.445773035970096316e+02
-1.448231833650317526e+02
-1.450692720368499806e+02
-1.453155696124643441e+02
-1.349311224458216998e+02
-1.351598192635264866e+02
-1.353887097279863099e+02
-1.356177938392011697e+02
-1.358470715971710945e+02
-1.360765430018960274e+02
-1.363062080533760252e+02
-1.365360667516110595e+02
-1.367661190966011304e+02
-1.226955427034336594e+02
-1.229019271318666853e+02
-1.231084849925925084e+02
-1.233152162856111431e+02
-1.235221210109225751e+02
-1.237291991685268044e+02
-1.239364507584238311e+02
-1.241438757806136692e+02
-1.243514742350963047e+02
-1.003029278249966296e+02
-1.004703784557562187e+02
-1.006379687450902622e+02
-1.008056986929987460e+02
-1.009735682994816699e+02
-1.011415775645390482e+02
-1.013097264881708668e+02
-1.014780150703771398e+02
-1.016464433111578387e+02
-7.953043694959680465e+01
-7.966221894951327442e+01
-7.979411004048930067e+01
-7.992611022252485498e+01
-8.005821949561993733e+01
-8.019043785977454775e+01
-8.032276531498870042e+01
-8.045520186126238116e+01
-8.058774749859558995e+01
-5.220234119256097927e+01
-5.228820030636453708e+01
-5.237412996997401393e+01
-5.246013018338940270e+01
-5.254620094661071761e+01
-5.263234225963794444e+01
-5.271855412247109030e+01
-5.280483653511016229e+01
-5.289118949755514620e+01
-1.728924204862846281e+01
-1.731746938258540780e+01
-1.734571974046890830e+01
-1.737399312227896075e+01
-1.740228952801557227e+01
-1.743060895767873930e+01
-1.745895141126846184e+01
-1.748731688878473989e+01
-1.751570539022756989e+01
3.224532371595074665e+01
3.229758518064434725e+01
3.234988896231340760e+01
3.240223506095792771e+01
3.245462347657790758e+01
3.250705420917334720e+01
3.255952725874425369e+01
3.261204262529061282e+01
3.266460030881243881e+01
7.979729820397196249e+01
7.992569289134762300e+01
8.005419078988676063e+01
8.018279189958938957e+01
8.031149622045549563e+01
8.044030375248510722e+01
8.056921449567819593e+01
8.069822845003476175e+01
8.082734561555481889e+01
1.269780153868258878e+02
1.271808556669965498e+02
1.273838578308704541e+02
1.275870218784475867e+02
1.277903478097279901e+02
1.279938356247116360e+02
1.281974853233985243e+02
1.284012969057886551e+02
1.286052703718820567e+02
1.778109552110778111e+02
1.780929710004689071e+02
1.783752102572049978e+02
1.786576729812860833e+02
1.789403591727121636e+02
1.792232688314832387e+02
1.795064019575993370e+02
1.797897585510604301e+02
1.800733386118665180e+02
2.332244125053279049e+02
2.335916950447063414e+02
2.339592665553982442e+02
2.343271270374035851e+02
2.346952764907223923e+02
2.350637149153546090e+02
2.354324423113002638e+02
2.358014586785593281e+02
2.361707640171318587e+02
2.698922503199037806e+02
2.703142866769325678e+02
2.707366527498652999e+02
2.711593485387019200e+02
2.715823740434424849e+02
2.720057292640869946e+02
2.724294142006353923e+02
2.728534288530877348e+02
2.732777732214440221e+02
3.028405453034063157e+02
3.033107945973557094e+02
3.037814087084454968e+02
3.042523876366756213e+02
3.047237313820461395e+02
3.051954399445570516e+02
3.056675133242083575e+02
3.061399515210000004e+02
3.066127545349320371e+02
3.100035203047360710e+02
3.104815519474573193e+02
3.109599518734164576e+02
3.114387200826134290e+02
3.119178565750481766e+02
3.123973613507208142e+02
3.128772344096312850e+02
3.133574757517796456e+02
3.138380853771657826e+02
3.142104705817300214e+02
3.146916504754233301e+02
3.151731985251179253e+02
3.156551147308138070e+02
3.161373990925110320e+02
3.166200516102094866e+02
3.171030722839092846e+02
3.175864611136103690e+02
3.180702180993127399e+02
2.963714661629529132e+02
2.968222212445695618e+02
2.972733188452452282e+02
2.977247589649797987e+02
2.981765416037734440e+02
2.986286667616259933e+02
2.990811344385375605e+02
2.995339446345080887e+02
2.999870973495375779e+02
2.618267913061930585e+02
2.622223000543897342e+02
2.626181072997548540e+02
2.630142130422884179e+02
2.634106172819904259e+02
2.638073200188609349e+02
2.642043212528998311e+02
2.646016209841072282e+02
2.649992192124830126e+02
2.173006654947802474e+02
2.176266980011490091e+02
2.179529749096964792e+02
2.182794962204226010e+02
2.186062619333274313e+02
2.189332720484109416e+02
2.192605265656731319e+02
2.195880254851140023e+02
2.199157688067335812e+02
1.630757359548868806e+02
1.633187698385752356e+02
1.635619846856914990e+02
1.638053804962356992e+02
1.640489572702077794e+02
1.642927150076077965e+02
1.645366537084357219e+02
1.647807733726915558e+02
1.650250740003753265e+02
1.014336113265329118e+02
1.015837721131006788e+02
1.017340439653389979e+02
1.018844268832478548e+02
1.020349208668272354e+02
1.021855259160771823e+02
1.023362420309976386e+02
1.024870692115886470e+02
1.026380074578501933e+02
2.848910613248314405e+01
2.853100187679561373e+01
2.857292840416783619e+01
2.861488571459979724e+01
2.865687380809151108e+01
2.869889268464296350e+01
2.874094234425416161e+01
2.878302278692510541e+01
2.882513401265579134e+01
-3.497705906404093668e+01
-3.502815776245443402e+01
-3.507929375918794790e+01
-3.513046705424146410e+01
-3.518167764761498972e+01
-3.523292553930853188e+01
-3.528421072932208347e+01
-3.533553321765564448e+01
-3.538689300430920781e+01
-1.083752574176341881e+02
-1.085325509697642730e+02
-1.086899585853839483e+02
-1.088474802644931998e+02
-1.090051160070920275e+02
-1.091628658131804315e+02
-1.093207296827584258e+02
-1.094787076158259964e+02
-1.096367996123831432e+02
-1.722013714242289097e+02
-1.724496790975154852e+02
-1.726981656668202447e+02
-1.729468311321432452e+02
-1.731956754934844582e+02
-1.734446987508438838e+02
-1.736939009042215503e+02
-1.739432819536174009e+02
-1.741928418990314924e+02
-2.275380898096139788e+02
-2.278640756116334956e+02
-2.281902947606837984e+02
-2.285167472567648872e+02
-2.288434330998767621e+02
-2.291703522900194798e+02
-2.294975048271929268e+02
-2.298248907113972166e+02
-2.301525099426322640e+02
-2.824223662608716268e+02
-2.828243909815276425e+02
-2.832267016372624084e+02
-2.836292982280758679e+02
-2.840321807539680208e+02
-2.844353492149388671e+02
-2.848388036109884069e+02
-2.852425439421166971e+02
-2.856465702083236238e+02
-3.339759030700421931e+02
-3.344482876571285601e+02
-3.349210060849125057e+02
-3.353940583533939730e+02
-3.358674444625731326e+02
-3.363411644124498139e+02
-3.368152182030240738e+02
-3.372896058342959691e+02
-3.377643273062653861e+02
-3.790226600081995230e+02
-3.795553692984428835e+02
-3.800884526822890734e+02
-3.806219101597378653e+02
-3.811557417307893729e+02
-3.816899473954435962e+02
-3.822245271537005351e+02
-3.827594810055601897e+02
-3.832948089510225032e+02
-4.107363767327275923e+02
-4.113100308901754829e+02
-4.118840853645511970e+02
-4.124585401558546209e+02
-4.130333952640858115e+02
-4.136086506892446550e+02
-4.141843064313313221e+02
-4.147603624903456421e+02
-4.153368188662877856e+02
-4.422526518981700292e+02
-4.428664654330738131e+02
-4.434807046361710263e+02
-4.440953695074616121e+02
-4.447104600469456273e+02
-4.453259762546230149e+02
-4.459419181304938888e+02
-4.465582856745581921e+02
-4.471750788868158111e+02
-4.531424571168369084e+02
-4.537674811956187568e+02
-4.543929360284176937e+02
-4.550188216152336622e+02
-4.556451379560667192e+02
-4.562718850509169215e+02
-4.568990628997841554e+02
-4.575266715026684210e+02
-4.581547108595698887e+02
-4.781207548766998912e+02
-4.787761637250571880e+02
-4.794320214835847196e+02
-4.800883281522822585e+02
-4.807450837311499754e+02
-4.814022882201878133e+02
-4.820599416193956586e+02
-4.827180439287736817e+02
-4.833765951483218259e+02
-4.646109707493354790e+02
-4.652439557231083995e+02
-4.658773715920302152e+02
-4.665112183561009829e+02
-4.671454960153207594e+02
-4.677802045696893742e+02
-4.684153440192069411e+02
-4.690509143638734599e+02
-4.696869156036888739e+02
-4.560325790393908392e+02
-4.566500909947590117e+02
-4.572680207525327205e+02
-4.578863683127119089e+02
-4.585051336752966904e+02
-4.591243168402869514e+02
-4.597439178076827488e+02
-4.603639365774840826e+02
-4.609843731496908958e+02
-4.278515235567148238e+02
-4.284273667916498312e+02
-4.290035972782559384e+02
-4.295802150165331454e+02
-4.301572200064815092e+02
-4.307346122481009161e+02
-4.313123917413914796e+02
-4.318905584863531431e+02
-4.324691124829859064e+02
-3.842450356779986009e+02
-3.847590758595076181e+02
-3.852734596507636411e+02
-3.857881870517666698e+02
-3.863032580625166474e+02
-3.868186726830136877e+02
-3.873344309132577337e+02
-3.878505327532487854e+02
-3.883669782029867292e+02
-2.949622760974903031e+02
-2.953545131667688679e+02
-2.957470108586848596e+02
-2.961397691732382214e+02
-2.965327881104289531e+02
-2.969260676702571686e+02
-2.973196078527226973e+02
-2.977134086578256529e+02
-2.981074700855659785e+02
-2.985017921359437310e+02
-2.988963748089587966e+02
-2.992912181046113460e+02
-2.996863220229012654e+02
-3.000816865638285549e+02
-3.004773117273932712e+02
-3.008731975135953576e+02
-3.012693439224348708e+02
-1.341565195235855583e+02
-1.343329252034324668e+02
-1.345094467871426502e+02
-1.346860842747160234e+02
-1.348628376661526715e+02
-1.350397069614525378e+02
-1.352166921606156507e+02
-1.353937932636420101e+02
-1.355710102705315876e+02
-1.357483431812844117e+02
-1.359257919959004539e+02
-1.361033567143797711e+02
-1.362810373367223065e+02
-1.364588338629280599e+02
-1.366367462929970600e+02
-1.368147746269293066e+02
-1.369929188647247997e+02
8.714257321888159424e+01
8.725589255986842829e+01
8.736928553265578046e+01
8.748275213724365074e+01
8.759629237363202492e+01
8.770990624182091722e+01
8.782359374181031342e+01
8.793735487360021352e+01
8.805118963719064595e+01
8.816509803258158229e+01
8.827908005977302253e+01
8.839313571876496667e+01
8.850726500955744314e+01
8.862146793215040930e+01
8.873574448654389357e+01
8.885009467273789596e+01
8.896451849073241647e+01
3.525835957805787757e+02
3.530370795050553738e+02
3.534908546715142847e+02
3.539449212799555653e+02
3.543992793303791018e+02
3.548539288227850079e+02
3.553088697571731700e+02
3.557641021335437017e+02
3.562196259518965462e+02
3.566754412122315898e+02
3.571315479145490599e+02
3.575879460588487859e+02
3.580446356451308816e+02
3.585016166733951763e+02
3.589588891436418976e+02
3.594164530558708748e+02
3.598743084100821648e+02
6.257340015014005985e+02
6.265301007399521040e+02
6.273267060810072735e+02
6.281238175245664479e+02
6.289214350706292862e+02
6.297195587191961295e+02
6.305181884702667503e+02
6.313173243238412624e+02
6.321169662799195521e+02
6.329171143385017331e+02
6.337177684995876916e+02
6.345189287631776551e+02
6.353205951292713962e+02
6.361227675978689149e+02
6.369254461689703248e+02
6.377286308425756260e+02
6.385323216186847048e+02
8.431376765306227981e+02
8.441988944998244051e+02
8.452607799017108619e+02
8.463233327362825094e+02
8.473865530035391203e+02
8.484504407034808082e+02
8.495149958361074596e+02
8.505802184014193017e+02
8.516461083994159935e+02
8.527126658300977624e+02
8.537798906934647221e+02
8.548477829895164177e+02
8.559163427182534178e+02
8.569855698796753813e+02
8.580554644737823082e+02
8.591260265005741985e+02
8.601972559600512795e+02
9.671660803339996164e+02
9.683705212808664555e+02
9.695757117242775394e+02
9.707816516642330953e+02
9.719883411007330096e+02
9.731957800337775097e+02
9.744039684633662546e+02
9.756129063894995852e+02
9.768225938121771605e+02
9.780330307313990943e+02
9.792442171471656138e+02
9.804561530594763781e+02
9.816688384683317281e+02
9.828822733737313229e+02
9.840964577756755034e+02
9.853113916741639287e+02
9.865270750691968260e+02
9.496936313790746453e+02
9.508639254411560842e+02
9.520349401276598655e+02
9.532066754385863305e+02
9.543791313739351381e+02
9.555523079337064019e+02
9.567262051179001219e+02
9.579008229265162981e+02
9.590761613595550443e+02
9.602522204170162468e+02
9.614290000988996781e+02
9.626065004052057930e+02
9.637847213359342504e+02
9.649636628910852778e+02
9.661433250706588751e+02
9.673237078746547013e+02
9.685048113030729837e+02
7.980289753509733828e+02
7.990021814184744926e+02
7.999759805426896264e+02
8.009503727236185568e+02
8.019253579612615113e+02
8.029009362556182623e+02
8.038771076066889236e+02
8.048538720144734953e+02
8.058312294789718635e+02
8.068091800001842557e+02
8.077877235781105583e+02
8.087668602127506574e+02
8.097465899041046669e+02
8.107269126521725866e+02
8.117078284569544167e+02
8.126893373184501570e+02
8.136714392366596940e+02
5.830590183263741437e+02
5.837627709133703320e+02
5.844669479591041181e+02
5.851715494635757295e+02
5.858765754267848251e+02
5.865820258487315186e+02
5.872879007294160374e+02
5.879942000688380404e+02
5.887009238669976412e+02
5.894080721238949536e+02
5.901156448395298639e+02
5.908236420139023721e+02
5.915320636470125919e+02
5.922409097388605232e+02
5.929501802894459388e+02
5.936598752987690659e+02
5.943699947668297909e+02
3.036145010045524373e+02
3.039772423438649298e+02
3.043402002451710473e+02
3.047033747084707898e+02
3.050667657337641003e+02
3.054303733210510927e+02
3.057941974703317101e+02
3.061582381816058955e+02
3.065224954548737060e+02
3.068869692901351414e+02
3.072516596873902017e+02
3.076165666466388871e+02
3.079816901678811973e+02
3.083470302511171326e+02
3.087125868963466360e+02
3.090783601035698211e+02
3.094443498727866313e+02
3.291159434406426243e+01
3.295051994352501623e+01
3.298946854865920386e+01
3.302844015946683243e+01
3.306743477594790193e+01
3.310645239810241236e+01
3.314549302593036373e+01
3.318455665943175603e+01
3.322364329860658927e+01
3.326275294345485634e+01
3.330188559397657144e+01
3.334104125017172038e+01
3.338021991204031735e+01
3.341942157958234816e+01
3.345864625279781990e+01
3.349789393168673257e+01
3.353716461624908618e+01
-2.131226311093922163e+02
-2.133721892254453678e+02
-2.136218933673124809e+02
-2.138717435349935272e+02
-2.141217397284885635e+02
-2.143718819477975615e+02
-2.146221701929204926e+02
-2.148726044638573853e+02
-2.151231847606082397e+02
-2.153739110831730272e+02
-2.156247834315518332e+02
-2.158758018057445440e+02
-2.161269662057512448e+02
-2.163782766315718504e+02
-2.166297330832064745e+02
-2.168813355606550317e+02
-2.171330840639175506e+02
-4.066524292256721651e+02
-4.071239103030352453e+02
-4.075956645444060769e+02
-4.080676919497846598e+02
-4.085399925191709940e+02
-4.090125662525650796e+02
-4.094854131499669165e+02
-4.099585332113764480e+02
-4.104319264367937308e+02
-4.109055928262187081e+02
-4.113795323796515504e+02
-4.118537450970920304e+02
-4.123282309785403186e+02
-4.128029900239963013e+02
-4.132780222334600921e+02
-4.137533276069315207e+02
-4.142289061444107574e+02
-5.382637840931789697e+02
-5.388817677718163850e+02
-5.395001060021913872e+02
-5.401187987843039764e+02
-5.407378461181541525e+02
-5.413572480037419155e+02
-5.419770044410673790e+02
-5.425971154301303159e+02
-5.432175809709309533e+02
-5.438384010634691776e+02
-5.444595757077449889e+02
-5.450811049037583871e+02
-5.457029886515093722e+02
-5.463252269509980579e+02
-5.469478198022242168e+02
-5.475707672051879626e+02
-5.481940691598894091e+02
-5.941151927837573794e+02
-5.947907074998277039e+02
-5.954666060310775038e+02
-5.961428883775068925e+02
-5.968195545391158703e+02
-5.974966045159044370e+02
-5.981740383078724790e+02
-5.988518559150203373e+02
-5.995300573373475572e+02
-6.002086425748544798e+02
-6.008876116275409913e+02
-6.015669644954069781e+02
-6.022467011784526676e+02
-6.029268216766779460e+02
-6.036073259900828134e+02
-6.042882141186671561e+02
-6.049694860624312014e+02
-5.649657917446963893e+02
-5.656020144831476273e+02
-5.662385952535281604e+02
-5.668755340558381022e+02
-5.675128308900773391e+02
-5.681504857562459847e+02
-5.687884986543439254e+02
-5.694268695843712749e+02
-5.700655985463279194e+02
-5.707046855402139727e+02
-5.713441305660294347e+02
-5.719839336237740781e+02
-5.726240947134481303e+02
-5.732646138350514775e+02
-5.739054909885842335e+02
-5.745467261740463982e+02
-5.751883193914378580e+02
-4.873688319419772483e+02
-4.879124670027045454e+02
-4.884564050930085841e+02
-4.890006462128893077e+02
-4.895451903623468866e+02
-4.900900375413812640e+02
-4.906351877499923262e+02
-4.911806409881802438e+02
-4.917263972559448462e+02
-4.922724565532862471e+02
-4.928188188802045033e+02
-4.933654842366994444e+02
-4.939124526227711272e+02
-4.944597240384196652e+02
-4.950072984836448882e+02
-4.955551759584469664e+02
-4.961033564628257864e+02
-3.443597004946357742e+02
-3.447402084509834026e+02
-3.451209265166388604e+02
-3.455018546916020341e+02
-3.458829929758729236e+02
-3.462643413694516425e+02
-3.466458998723381342e+02
-3.470276684845322848e+02
-3.474096472060342649e+02
-3.477918360368439608e+02
-3.481742349769614293e+02
-3.485568440263866705e+02
-3.489396631851196844e+02
-3.493226924531604141e+02
-3.497059318305089164e+02
-3.500893813171651914e+02
-3.504730409131291822e+02
-1.741126765548162325e+02
-1.743032760912746824e+02
-1.744939798944380129e+02
-1.746847879643061674e+02
-1.748757003008791742e+02
-1.750667169041570332e+02
-1.752578377741397446e+02
-1.754490629108273083e+02
-1.756403923142196959e+02
-1.758318259843169358e+02
-1.760233639211190280e+02
-1.762150061246259725e+02
-1.764067525948377408e+02
-1.765986033317543615e+02
-1.767905583353758345e+02
-1.769826176057021598e+02
-1.771747811427333374e+02
1.156724317505682365e+01
1.157978899194950984e+01
1.159234160874295050e+01
1.160490102543714741e+01
1.161746724203209880e+01
1.163004025852780465e+01
1.164262007492426498e+01
1.165520669122147979e+01
1.166780010741945084e+01
1.168040032351817459e+01
1.169300733951765459e+01
1.170562115541789083e+01
1.171824177121887978e+01
1.173086918692062319e+01
1.174350340252312286e+01
1.175614441802637877e+01
1.176879223343038738e+01
2.099775818315544029e+02
2.102032428544792708e+02
2.104290250702198364e+02
2.106549284787761565e+02
2.108809530801482310e+02
2.111070988743360601e+02
2.113333658613396437e+02
2.115597540411589534e+02
2.117862634137940461e+02
2.120128939792448648e+02
2.122396457375114380e+02
2.124665186885937658e+02
2.126935128324918196e+02
2.129206281692056280e+02
2.131478646987352192e+02
2.133752224210805366e+02
2.136027013362416085e+02
3.488067384302521532e+02
3.491782046053642148e+02
3.495498684740234694e+02
3.499217300362298602e+02
3.502937892919834439e+02
3.506660462412841639e+02
3.510385008841320769e+02
3.514111532205270692e+02
3.517840032504693113e+02
3.521570509739586328e+02
3.525302963909952041e+02
3.529037395015788547e+02
3.532773803057096984e+02
3.536512188033877351e+02
3.540252549946129079e+02
3.543994888793852169e+02
3.547739204577046621e+02
4.522732218901651891e+02
4.527505551058804372e+02
4.532281400796208004e+02
4.537059768113863356e+02
4.541840653011770428e+02
4.546624055489929219e+02
4.551409975548339730e+02
4.556198413187001961e+02
4.560989368405915911e+02
4.565782841205081581e+02
4.570578831584498403e+02
4.575377339544166944e+02
4.580178365084087773e+02
4.584981908204259753e+02
4.589787968904683453e+02
4.594596547185358872e+02
4.599407643046286012e+02
4.374636004401813238e+02
4.379211983485915312e+02
4.383790354613449267e+02
4.388371117784414537e+02
4.392954272998810552e+02
4.397539820256638450e+02
4.402127759557897093e+02
4.406718090902587619e+02
4.411310814290708890e+02
4.415905929722261476e+02
4.420503437197245944e+02
4.425103336715661158e+02
4.429705628277507685e+02
4.434310311882786095e+02
4.438917387531495820e+02
4.443526855223635721e+02
4.448138714959208073e+02
3.792216094312789210e+02
3.796147889122859169e+02
3.800081721132313533e+02
3.804017590341150026e+02
3.807955496749370923e+02
3.811895440356975087e+02
3.815837421163962517e+02
3.819781439170333783e+02
3.823727494376088316e+02
3.827675586781226116e+02
3.831625716385747182e+02
3.835577883189652653e+02
3.839532087192940821e+02
3.843488328395612257e+02
3.847446606797668096e+02
3.851406922399106065e+02
3.855369275199928438e+02
2.757597674011767594e+02
2.760431792895643639e+02
2.763267367413255897e+02
2.766104397564604369e+02
2.768942883349688486e+02
2.771782824768508817e+02
2.774624221821064793e+02
2.777467074507357552e+02
2.780311382827385387e+02
2.783157146781148867e+02
2.786004366368649130e+02
2.788853041589884469e+02
2.791703172444856591e+02
2.794554758933564358e+02
2.797407801056007770e+02
2.800262298812187396e+02
2.803118252202103236e+02
1.383207707136161275e+02
1.384616986511745722e+02
1.386026983443020697e+02
1.387437697929985347e+02
1.388849129972640526e+02
1.390261279570985948e+02
1.391674146725021330e+02
1.393087731434747241e+02
1.394502033700163111e+02
1.395917053521269509e+02
1.397332790898065866e+02
1.398749245830552468e+02
1.400166418318729313e+02
1.401584308362596403e+02
1.403002915962153736e+02
1.404422241117401313e+02
1.405842283828338850e+02
1.367869206532827597e+01
1.369250892600032543e+01
1.370633276136226364e+01
1.372016357141409415e+01
1.373400135615581164e+01
1.374784611558741965e+01
1.376169784970891818e+01
1.377555655852030725e+01
1.378942224202158684e+01
1.380329490021275518e+01
1.381717453309381227e+01
1.383106114066476167e+01
1.384495472292560159e+01
1.385885527987632848e+01
1.387276281151694768e+01
1.388667731784745563e+01
1.390059879886785410e+01
-1.083933773691035469e+02
-1.085019335807901939e+02
-1.086105441249150942e+02
-1.087192090014782906e+02
-1.088279282104797687e+02
-1.089367017519195286e+02
-1.090455296257975846e+02
-1.091544118321139081e+02
-1.092633483708684992e+02
-1.093723392420613862e+02
-1.094813844456925551e+02
-1.095904839817620058e+02
-1.096996378502697382e+02
-1.098088460512157525e+02
-1.099181085846000485e+02
-1.100274254504226121e+02
-1.101367966486834860e+02
-2.483210452296339952e+02
-2.485676401106961748e+02
-2.488143573713519459e+02
-2.490611970116013083e+02
-2.493081590314442337e+02
-2.495552434308807790e+02
-2.498024502099108588e+02
-2.500497793685345300e+02
-2.502972309067517642e+02
-2.505448048245626183e+02
-2.507925011219670068e+02
-2.510403197989650437e+02
-2.512882608555565866e+02
-2.515363242917417210e+02
-2.517845101075204752e+02
-2.520328183028927924e+02
-2.522812488778586726e+02
-2.525298018324181442e+02
-2.527784771665711787e+02
-2.530272748803178047e+02
-2.532761949736579936e+02
-2.535252374465918024e+02
-2.537744022991191741e+02
-2.540236895312401089e+02
-2.542730991429546350e+02
-2.545226311342627241e+02
-2.547722855051643762e+02
-2.550220622556596481e+02
-2.552719613857485115e+02
-2.555219828954309378e+02
-2.557721267847069271e+02
-2.560223930535764794e+02
-2.562727817020396515e+02
-3.242814784759405029e+02
-3.245983143122628576e+02
-3.249153048535833932e+02
-3.252324500999022234e+02
-3.255497500512191777e+02
-3.258672047075343698e+02
-3.261848140688477429e+02
-3.265025781351593537e+02
-3.268204969064691454e+02
-3.271385703827771181e+02
-3.274567985640833285e+02
-3.277751814503877767e+02
-3.280937190416903491e+02
-3.284124113379911591e+02
-3.287312583392902070e+02
-3.290502600455874358e+02
-3.293694164568828455e+02
-3.296887275731764930e+02
-3.300081933944683215e+02
-3.303278139207583877e+02
-3.306475891520466348e+02
-3.309675190883330629e+02
-3.312876037296177287e+02
-3.316078430759005755e+02
-3.319282371271816601e+02
-3.322487858834609256e+02
-3.325694893447383720e+02
-3.328903475110140562e+02
-3.332113603822879213e+02
-3.335325279585600242e+02
-3.338538502398303081e+02
-3.341753272260988297e+02
-3.344969589173654754e+02
-2.811612417406630584e+02
-2.814315890884906253e+02
-2.817020663485468503e+02
-2.819726735208316768e+02
-2.822434106053452183e+02
-2.825142776020874180e+02
-2.827852745110582191e+02
-2.830564013322576784e+02
-2.833276580656858528e+02
-2.835990447113426285e+02
-2.838705612692280624e+02
-2.841422077393421546e+02
-2.844139841216849049e+02
-2.846858904162563135e+02
-2.849579266230563803e+02
-2.852300927420850485e+02
-2.855023887733424317e+02
-2.857748147168284163e+02
-2.860473705725431159e+02
-2.863200563404864170e+02
-2.865928720206584330e+02
-2.868658176130590505e+02
-2.871388931176883261e+02
-2.874120985345462600e+02
-2.876854338636328521e+02
-2.879588991049480455e+02
-2.882324942584919540e+02
-2.885062193242645208e+02
-2.887800743022657457e+02
-2.890540591924955720e+02
-2.893281739949540565e+02
-2.896024187096411993e+02
-2.898767933365570570e+02
-1.701278223806619962e+02
-1.702888520279697673e+02
-1.704499578482422066e+02
-1.706111398414793143e+02
-1.707723980076810903e+02
-1.709337323468475631e+02
-1.710951428589786474e+02
-1.712566295440744284e+02
-1.714181924021348777e+02
-1.715798314331599954e+02
-1.717415466371497814e+02
-1.719033380141042358e+02
-1.720652055640233300e+02
-1.722271492869071494e+02
-1.723891691827556087e+02
-1.725512652515687080e+02
-1.727134374933465040e+02
-1.728756859080889683e+02
-1.730380104957961009e+02
-1.732004112564678735e+02
-1.733628881901043428e+02
-1.735254412967054805e+02
-1.736880705762712580e+02
-1.738507760288017323e+02
-1.740135576542968749e+02
-1.741764154527566575e+02
-1.743393494241811368e+02
-1.745023595685702560e+02
-1.746654458859240719e+02
-1.748286083762425562e+02
-1.749918470395256804e+02
-1.751551618757735014e+02
-1.753185528849859907e+02
-4.389777463305653527e+01
-4.393868588620942717e+01
-4.397961619444064496e+01
-4.402056555775018154e+01
-4.406153397613803691e+01
-4.410252144960421106e+01
-4.414352797814870399e+01
-4.418455356177152282e+01
-4.422559820047265333e+01
-4.426666189425210973e+01
-4.430774464310988492e+01
-4.434884644704597889e+01
-4.438996730606039165e+01
-4.443110722015312319e+01
-4.447226618932418063e+01
-4.451344421357355685e+01
-4.455464129290125186e+01
-4.459585742730726565e+01
-4.463709261679159823e+01
-4.467834686135424960e+01
-4.471962016099522685e+01
-4.476091251571452290e+01
-4.480222392551213062e+01
-4.484355439038806423e+01
-4.488490391034232374e+01
-4.492627248537489493e+01
-4.496766011548579201e+01
-4.500906680067500076e+01
-4.505049254094253541e+01
-4.509193733628838885e+01
-4.513340118671256107e+01
-4.517488409221505208e+01
-4.521638605279586898e+01
4.390187819268272307e+01
4.394217362929830983e+01
4.398248755005913324e+01
4.402281995496519329e+01
4.406317084401648998e+01
4.410354021721302331e+01
4.414392807455480039e+01
4.418433441604179990e+01
4.422475924167404315e+01
4.426520255145153016e+01
4.430566434537424669e+01
4.434614462344219277e+01
4.438664338565538969e+01
4.442716063201380905e+01
4.446769636251747215e+01
4.450825057716637190e+01
4.454882327596050828e+01
4.458941445889988131e+01
4.463002412598449098e+01
4.467065227721433018e+01
4.471129891258941313e+01
4.475196403210973273e+01
4.479264763577528896e+01
4.483334972358607473e+01
4.487407029554210425e+01
4.491480935164336330e+01
4.495556689188986610e+01
4.499634291628160554e+01
4.503713742481857452e+01
4.507795041750078724e+01
4.511878189432823660e+01
4.515963185530091550e+01
4.520050030041883815e+01
8.353305907271330000e+01
8.360858625089838370e+01
8.368414755794844950e+01
8.375974299386348321e+01
8.383537255864351323e+01
8.391103625228848273e+01
8.398673407479844855e+01
8.406246602617336805e+01
8.413823210641328387e+01
8.421403231551815338e+01
8.428986665348800500e+01
8.436573512032282451e+01
8.444163771602262614e+01
8.451757444058739566e+01
8.459354529401713307e+01
8.466955027631185260e+01
8.474558938747154002e+01
8.482166262749619534e+01
8.489776999638583277e+01
8.497391149414043809e+01
8.505008712076001132e+01
8.512629687624456665e+01
8.520254076059408987e+01
8.527881877380858100e+01
8.535513091588805423e+01
8.543147718683250957e+01
8.550785758664191860e+01
8.558427211531630974e+01
8.566072077285568298e+01
8.573720355926000991e+01
8.581372047452931895e+01
8.589027151866359588e+01
8.596685669166285493e+01
6.491368034143303589e+01
6.497150990075725474e+01
6.502936520788171038e+01
6.508724626280637438e+01
6.514515306553130358e+01
6.520308561605645536e+01
6.526104391438182972e+01
6.531902796050745508e+01
6.537703775443330301e+01
6.543507329615938772e+01
6.549313458568569501e+01
6.555122162301225330e+01
6.560933440813903417e+01
6.566747294106605182e+01
6.572563722179330625e+01
6.578382725032078326e+01
6.584204302664851127e+01
6.590028455077646186e+01
6.595855182270464923e+01
6.601684484243305917e+01
6.607516360996170590e+01
6.613350812529060363e+01
6.619187838841970972e+01
6.625027439934906681e+01
6.630869615807864648e+01
6.636714366460846293e+01
6.642561691893851616e+01
6.648411592106880619e+01
6.654264067099931879e+01
6.660119116873008238e+01
6.665976741426105434e+01
6.671836940759227730e+01
6.677699714872373704e+01
1.784419478933244108e+01
1.785986133436258072e+01
1.787553475369945133e+01
1.789121504734304935e+01
1.790690221529337123e+01
1.792259625755042052e+01
1.793829717411419367e+01
1.795400496498469778e+01
1.796971963016192575e+01
1.798544116964588468e+01
1.800116958343656748e+01
1.801690487153397768e+01
1.803264703393811175e+01
1.804839607064897677e+01
1.806415198166656566e+01
1.807991476699088196e+01
1.809568442662192567e+01
1.811146096055969679e+01
1.812724436880419177e+01
1.814303465135541416e+01
1.815883180821336396e+01
1.817463583937804117e+01
1.819044674484944224e+01
1.820626452462757427e+01
1.822208917871243017e+01
1.823792070710401347e+01
1.825375910980232419e+01
1.826960438680735876e+01
1.828545653811912430e+01
1.830131556373761370e+01
1.831718146366283051e+01
1.833305423789477473e+01
1.834893388643344636e+01
-2.665581202003093608e+01
-2.667888065873282599e+01
-2.670195927521961465e+01
-2.672504786949131628e+01
-2.674814644154792020e+01
-2.677125499138942999e+01
-2.679437351901584918e+01
-2.681750202442716713e+01
-2.684064050762339448e+01
-2.686378896860452770e+01
-2.688694740737056321e+01
-2.691011582392151169e+01
-2.693329421825735892e+01
-2.695648259037811556e+01
-2.697968094028377806e+01
-2.700288926797434286e+01
-2.702610757344981707e+01
-2.704933585671019003e+01
-2.707257411775547595e+01
-2.709582235658566773e+01
-2.711908057320076182e+01
-2.714234876760076176e+01
-2.716562693978566756e+01
-2.718891508975547922e+01
-2.721221321751019673e+01
-2.723552132304982010e+01
-2.725883940637434932e+01
-2.728216746748378441e+01
-2.730550550637812535e+01
-2.732885352305737214e+01
-2.735221151752152480e+01
-2.737557948977057976e+01
-2.739895743980454412e+01
-5.820734195986673143e+01
-5.825700692740927877e+01
-5.830669307404246382e+01
-5.835640039976628657e+01
-5.840612890458074702e+01
-5.845587858848583807e+01
-5.850564945148156681e+01
-5.855544149356794037e+01
-5.860525471474494452e+01
-5.865508911501257927e+01
-5.870494469437085883e+01
-5.875482145281976898e+01
-5.880471939035931683e+01
-5.885463850698950239e+01
-5.890457880271032565e+01
-5.895454027752178661e+01
-5.900452293142388527e+01
-5.905452676441661453e+01
-5.910455177649998859e+01
-5.915459796767399325e+01
-5.920466533793862851e+01
-5.925475388729390858e+01
-5.930486361573981924e+01
-5.935499452327637471e+01
-5.940514660990356788e+01
-5.945531987562138454e+01
-5.950551432042984601e+01
-5.955572994432893807e+01
-5.960596674731868205e+01
-5.965622472939904242e+01
-5.970650389057004759e+01
-5.975680423083169757e+01
-5.980712575018397814e+01
-7.211106943092633514e+01
-7.217174344811685671e+01
-7.223244298003284314e+01
-7.229316802667432285e+01
-7.235391858804128162e+01
-7.241469466413371947e+01
-7.247549625495162218e+01
-7.253632336049500395e+01
-7.259717598076389322e+01
-7.265805411575823314e+01
-7.271895776547806634e+01
-7.277988692992337860e+01
-7.284084160909416994e+01
-7.290182180299044035e+01
-7.296282751161218982e+01
-7.302385873495941837e+01
-7.308491547303212599e+01
-7.314599772583031267e+01
-7.320710549335397843e+01
-7.326823877560313747e+01
-7.332939757257774716e+01
-7.339058188427786433e+01
-7.345179171070344637e+01
-7.351302705185450748e+01
-7.357428790773106186e+01
-7.363557427833308111e+01
-7.369688616366059364e+01
-7.375822356371357102e+01
-7.381958647849202748e+01
-7.388097490799597722e+01
-7.394238885222540603e+01
-7.400382831118029969e+01
-7.406529328486068664e+01
-5.018478196886388787e+01
-5.022642909082975393e+01
-5.026809348659153898e+01
-5.030977515614924300e+01
-5.035147409950286601e+01
-5.039319031665241511e+01
-5.043492380759788318e+01
-5.047667457233927024e+01
-5.051844261087657628e+01
-5.056022792320981551e+01
-5.060203050933896662e+01
-5.064385036926403671e+01
-5.068568750298503289e+01
-5.072754191050194805e+01
-5.076941359181478930e+01
-5.081130254692354242e+01
-5.085320877582822163e+01
-5.089513227852881982e+01
-5.093707305502534410e+01
-5.097903110531778736e+01
-5.102100642940614961e+01
-5.106299902729043794e+01
-5.110500889897064525e+01
-5.114703604444676444e+01
-5.118908046371881682e+01
-5.123114215678678818e+01
-5.127322112365067852e+01
-5.131531736431049495e+01
-5.135743087876622326e+01
-5.139956166701787765e+01
-5.144170972906545103e+01
-5.148387506490895049e+01
-5.152605767454836183e+01
-3.685429028272449870e+01
-3.688446162147417340e+01
-3.691464530528880061e+01
-3.694484133416838034e+01
-3.697504970811291969e+01
-3.700527042712240444e+01
-3.703550349119685592e+01
-3.706574890033625280e+01
-3.709600665454061641e+01
-3.712627675380992542e+01
-3.715655919814419406e+01
-3.718685398754340810e+01
-3.721716112200758886e+01
-3.724748060153671503e+01
-3.727781242613080082e+01
-3.730815659578984622e+01
-3.733851311051383703e+01
-3.736888197030278747e+01
-3.739926317515669041e+01
-3.742965672507555297e+01
-3.746006262005936804e+01
-3.749048086010813563e+01
-3.752091144522185573e+01
-3.755135437540053545e+01
-3.758180965064416768e+01
-3.761227727095275952e+01
-3.764275723632630388e+01
-3.767324954676480075e+01
-3.770375420226825725e+01
-3.773427120283666625e+01
-3.776480054847002776e+01
-3.779534223916834179e+01
-3.782589627493161544e+01
-1.915918764233003557e+01
-1.917466356126568172e+01
-1.919014572804910301e+01
-1.920563414268029589e+01
-1.922112880515926392e+01
-1.923662971548600353e+01
-1.925213687366051829e+01
-1.926765027968280819e+01
-1.928316993355287323e+01
-1.929869583527070631e+01
-1.931422798483631809e+01
-1.932976638224970500e+01
-1.934531102751085996e+01
-1.936086192061979361e+01
-1.937641906157649885e+01
-1.939198245038097568e+01
-1.940755208703322765e+01
-1.942312797153325477e+01
-1.943871010388105702e+01
-1.945429848407663087e+01
-1.946989311211997986e+01
-1.948549398801110044e+01
-1.950110111174999616e+01
-1.951671448333666348e+01
-1.953233410277110949e+01
-1.954795997005332353e+01
-1.956359208518331627e+01
-1.957923044816108060e+01
-1.959487505898662008e+01
-1.961052591765993114e+01
-1.962618302418101734e+01
-1.964184637854987514e+01
-1.965751598076650808e+01
