7.981587242711017660e-02
4.047220481655632307e-01
1.509920066242536885e-01
2.182178237035094226e-01
2.709323756313158915e-01
3.178869081720334111e-01
3.709717901700199105e-01
4.103103069303720707e-01
4.443868739069388729e-01
4.611799023183195678e-01
5.054272686097893708e-01
5.264337449161207161e-01
5.495121658290429423e-01
5.615819852577005333e-01
5.948643365004292471e-01
6.197385367049250693e-01
1.101091904046557435e+00
1.136474561642202952e+00
1.142431868321186483e+00
1.189921372176509617e+00
1.218180148586839096e+00
1.272106253144556387e+00
1.247941975715518792e+00
1.364652285587490521e+00
1.463446119991640648e+00
1.577043420952275898e+00
1.627851690734620549e+00
1.751270331503105293e+00
1.866327478650261940e+00
2.112766939737552363e+00
2.281545091702694261e+00
2.380676275556187882e+00
2.804045818905436249e+00
3.150624007166008766e+00
3.559866547103571754e+00
3.875412569093384718e+00
4.336212395296166200e+00
5.209936170271976863e+00
6.204779306808281270e+00
6.496694021301987476e+00
7.291353611980886384e+00
8.306956767445587531e+00
1.016673620769561204e+01
1.102644472494839789e+01
1.239361545712427315e+01
1.345644623382401228e+01
1.369764001974256118e+01
1.374500607756315596e+01
1.263992770909742624e+01
8.765398599543742009e+00
6.241363323297431265e+00
1.832683448437965712e+00
-1.229427571217311943e+00
-6.110549583614250935e+00
-8.721860355432882628e+00
-1.307049441036143911e+01
-1.735307789277468871e+01
-1.956730294178786878e+01
-2.330305333855233485e+01
-2.546702483024006369e+01
-2.794713939884490017e+01
-3.181516610146308821e+01
-3.191376773895067132e+01
-3.471791181944288240e+01
-3.820866926290684518e+01
-3.750669150331303570e+01
-3.863050955798363617e+01
-4.288249390091149849e+01
-4.105428233805777438e+01
-4.048961923883250336e+01
-3.637388171066296394e+01
-3.208230509832586108e+01
-2.642054658440721937e+01
-1.849392750894280368e+01
-8.464924935837274234e+00
-1.228835559170471825e+00
1.484346547085537082e+01
2.882125195456058364e+01
3.626982208701029009e+01
4.837318167951008974e+01
5.922613512313014184e+01
5.315237970278214874e+01
5.935157782604294141e+01
5.570650174989610548e+01
4.736125189605447616e+01
2.778830829327238661e+01
1.537736261175762920e+01
-2.259374606282436027e+00
-1.451639224358141966e+01
-2.658521206789589186e+01
-4.515318618000177509e+01
-6.420738443685158359e+01
-8.238911134000066738e+01
-1.051099819003224951e+02
-1.128770363599475530e+02
-1.295612071792365896e+02
-1.443173607908066742e+02
-1.570546610605508988e+02
-1.606341619099309241e+02
-1.773624675448347148e+02
-1.806525451873237103e+02
-1.793059551497647703e+02
-1.818823250247779413e+02
-1.728361730233439175e+02
-1.529895928883391605e+02
-1.149650658038228528e+02
-8.042732554869178330e+01
-2.263363101392074839e+01
6.422698553776579899e+01
1.440095785676319053e+02
2.650705821826868487e+02
3.959820310110873720e+02
5.599237359461870938e+02
7.125661724304609379e+02
8.203887736695373860e+02
8.784815263952117448e+02
9.251517584843796840e+02
9.325775413823180315e+02
8.724990020972145430e+02
7.532135732169057292e+02
6.336699158455840006e+02
4.591210039708436170e+02
2.630863525771993636e+02
8.606352293408470189e+01
-1.247652654226932896e+02
-2.816563969144186785e+02
-4.787715381817701541e+02
-6.189113755529455148e+02
-7.674256018903660106e+02
-8.636796768320557476e+02
-9.537865332927415238e+02
-1.045172781529635586e+03
-1.124210915719453624e+03
-1.166696528979252662e+03
-1.161901188130528908e+03
-1.135342671802733548e+03
-1.086072770319905885e+03
-1.026595201968109222e+03
-8.348205371521204370e+02
-6.143547841148878206e+02
-3.671648436460646394e+02
-8.046634474555452243e+01
2.912280990152774507e+02
6.688566934454264583e+02
1.093325059384115320e+03
1.457963059480214497e+03
1.925486481428500838e+03
2.195858567895406850e+03
2.454340656060217043e+03
2.576718542501437696e+03
2.490571790424839946e+03
2.442504408029862589e+03
2.101703015091334692e+03
1.784855646889248646e+03
1.276620361830711545e+03
8.004206693898290723e+02
2.181046860512718411e+02
-3.322682354682926871e+02
-9.571267345611611290e+02
-1.394684315915847719e+03
-1.898380254915446812e+03
-2.262252870014684504e+03
-2.597896137232652563e+03
-2.969126462148426981e+03
-3.257087507415241362e+03
-3.561652768157977789e+03
-3.627965014967684510e+03
-3.646603225167969867e+03
-3.672667414784546509e+03
-3.545598304673356779e+03
-3.413959052079425419e+03
-2.986285910361868901e+03
-4.419301178415923459e+03
-1.864775965715860139e+03
1.426128756663131753e+03
5.401502753241526079e+03
9.441541996587564427e+03
1.244532649719535402e+04
1.418021736432805119e+04
1.416606734063537624e+04
1.185051675462323692e+04
8.514862212845075192e+03
4.548762830340102482e+03
2.904340755312613283e+02
-3.297827815909108722e+03
-6.073117954511146309e+03
-8.028082852644382911e+03
-8.557728439722437543e+03
-8.143231591576688515e+03
-6.808641993448965877e+03
-4.784269849762546073e+03
-2.300209059673421962e+03
5.510561586250977371e+02
3.229533892145288064e+03
5.125119493167733708e+03
6.177950866560787290e+03
6.559755927234577030e+03
5.626399847565200616e+03
4.063928546786517018e+03
2.273949361211178257e+03
1.229662414295379591e+02
-1.723176863853252371e+03
-7.362893616974500219e+03
-9.456566882890241686e+03
-8.441223060271933718e+03
-5.170018519201629715e+03
-1.285470898482652501e+03
1.502938739534360138e+03
2.245114820499240977e+03
1.787272378309972055e+03
3.826931442595835051e+02
-1.071067294054560307e+03
-1.858584744594303174e+03
-2.031502586948017324e+03
-1.680123846848922767e+03
-1.040768083920378785e+03
-5.746989385857431216e+02
