1.366167306082249622e-01
1.919525637842162125e-01
2.507915474837600356e-01
2.960928300597352458e-01
3.348050384754684416e-01
3.744435790804960806e-01
4.187185824008921586e-01
4.439569500705521921e-01
4.972606080544941798e-01
5.488201823423060066e-01
5.632852311059576289e-01
5.921620319555851442e-01
6.356480697699578020e-01
6.952907746081955498e-01
1.245682903468953162e+00
1.383546757792030624e+00
1.497276375666039439e+00
1.598265837014639423e+00
1.667940315419719211e+00
1.683544083070090069e+00
1.679380689205148824e+00
1.768278065042774294e+00
1.822744090661540195e+00
1.807796922502337811e+00
1.958727260176911456e+00
1.888883259028593775e+00
2.000715233605321330e+00
2.201423132932563309e+00
2.525597617484024671e+00
2.715721840679009347e+00
2.886342976808061511e+00
3.641310191786940376e+00
3.942500592562414141e+00
4.894206483581380773e+00
5.583316751410471568e+00
6.188563103780527541e+00
7.169562017279043076e+00
8.316782849728447502e+00
9.019709737570853036e+00
9.894717644869233553e+00
1.180358480191022252e+01
1.345711219387968072e+01
1.553850950228979855e+01
1.696304185021282862e+01
1.757357387191250808e+01
1.829056939162030915e+01
2.073288823878126408e+01
2.252554326009889962e+01
2.201093942550129867e+01
2.502695770402791808e+01
2.368267634307130010e+01
2.266187921826785612e+01
2.380925848889862451e+01
2.147987490883260620e+01
1.752094582967684033e+01
1.411003883165254713e+01
1.269084531620010736e+01
9.334526751522350452e+00
3.121568469758976505e+00
2.724425468885581236e-01
-1.166303640691578103e+00
-6.389331734114366945e+00
-7.911733994824163396e+00
-9.245702906533599830e+00
-1.066924381980045666e+01
-8.208556664156846594e+00
-8.885041256188536352e+00
-7.738376922964115501e+00
2.206935931658169370e-01
-1.736613202423817226e+00
5.451095170937551693e+00
8.535125829184865509e+00
1.814064763842760186e+01
2.082492744034434295e+01
2.850469163562423702e+01
3.783536168395661292e+01
4.394717357882796449e+01
5.357750899041384685e+01
6.366812238358244258e+01
7.581059620346537997e+01
8.166528410555250161e+01
8.642821875812856547e+01
9.358387629474026426e+01
8.649364135656732344e+01
8.802956541735102292e+01
7.674363693975112710e+01
6.037253521500171161e+01
4.618483337062813376e+01
1.602049143361104910e+01
-3.073738463483350891e+00
-3.220476092101728227e+01
-6.126184490963408535e+01
-8.181333933519843526e+01
-1.099748212574564121e+02
-1.256511285291598341e+02
-1.466693647687507962e+02
-1.583270665083366850e+02
-1.713245335806263370e+02
-1.709759308369719975e+02
-1.700742334845876655e+02
-1.551462673665365912e+02
-1.320429323805831245e+02
-9.124820625808980878e+01
-5.975333464642007897e+01
-8.324069187113439128e+00
5.173019583649187325e+01
1.309792674385767555e+02
2.170011126861202797e+02
3.471790176485220627e+02
4.278133020564636695e+02
5.418894398604213620e+02
6.546409885960697466e+02
7.839036585161550192e+02
8.360499581299819738e+02
9.262418865286649634e+02
9.208206358822675384e+02
8.990564306144567581e+02
8.821849090230716683e+02
7.674220992514444788e+02
6.422464722230766938e+02
4.995749990429437730e+02
3.487618237319351806e+02
1.588019073759309379e+02
-2.547726525733359892e+01
-2.201420933814339662e+02
-3.599013256840776762e+02
-5.283840938065482078e+02
-6.748619209721738343e+02
-7.909349501761728334e+02
-9.060820303576626884e+02
-9.561683510582266763e+02
-9.922557827865714444e+02
-9.715233019019649419e+02
-1.000606558124312187e+03
-9.395337939223647936e+02
-8.351669634799260393e+02
-6.553210156092141006e+02
-5.103261444127168716e+02
-2.783602043719056951e+02
-4.986518966599928149e+01
3.276552994021689074e+02
6.521936484860074188e+02
9.338038472675206094e+02
1.271843595654187538e+03
1.649130917406146409e+03
1.891751288117711283e+03
2.126734274781637851e+03
2.140328076732918362e+03
2.169430114302112088e+03
2.042005570074747993e+03
1.793040231179997136e+03
1.413077122147584532e+03
1.062158534672826590e+03
5.913106101060035371e+02
3.646841614009694865e+01
-4.478331868074394038e+02
-1.057377328632054059e+03
-1.538251688737087534e+03
-1.969823142825252944e+03
-2.419019539733513739e+03
-2.832398765610103055e+03
-3.189189445707000232e+03
-3.409628986517366684e+03
-3.698013893787699999e+03
-3.781603770608858213e+03
-3.994436016911489332e+03
-3.822722601977664453e+03
-3.744390992817676761e+03
-3.501642480416187936e+03
-3.115359292708888916e+03
-4.752351158118223793e+03
-2.312286979898685331e+03
8.562557392135499867e+02
4.686000852395402035e+03
8.436065736983917304e+03
1.154772794728192275e+04
1.325674732318825772e+04
1.289205799636475058e+04
1.085596038000321823e+04
7.836518507586401029e+03
3.875618458135345008e+03
-9.962862335241345590e+01
-3.439449694515987176e+03
-6.037631215666579010e+03
-7.863585579077609509e+03
-8.592386128251389891e+03
-8.145790908317902904e+03
-7.038002319917523891e+03
-4.906444568263226756e+03
-2.348502722430960603e+03
2.665670469600214005e+02
2.949878174599386512e+03
5.018890931524103507e+03
6.293523241194698130e+03
6.046595602430974395e+03
5.353386911530940779e+03
3.756803263905336735e+03
1.765435478742341502e+03
-9.352636239043481226e+01
-1.725960704489729096e+03
-7.050461565577697911e+03
-8.954075101852775333e+03
-7.433697808295889445e+03
-4.114350473526623318e+03
-5.802947338188147341e+02
2.065878900248231730e+03
3.033083396738987631e+03
2.351488547324785031e+03
1.131835580404418124e+03
-8.620313664936799114e+01
-1.003739161271271996e+03
-1.510516598892362936e+03
-8.095216907834804942e+02
-5.330904754163727830e+02
-1.062723511007228723e+02
7.106601496286183428e-01
1.656528502074202436e+00
-1.685912960769812452e+00
3.647038058649294978e+00
2.213929721858972355e-01
-3.661816737915825293e+00
4.991843227265103100e-01
1.481036619899886775e+00
5.551326815657296798e+00
1.003237169600845036e+01
8.894117642554387970e+00
9.011944383968170769e+00
9.773345458271633035e+00
1.237449814649895963e+01
2.351070086946660709e+01
3.002426086007584871e+01
3.597107999705689707e+01
4.154358328270826206e+01
3.961775482896580769e+01
3.996787347472430696e+01
4.264070966547566854e+01
4.326867748293167182e+01
4.535386155636499694e+01
3.646726685050263939e+01
3.571068429552455825e+01
2.415677734829327861e+01
1.928251100924963879e+01
5.978644430179130609e+00
-1.958231709069360171e+00
-1.557994077371314035e+01
-1.258040850900627561e+01
-3.335988249538484496e+01
-3.136491492442135254e+01
-4.219873293477461118e+01
-5.063814997755211778e+01
-4.517341024255363635e+01
-4.402236600422767765e+01
-3.633863497323304159e+01
-2.299189455064826504e+01
-7.977183338712142024e+00
1.169798402792640246e+01
1.824348675303493650e+00
2.549550967413556890e+01
5.629416387103022146e+01
7.662892214597562202e+01
1.137732113590484886e+02
1.458811370374371279e+02
1.812140603824239804e+02
2.042135876906819760e+02
2.831237886590794233e+02
2.765925047336908733e+02
3.187271245933716841e+02
3.889786559218196089e+02
4.223859928025998443e+02
3.975869579102491684e+02
4.248545559216256606e+02
4.295022862496252856e+02
3.902807054428860170e+02
3.601590588123099224e+02
3.321805765230560610e+02
2.922330939280134885e+02
1.571933819550301621e+02
9.800510422415005962e+01
-1.732237411575994201e+01
-1.006017760127666492e+02
-1.880374146514870972e+02
-2.280105287542653514e+02
-2.594807358591619391e+02
-3.067111943047501654e+02
-3.215609482973180775e+02
-3.248353093261699769e+02
-3.085423978567339418e+02
-2.340836238468545787e+02
-1.624612114568437278e+02
-7.514843169156192459e+01
-3.834200456781766775e+01
8.629448313571684537e+01
2.037000954978934146e+02
3.685645697864343333e+02
5.687053486488084673e+02
7.728649677985073367e+02
9.550126279652457697e+02
1.249387912175582642e+03
1.360496092667834546e+03
1.529049805718331527e+03
1.654327917429995750e+03
1.775407010246699883e+03
1.822768212436419162e+03
1.776877685224410925e+03
1.776572712631278364e+03
1.630048897991068088e+03
1.421485522702680328e+03
1.258507550212536671e+03
9.921884781083506368e+02
6.959135260200727089e+02
4.826985077293355744e+02
2.214007735496977887e+02
-1.764202413137389556e+02
-3.370411672822548326e+02
-7.091426243664675440e+02
-1.006964808159440736e+03
-1.248645343556452644e+03
-1.577310619540151947e+03
-1.755019002123778137e+03
-1.879228591379581303e+03
-2.027687270906647200e+03
-1.953215627538584386e+03
-1.981962075672141509e+03
-1.834535447502951456e+03
-1.527865929102448945e+03
-1.243112986780554820e+03
-7.064795906543828323e+02
-1.286570252830548782e+02
4.637297103760649861e+02
1.029237099715187696e+03
1.670023702546684717e+03
2.160250968314332113e+03
2.708476280592066360e+03
3.107344774355246045e+03
3.394723129836394037e+03
3.466829758218652842e+03
3.563843523131132315e+03
3.438795623273670117e+03
3.365662694948950957e+03
2.945400352193588333e+03
2.567765355341186478e+03
2.207029330109303828e+03
1.813165329989293468e+03
1.358750952692926148e+03
9.535903975755320516e+02
5.795928779869685741e+02
-2.757841766862983945e+01
-5.061710852344000955e+02
-8.968559408196534832e+02
-1.245527601634274106e+03
-1.556002049018993603e+03
-1.929372085899661215e+03
-2.217857862562554601e+03
-2.285051929673419636e+03
-2.305908062427466575e+03
-2.259520827354615449e+03
-2.109050817715738049e+03
-1.896614659593400120e+03
-1.171382942849592609e+03
-6.964400567842433247e+02
-6.141398632407915947e+00
6.379523461103503905e+02
1.397694689562669510e+03
2.126113406387598843e+03
2.701835052600264589e+03
3.144606358099273166e+03
3.546001347532476757e+03
3.759508301009724619e+03
3.935110896035443147e+03
3.873164494010362432e+03
3.737741730940257185e+03
3.649856170830275914e+03
3.423283244644881506e+03
3.043762297010918701e+03
2.557277652918980039e+03
2.040378074366455849e+03
1.796081177091944710e+03
1.329665085672596888e+03
7.659337603071370495e+02
3.783083074288203420e+02
-5.393108150904359377e+01
-6.785635792252128340e+02
-9.271866272370149318e+02
-1.481805536676761903e+03
-1.824650408410651835e+03
-3.906103056016017945e+03
-4.686430955176068892e+03
-5.064358966537299239e+03
-4.419040439109838189e+03
-3.027149300360007146e+03
-1.681849839028050155e+03
1.867239523526275207e+02
1.862859305929904394e+03
3.427832987707644406e+03
3.984220432958270976e+03
4.514583834761671824e+03
4.068877542518273913e+03
3.137447768462507611e+03
2.380294345726375923e+03
1.597139967648732863e+03
5.670706919504815460e+02
-2.570747284791088418e+02
-1.062903578268376350e+03
-1.415719254401274384e+03
-1.570441144211635901e+03
-1.534283044336028979e+03
-1.508168296532227714e+03
-8.946490656455272301e+02
-5.689691436987230873e+02
-9.548937910167516918e+00
7.270269048302707233e+02
8.827654577583499531e+02
1.235611789879473918e+03
1.105160086898630425e+03
1.969818933765418123e+01
-4.490341480402429397e+01
-5.834640821141126565e+01
-3.860342968616666326e+01
-4.446529216733649648e+00
-2.090501028804741424e+01
-2.429135265342716465e+01
-3.904909377314875751e+00
-4.207625095632857892e+01
1.296330155843064880e+01
9.858506271005344956e+01
1.028219537033721025e+02
5.212036885146994791e+01
2.916553221478465829e+01
1.345732838619428833e+02
1.876572392362251946e+02
2.109701749246095517e+02
3.448275603142873820e+02
3.098613065522920920e+02
2.633149447908048728e+02
4.227495900646007954e+02
3.337634587858048008e+02
4.735059895027395669e+02
3.683497296553998126e+02
6.242426566957595924e+02
5.514504185530249742e+02
6.755940327071774618e+02
6.181261090094269548e+02
5.743237411711971845e+02
5.615573772299536586e+02
6.385479980917592684e+02
7.288045054362171413e+02
4.610536261551405346e+02
4.846404638903521231e+02
5.320017873684311098e+02
2.532743570282083283e+02
2.435028469788756809e+02
1.989994357228202375e+02
3.912990772279592733e+01
-4.221884215765238935e+01
-2.527189901324989592e+02
-1.689438423375804632e+02
-1.962863050708351409e+02
-2.582449974827686674e+02
-2.531237250181941931e+02
-2.353803842024626078e+02
-2.247425237136994269e+02
-2.483645579491475246e+02
-1.181535379115008908e+02
2.603364674078293461e+01
9.618194096070844523e+01
2.269373792461130677e+02
4.988446413391322949e+02
6.909923133293240198e+02
7.124470729476561246e+02
1.058304532098481332e+03
1.423977642635300299e+03
1.394986265333220217e+03
1.897182563377291217e+03
2.668053646734958420e+03
3.036433730567829116e+03
2.920805204090646839e+03
2.805856700400358022e+03
2.648542038996014981e+03
2.725230257345182508e+03
2.039042499074101670e+03
1.777590212780801721e+03
1.316808164942182202e+03
8.625421439504760883e+02
-6.728467363817085101e+00
-1.240250328971638112e+02
-7.419276423380192682e+02
-1.082229886686594682e+03
-1.290374945211873182e+03
-1.669526869463553339e+03
-2.010663202203973469e+03
-1.924289825545271924e+03
-2.129297015406864375e+03
-2.263433736950593811e+03
-2.063989274645512978e+03
-1.851364934624962416e+03
-1.435436007061602595e+03
-1.067146262929120212e+03
-6.649102456696431318e+02
-4.522472335299431734e+01
5.004897278502324411e+02
9.853190643978903154e+02
1.297909191948791658e+03
2.133191569559471191e+03
2.316694149508669852e+03
2.617405769778210924e+03
2.965573417179111857e+03
3.076889398401370272e+03
3.422667712306159501e+03
3.158118144311332344e+03
3.362716277071991044e+03
3.174712486301570607e+03
3.251832952272324746e+03
2.779153091915498408e+03
2.493984402908965421e+03
2.114772963401711422e+03
1.847320376198772237e+03
1.395211234165135920e+03
9.691635226841843860e+02
5.648247295851862191e+02
-3.361708699138176115e+01
-6.665063147962654284e+02
-1.010405977934586190e+03
-1.551267094646797432e+03
-2.011871214873956205e+03
-2.469385031322777650e+03
-2.733513157521673747e+03
-2.904395407716893715e+03
-2.953705951390870268e+03
-2.056471732614151733e+03
-1.685186893893250726e+03
-1.528734107273039854e+03
-1.199083047464836682e+03
-8.569074187852270370e+02
-2.948679687753506755e+02
1.022139276553409282e+01
3.922219288399002153e+02
5.872470534597359801e+02
7.492501995474535761e+02
9.891941304903276659e+02
1.057990313658154037e+03
1.252741490436756976e+03
1.259902682086188406e+03
1.192898003304514305e+03
1.438502189274520106e+03
1.203774513319074913e+03
1.392214838711057382e+03
1.203410407914495636e+03
9.139504279539177105e+02
8.210870444453844357e+02
6.518950813011841774e+02
5.685603914689357907e+02
3.506658067839822479e+02
1.335286237970840943e+02
-4.060476143602840438e+01
-2.223997186856616679e+02
-3.590665966904269908e+02
-5.370277372431378353e+02
-6.618960138961354005e+02
-8.271541994462874072e+02
-8.154128127458585595e+02
-7.831735621143031949e+02
-7.263119047928561258e+02
-7.271672714482604079e+02
-6.282668973594066983e+02
-5.376008437165247642e+02
-3.796216503775123670e+02
-2.242733466590556191e+02
-4.355821179399940490e+01
1.155973103899577659e+01
8.019163051875329984e+01
1.732538230106235346e+02
2.343470790495851475e+02
2.973990961657200387e+02
3.209500661016151639e+02
4.020730234983209925e+02
4.162910492063983270e+02
3.501604455290372471e+02
3.421262543553510227e+02
3.913949623393252750e+02
4.517160453389023473e+02
3.520578609526106675e+02
3.792373111192679858e+02
3.273350311454640291e+02
2.927249378594125346e+02
3.098630156908339472e+02
3.213753959865862271e+02
-1.125162572877565204e+01
-1.945903023491428883e+02
-3.113665810425089262e+02
-4.157674231382613357e+02
-3.445757112203552879e+02
-2.539090892113877374e+02
-1.802489988589358347e+02
-1.403877865978429895e+02
-1.323691061570997718e+01
1.223917414516512814e+01
2.455826181332234981e+01
1.129728363476085917e+02
1.416609462460780833e+02
1.649172731772270026e+02
1.513487762904425153e+02
1.416453959288510305e+02
1.717958554797921238e+02
1.656485244849886556e+02
3.675624354929118454e+01
2.586144484122672083e+01
-2.651046636129354428e-01
2.604005759502853401e+00
-6.303041651144813784e+01
-2.604153724477180987e+01
-1.572869462517900274e+01
-3.298367534188160022e+01
-1.219532711424885285e+01
