1.679543508234321580e-01
2.381470915686781376e-01
3.001711495138846275e-01
3.621844287759223291e-01
4.079358790154964387e-01
4.505678567328094686e-01
4.992891397215386551e-01
5.269352620090036465e-01
5.758846338668303089e-01
6.051120107776770674e-01
6.298468644221990598e-01
6.457643325277014901e-01
6.765010578166659183e-01
7.037910119281640675e-01
1.253196089891362774e+00
1.307772519237440312e+00
1.358147366361853736e+00
1.414549560777448978e+00
1.526159031981459080e+00
1.569954668956637711e+00
1.598170498711102061e+00
1.683463475925636166e+00
1.815333594425430741e+00
1.897811835848322248e+00
2.180338354701178982e+00
2.188105377764176129e+00
2.408461021894500398e+00
2.676566589159662168e+00
3.018335603613219842e+00
3.206019481445617103e+00
3.501666295046374167e+00
4.016622748207024252e+00
4.358935064407424065e+00
5.127064341536947012e+00
5.707344494678160629e+00
6.324379547267461099e+00
7.439959773545397503e+00
8.684236186538930369e+00
9.798644603594851787e+00
1.082645385283281847e+01
1.330389086553719658e+01
1.467816696119739817e+01
1.656526436257725265e+01
1.764549803143179219e+01
1.692178657401395014e+01
1.597028511316358923e+01
1.471410600253866718e+01
1.218972680005035514e+01
7.353886192848600345e+00
3.795465648386376678e+00
-1.194319672528910026e+00
-6.663541721361987413e+00
-1.247712537551601564e+01
-1.511707919773246900e+01
-1.920081094226909002e+01
-2.444294891037741024e+01
-2.534271330063036132e+01
-2.761643952093761811e+01
-3.071238591197900547e+01
-3.062016179245206260e+01
-3.236922144400998747e+01
-3.514777137115791561e+01
-3.713647352011567193e+01
-3.905700014205911685e+01
-4.047599372072762947e+01
-4.040165556894556431e+01
-4.253348247942466287e+01
-4.230021549493769584e+01
-3.722235543213382414e+01
-3.729142279139914251e+01
-2.680750729435454005e+01
-2.290817700101117182e+01
-8.922931280598128012e+00
-4.726855883970208505e-01
1.323516824268896741e+01
2.566854104548935211e+01
3.833903283086584679e+01
5.040067712361402386e+01
5.779828887026183537e+01
6.222786954172878637e+01
6.075304956694516534e+01
5.666515894740710024e+01
4.476778659143910488e+01
3.170372078949744576e+01
2.109010573602717997e+01
3.692398410633516814e+00
-1.981972216489623406e+01
-3.445991322842139226e+01
-5.346685918551798267e+01
-7.092189625258416186e+01
-8.873041595060935549e+01
-1.036928102976017527e+02
-1.198908373576232549e+02
-1.359753481048259118e+02
-1.486418279721556530e+02
-1.654151303648595785e+02
-1.763809561984041636e+02
-1.942857910981082625e+02
-1.904969942868312103e+02
-2.124858879835114465e+02
-1.992951608700833219e+02
-1.917329184346000375e+02
-1.663388816549102955e+02
-1.375821561757883273e+02
-9.381238912712653644e+01
-2.666097573244973518e+01
5.389009892859489526e+01
1.646882991788145034e+02
3.107057688772937922e+02
4.428389122046301623e+02
5.953928132103432063e+02
7.469787527392688844e+02
8.802651164210710704e+02
9.696260478225210591e+02
1.034077238413402483e+03
1.000192142263021424e+03
9.261455985748858666e+02
8.273402686356492950e+02
6.655745020113583905e+02
4.811877155757596256e+02
2.927061902938646654e+02
9.701164862294763225e+01
-9.974989391473532407e+01
-3.084057577584762271e+02
-5.154568503679258811e+02
-6.420424945239776662e+02
-8.181621501935044307e+02
-9.568726073432925432e+02
-1.087913086606281013e+03
-1.188727667653484787e+03
-1.240989038158576022e+03
-1.308273646430137660e+03
-1.268698276351942013e+03
-1.295134436305821509e+03
-1.220697320182357998e+03
-1.111767963360255408e+03
-9.108027183555774400e+02
-7.243780232541727173e+02
-4.778246856712028716e+02
-1.620380220593874583e+02
2.866058760333530131e+02
7.171167526165735353e+02
1.143703823625493669e+03
1.603150822733899986e+03
2.104381617232551889e+03
2.435164144542515260e+03
2.733238152085059028e+03
2.798112242948922813e+03
2.837067270072451265e+03
2.676248326285153325e+03
2.364484988295889252e+03
1.962651899556063427e+03
1.472677381066383077e+03
9.140762966466716080e+02
2.534175874964462309e+02
-3.234063207974462557e+02
-9.901219439988059321e+02
-1.570059273500632116e+03
-2.072637108606500078e+03
-2.570208673193795676e+03
-3.036176942490398687e+03
-3.442836472138530553e+03
-3.728719906182174327e+03
-4.012609630046008988e+03
-4.110070166257050914e+03
-4.334645518396308034e+03
-4.211693904359979570e+03
-4.131889962449587074e+03
-3.874990596314113191e+03
-3.478022448688180248e+03
-5.063852411631412906e+03
-2.296180902394986788e+03
1.503579442096031016e+03
6.055687366439533434e+03
1.074066973472047175e+04
1.447458688029428777e+04
1.661260711615562832e+04
1.632317138522103960e+04
1.372271212526089221e+04
1.002847863200125903e+04
5.225798128305400496e+03
5.756066070882394570e+02
-3.650639013740707924e+03
-6.977305424460395443e+03
-9.243873004450108056e+03
-1.020854419247825899e+04
-9.710741543943502620e+03
-8.376414456078196963e+03
-5.918770890838939522e+03
-2.996233076523350974e+03
1.851748843840876191e+02
3.584559157251381293e+03
5.966571745323401046e+03
7.745181252766724356e+03
7.495791923939405933e+03
6.500538157978667186e+03
4.727081851778885721e+03
2.371916805514149928e+03
2.367309113635608639e+02
-1.855680342772477843e+03
-8.318203687010418435e+03
-1.085790211044778152e+04
-9.423905205149956601e+03
-5.700425899470740660e+03
-1.464692602816025556e+03
1.481614949884263524e+03
2.812037907368831384e+03
2.189185857892000968e+03
6.146566344654839895e+02
-8.749566633289603033e+02
-1.933060766405503500e+03
-2.398937370055039992e+03
-1.667410029328539167e+03
-1.223108936549989039e+03
-6.327091737956943689e+02
