7.146204058936972414e-02
3.686373118448603714e-01
1.246914473984290228e-01
1.750530714180244529e-01
2.284849592537529228e-01
2.694956936030153405e-01
3.042671423740173631e-01
3.395718246633177007e-01
3.791983027862241840e-01
4.011593632634418705e-01
4.491724089106739481e-01
4.949367569428886893e-01
5.068178990991318855e-01
5.314058529840600675e-01
5.695747063312911473e-01
6.223761318224503292e-01
1.109658710815414784e+00
1.227712270421799978e+00
1.323258212750850760e+00
1.406874487503703808e+00
1.461598165098953572e+00
1.463985882417316198e+00
1.452166079664081400e+00
1.525449009333017303e+00
1.567334809936228757e+00
1.544519174795009775e+00
1.677270878782585850e+00
1.608714459859622359e+00
1.704410761973635946e+00
1.883020434410382693e+00
2.172015380595436973e+00
2.332304365560237791e+00
2.473969162570871738e+00
3.149274484829204468e+00
3.403801851312769244e+00
4.255153067739414041e+00
4.859064769759030789e+00
5.386974173856254211e+00
6.255981956780138020e+00
7.292533938403598981e+00
7.897884150259256053e+00
8.649580191484901093e+00
1.032822413161119535e+01
1.178721367551166743e+01
1.364687553283451393e+01
1.489078464322817297e+01
1.541311207762741020e+01
1.605941237047518300e+01
1.831566074333938587e+01
1.994435613865477563e+01
1.951597783592519875e+01
2.225654095994950765e+01
2.106595096203745854e+01
2.014108676478470272e+01
2.117473605762831923e+01
1.902336062317260001e+01
1.538574711798806050e+01
1.218756801159739211e+01
1.080607397618083887e+01
7.671289311270579780e+00
1.898753241359410593e+00
-8.124657962572291448e-01
-2.135740831831211661e+00
-6.924857096125563771e+00
-8.352157484611382188e+00
-9.587608011928239193e+00
-1.082965172358800565e+01
-8.556866959107615855e+00
-9.084453552470728610e+00
-7.958937315805767909e+00
-5.647489435310282246e-01
-2.257116617308536188e+00
4.442382617115898213e+00
7.481221152701921895e+00
1.636133756539068784e+01
1.899215384430712916e+01
2.621462461422123624e+01
3.502474994722938817e+01
4.078422093202249243e+01
4.979909686573975591e+01
5.919932424785720571e+01
7.033139557034853340e+01
7.568044744328069839e+01
8.015457853587551540e+01
8.642055446385661810e+01
7.983866767237603312e+01
8.095688338651558524e+01
7.017993605920850086e+01
5.478988806701985936e+01
4.133432102524382401e+01
1.341743210281217991e+01
-4.387638805861006297e+00
-3.122948780112093914e+01
-5.809786783192249970e+01
-7.691858833667986062e+01
-1.025988254523577154e+02
-1.170009128310161373e+02
-1.359387452760831252e+02
-1.465203300400723947e+02
-1.581906731507734776e+02
-1.577207094047219584e+02
-1.567150249314273083e+02
-1.424818076357782672e+02
-1.210372033242896066e+02
-8.326127856342704092e+01
-5.374771227572206556e+01
-5.895847681676710472e+00
5.025611780034554243e+01
1.233835937915974910e+02
2.028465912788830678e+02
3.234641932897712877e+02
3.975913445953126484e+02
5.031111064883612016e+02
6.065696103294354771e+02
7.259443324015724102e+02
7.745265433688488201e+02
8.572622234108706607e+02
8.519081626039088633e+02
8.313706092314440639e+02
8.139545180956409922e+02
7.066774213229590487e+02
5.900718354063959623e+02
4.569015775471086727e+02
3.169372925544926716e+02
1.414653335115224309e+02
-2.904740996702029676e+01
-2.084300893492261082e+02
-3.373994585788794893e+02
-4.931297848149257561e+02
-6.280459106519438137e+02
-7.346059497135369156e+02
-8.399090738008807193e+02
-8.847326468607118386e+02
-9.176695434925024983e+02
-8.975071340924254173e+02
-9.227215284264520960e+02
-8.651470372454456310e+02
-7.670174477802755746e+02
-5.999102170100837839e+02
-4.629528431025021860e+02
-2.475477614196372826e+02
-3.448585391020213109e+01
3.143468151042638965e+02
6.150510134323706097e+02
8.767540592506438770e+02
1.189958347544907383e+03
1.538327630999810481e+03
1.762484798774701858e+03
1.976934262046565664e+03
1.988664508794706762e+03
2.014130023532640507e+03
1.895145987715448427e+03
1.663158659311783140e+03
1.310595419582362638e+03
9.831944548805639670e+02
5.488009863414692973e+02
3.385480956601389835e+01
-4.134929423803295094e+02
-9.754847555965608308e+02
-1.419827639117952231e+03
-1.818784285828941620e+03
-2.232010088415205701e+03
-2.612633521589921202e+03
-2.940204828733641534e+03
-3.145283078807411584e+03
-3.409147495571035506e+03
-3.485383691029925558e+03
-3.678641912940879592e+03
-3.519695995962151756e+03
-3.444608358977181979e+03
-3.220557467332251690e+03
-2.859803369225417100e+03
-4.351988986059001036e+03
-2.095724591075738772e+03
8.353788620878053734e+02
4.364793747801585596e+03
7.816520120518356634e+03
1.068433570575382328e+04
1.224279071356599889e+04
1.188924112134564893e+04
9.992976228514233298e+03
7.191776339069730057e+03
3.526046853599430051e+03
-1.414683615754224206e+02
-3.225144216825264266e+03
-5.617393864495543312e+03
-7.291018641794099494e+03
-7.958149770719074695e+03
-7.537696077287377193e+03
-6.507328655101608092e+03
-4.525317611426947224e+03
-2.163817580332176476e+03
2.540244952782195185e+02
2.734607039915277255e+03
4.645902455764737169e+03
5.816649291958629874e+03
5.582823012731778363e+03
4.937734166970623846e+03
3.459622962753222055e+03
1.619599432914401632e+03
-1.125389603468749016e+02
-1.606691523280737556e+03
-6.539415595476426461e+03
-8.280711712596761572e+03
-6.864656797113160792e+03
-3.800828986242339852e+03
-5.292375145858885617e+02
1.907404710878658989e+03
2.804076247284056080e+03
2.165681603458071095e+03
1.036276736734733504e+03
-9.733415482141278119e+01
-9.345154440503005162e+02
-1.390023140813897498e+03
-7.499552497879211614e+02
-4.902644194785313516e+02
-9.419916907834017650e+01
6.684457841297473113e-01
1.545777124525868018e+00
-1.485074981975611941e+00
3.419861832353304543e+00
2.713458561727994933e-01
-3.261834936922427097e+00
5.928321592563180475e-01
1.513968489758951375e+00
5.237226699717338896e+00
9.313252809696340506e+00
8.287588076682046889e+00
8.407184977000385473e+00
9.092290997225575211e+00
1.145550590584726436e+01
2.167604074261021907e+01
2.743429391795165628e+01
3.270799704103515637e+01
3.752124059021149094e+01
3.551502277169647215e+01
3.541150266567899507e+01
3.758568363573601090e+01
3.784149740904775427e+01
3.938737906211525086e+01
3.101854922218360144e+01
3.002813277604782272e+01
1.943932990787194015e+01
1.478212469437630716e+01
2.502671240755609094e+00
-4.681609783390360491e+00
-1.686536571817642027e+01
-1.425241101184762371e+01
-3.293811561984507819e+01
-3.093334544365217198e+01
-4.081682342243565387e+01
-4.847125175545453146e+01
-4.325262861772987577e+01
-4.207205463732917394e+01
-3.507372995075073874e+01
-2.306446659699588864e+01
-9.412602174027540514e+00
8.434853500817197869e+00
-1.036500696528204646e+00
2.007223873205112952e+01
4.820719674134885935e+01
6.632671200385564703e+01
1.000918632465921974e+02
1.296538567411458018e+02
1.620566361837437626e+02
1.836205924860445293e+02
2.563169011496908638e+02
2.512545736475964020e+02
2.910587534115911694e+02
3.562687184359838284e+02
3.881069317038904387e+02
3.659050565539643003e+02
3.909795453554447704e+02
3.953607867038507493e+02
3.582067409858566975e+02
3.292156210229180147e+02
3.018476665171343711e+02
2.637742133663963386e+02
1.372349383023548341e+02
8.099960822814040284e+01
-2.690050168266133213e+01
-1.048702407365380509e+02
-1.868787911164681645e+02
-2.256387324455349130e+02
-2.560447971040946982e+02
-3.012986841572255230e+02
-3.151306630415833752e+02
-3.191072994683153752e+02
-3.049731011665003848e+02
-2.373156931612232654e+02
-1.723601944970949091e+02
-9.092957024964086088e+01
-5.660835830520933598e+01
5.955792256928323525e+01
1.688306974169475438e+02
3.223353824921822479e+02
5.072207053245910515e+02
6.961638332419739754e+02
8.653698234785675822e+02
1.136028585725464382e+03
1.238217541624901742e+03
1.392737124663530494e+03
1.506814481489360105e+03
1.616613234739066684e+03
1.658688886588978676e+03
1.615204076370645907e+03
1.610564943696903129e+03
1.475044269604689816e+03
1.280380476061305444e+03
1.128967501454898866e+03
8.826268553447240492e+02
6.079604735845192636e+02
4.111215797606892011e+02
1.689588646300763628e+02
-1.965825328131226968e+02
-3.456757198126464914e+02
-6.880931033069892919e+02
-9.613442847974599772e+02
-1.183353385013175739e+03
-1.484236291938893373e+03
-1.645417239299938956e+03
-1.758233068446860216e+03
-1.893437167610859888e+03
-1.822446939776007866e+03
-1.848343547586449858e+03
-1.710131625798243476e+03
-1.425188824767211827e+03
-1.160421627829377485e+03
-6.646560835004595447e+02
-1.281559130415761274e+02
4.200948418202062840e+02
9.427984803589622516e+02
1.533032723418057458e+03
1.984108853208104620e+03
2.488027545944284611e+03
2.853134305528394634e+03
3.113300691901490609e+03
3.177476368390743119e+03
3.261093172476726977e+03
3.144269706758558641e+03
3.072715131490255771e+03
2.683553082706806435e+03
2.332021129593669230e+03
1.996021187989100099e+03
1.629524848385694895e+03
1.208720752479532848e+03
8.345950291246887218e+02
4.877686299945247583e+02
-7.060471968115724906e+01
-5.105536697563511552e+02
-8.724380944885366489e+02
-1.192148392631604793e+03
-1.478446859798105379e+03
-1.821512994800996921e+03
-2.086101631190965236e+03
-2.145675279019948903e+03
-2.162311912318006762e+03
-2.120460949937570149e+03
-1.977024994622223176e+03
-1.778160835607951640e+03
-1.107215670282729661e+03
-6.639725019538161632e+02
-2.752045118757659381e+01
5.666684371265594109e+02
1.269467201295286031e+03
1.938563965629387667e+03
2.472610391140723550e+03
2.879566863289812773e+03
3.248014415030526834e+03
3.442021568315954028e+03
3.601001135172817158e+03
3.542861798857908525e+03
3.416065777263452219e+03
3.333415413635201730e+03
3.117919652128930011e+03
2.768981002694210929e+03
2.317925305202758409e+03
1.841401230660335386e+03
1.615562952930817119e+03
1.184680748365818999e+03
6.644525212915073098e+02
3.072588120245446817e+02
-8.630864232252196189e+01
-6.665168895710679635e+02
-8.933682928386725735e+02
-1.405862532502658723e+03
-1.716754281169208298e+03
-3.657725452046821829e+03
-4.372145705259739771e+03
-4.705585538488800921e+03
-4.100799902778980140e+03
-2.811480333024005631e+03
-1.568367266284171137e+03
1.596409552288312454e+02
1.709667802201221775e+03
3.148455391655055791e+03
3.650168711945651467e+03
4.142223177406800460e+03
3.726307130154243168e+03
2.864793964918521397e+03
2.163097744804966624e+03
1.441795873299987079e+03
4.915809696707363514e+02
-2.700571173841030941e+02
-1.010280750006899098e+03
-1.328956571692116995e+03
-1.467574034770503431e+03
-1.430119045629608991e+03
-1.399234338509570080e+03
-8.338449686589592602e+02
-5.336844376526266842e+02
-1.206235318416429969e+01
6.645671541178077177e+02
8.083483607308107821e+02
1.137497697503266863e+03
1.014537436923707673e+03
1.859886897566958197e+01
-4.045939773180860755e+01
-5.312083968345076812e+01
-3.476545751562731112e+01
-3.427244276988182570e+00
-1.899684987305105466e+01
-2.216132172925578558e+01
-4.106086916267237541e+00
-3.846399056929795535e+01
1.202623193706361704e+01
9.067923802220603591e+01
9.497955641657182468e+01
4.827044215265161142e+01
2.880978703432654697e+01
1.284466846370574444e+02
1.772017775196587195e+02
1.990775795107450392e+02
3.225570528721293613e+02
2.892527879573472660e+02
2.466933526730311144e+02
3.931168895933801082e+02
3.086556369142801941e+02
4.330918652202473709e+02
3.363875327669075546e+02
5.681946247091440227e+02
4.991142172264121086e+02
6.087901698756487576e+02
5.537116406415080974e+02
5.092725517715463184e+02
4.918948781883603942e+02
5.635825244886062819e+02
6.408654256000647820e+02
3.940736524962804879e+02
4.137275163952624553e+02
4.560954281675493576e+02
1.982470083863258310e+02
1.866262418985372449e+02
1.436165059170298264e+02
-1.284276275424482305e+00
-7.797693525404999093e+01
-2.702478278430957062e+02
-1.952066926866350229e+02
-2.201665785701045195e+02
-2.779833773139481536e+02
-2.741718854413084614e+02
-2.602244418241955941e+02
-2.549133051863331048e+02
-2.782493320729130915e+02
-1.605873757486625664e+02
-2.871813707310541730e+01
3.802677314011866372e+01
1.622258367244759256e+02
4.143967191974274442e+02
5.992147240319867478e+02
6.228597769361083465e+02
9.483177985931611147e+02
1.289690069452066837e+03
1.270783154143304046e+03
1.728121103189079122e+03
2.439590767679391320e+03
2.778766364718825116e+03
2.672939930523242765e+03
2.568778352399642699e+03
2.428396387851200416e+03
2.490066263357094613e+03
1.864650249850679756e+03
1.627106220580623813e+03
1.200624816051317794e+03
7.842596695484793372e+02
-1.585980392771792857e+01
-1.291778803910269460e+02
-6.957448320824656776e+02
-1.014435115275872590e+03
-1.202820744116291280e+03
-1.554078894925480881e+03
-1.866536286656750690e+03
-1.793566694048120098e+03
-1.973590826761344260e+03
-2.096794414802942356e+03
-1.915213134454701503e+03
-1.716373415312301177e+03
-1.327471615140512995e+03
-9.861685975930034829e+02
-6.138152435246948926e+02
-4.229278268330755708e+01
4.647351445490000970e+02
9.116875853391161399e+02
1.204621591596835287e+03
1.976476092499442302e+03
2.137094254126047872e+03
2.415301206096102305e+03
2.735189608705542469e+03
2.837570780887144792e+03
3.151687436638562303e+03
2.903843920005329437e+03
3.087737010673884015e+03
2.915777354560461390e+03
2.982994841185102814e+03
2.546950079395352986e+03
2.286522837370590423e+03
1.933737943587569816e+03
1.686202641727867558e+03
1.271176035898690088e+03
8.740876388747734609e+02
5.059294441080000979e+02
-4.618829988828665734e+01
-6.273577290335199450e+02
-9.436802746304333596e+02
-1.435450784612516600e+03
-1.857305778438858169e+03
-2.276630386042061673e+03
-2.515112198555407758e+03
-2.666963659773564814e+03
-2.710194810240057450e+03
-1.886169520722656443e+03
-1.539566336517664240e+03
-1.395213011740723687e+03
-1.089293797377635656e+03
-7.731781726662884466e+02
-2.542484754474338331e+02
2.318219130597604405e+01
3.748025956933096836e+02
5.506877716211084817e+02
7.014121734632770995e+02
9.211512324323539360e+02
9.833927343406435284e+02
1.158428654379196814e+03
1.163669283117051918e+03
1.101893685510022578e+03
1.321005724098210976e+03
1.104185821703712918e+03
1.280215082855555238e+03
1.103609991547095206e+03
8.365418361208575107e+02
7.517046946625063129e+02
5.935124606603675375e+02
5.158310669125970662e+02
3.169745054974678737e+02
1.173958458152593778e+02
-4.097621177418991323e+01
-2.107721203752325607e+02
-3.353505505049388375e+02
-5.001150390576872269e+02
-6.143381724826705295e+02
-7.654090355949111881e+02
-7.524447132329908072e+02
-7.240334485037669765e+02
-6.684872916230942792e+02
-6.708042707114420864e+02
-5.772023696586384176e+02
-4.936140735131354518e+02
-3.488834653577245035e+02
-2.037134735428113572e+02
-3.782671657501969520e+01
1.348512395208273240e+01
7.691637432917853801e+01
1.624109108339650902e+02
2.197793674322664117e+02
2.746009178661358874e+02
2.960807148857215338e+02
3.715575768030534505e+02
3.840462583812849289e+02
3.225818528978143718e+02
3.146279737033322590e+02
3.587459804154214567e+02
4.137986888542774295e+02
3.224278279558278086e+02
3.470291839480565272e+02
2.993769740497171483e+02
2.683212530153008970e+02
2.800453868418989032e+02
2.875572466360655426e+02
-1.482745158559143839e+01
-1.824814235779253693e+02
-2.912161946896408722e+02
-3.857419326139477675e+02
-3.175974088780001239e+02
-2.336819467946299937e+02
-1.691389601191469296e+02
-1.281803818004282789e+02
-1.013562045341586249e+01
1.223045002492603750e+01
2.516101592064637060e+01
1.066821844912964536e+02
1.313444573739404859e+02
1.531520393321603990e+02
1.394702232815072875e+02
1.295817568976590053e+02
1.577250269730132004e+02
1.511540220938366588e+02
3.203944480797461125e+01
2.272195682423167185e+01
-1.731471996744930575e+00
2.250301724873038367e+00
-5.826649499298656565e+01
-2.463157238631286461e+01
-1.523294981598671249e+01
-3.139025897996024028e+01
-1.251137875150179291e+01
