8.292794935417432955e-02
4.320779321946870977e-01
1.478456511974634846e-01
2.093069484015902815e-01
2.635149127185292817e-01
3.173334766450930933e-01
3.566278407728499245e-01
3.926331414247647422e-01
4.340243906135546337e-01
4.560901375107786482e-01
4.978780450534155411e-01
5.213908482595230875e-01
5.404190376192297141e-01
5.510742303792616203e-01
5.752967517313816170e-01
5.965830300611884018e-01
1.054464094910941840e+00
1.092485167861825701e+00
1.126200854635349025e+00
1.165841643816014406e+00
1.253094607949302608e+00
1.279460300207537982e+00
1.293691173580594489e+00
1.357115455964601924e+00
1.460761374416390090e+00
1.515854594494213448e+00
1.751819865376656793e+00
1.741032943294019031e+00
1.914780421857417592e+00
2.130368312386511143e+00
2.409438101053007930e+00
2.544493171616701410e+00
2.766330556754556191e+00
3.183234594730393940e+00
3.441563854953046953e+00
4.073485453176946436e+00
4.531767862477820152e+00
5.022692829744227261e+00
5.953360909826742819e+00
6.999469051322322777e+00
7.910506122022200159e+00
8.721570580673677853e+00
1.079482461294471562e+01
1.191724691516261458e+01
1.347609856250240234e+01
1.435336613228935398e+01
1.365750683471289406e+01
1.284240563715828287e+01
1.179703776885362565e+01
9.579989809080043273e+00
5.342234371135591076e+00
2.165497889078712213e+00
-2.289693518174762410e+00
-7.216719784456946840e+00
-1.245341750342134901e+01
-1.487055420531862637e+01
-1.852971063938561969e+01
-2.328659865194362766e+01
-2.417173873117823391e+01
-2.624728788725869677e+01
-2.903619833310426301e+01
-2.900453085415502841e+01
-3.051045419037013318e+01
-3.296355672584444108e+01
-3.480372796758111775e+01
-3.654312225971816019e+01
-3.776221136412293333e+01
-3.770536208945263468e+01
-3.951843233550376056e+01
-3.921632680919535829e+01
-3.459952658270701420e+01
-3.446112287691055798e+01
-2.493069139548256175e+01
-2.117064376589192065e+01
-8.369870403421540317e+00
-4.524528014448181423e-01
1.221839876005825332e+01
2.387298847273060076e+01
3.559370170632156771e+01
4.667559716217648713e+01
5.358735506810666749e+01
5.765881556923036300e+01
5.620086928597882547e+01
5.258379826271039548e+01
4.157534575279552058e+01
2.989619550723322661e+01
1.996525235496543260e+01
3.963629408891421235e+00
-1.739768451469462818e+01
-3.095835444963823591e+01
-4.791052616092528638e+01
-6.375997679370048132e+01
-7.977012033608079378e+01
-9.328342563981496482e+01
-1.075552564323993749e+02
-1.215621501856060434e+02
-1.331010842165565009e+02
-1.474637047453429091e+02
-1.572108232479570518e+02
-1.727967051161686527e+02
-1.692744255181467850e+02
-1.885925518238258292e+02
-1.763050808638830915e+02
-1.691666464589324335e+02
-1.459042818934010199e+02
-1.192745452129427548e+02
-7.929540069248277234e+01
-1.771727487335878948e+01
5.489367650193196368e+01
1.541898563064609107e+02
2.860447304754647462e+02
4.037153726512354410e+02
5.407058482607732230e+02
6.752586294787355428e+02
7.942852589269434702e+02
8.736755587942136572e+02
9.296797132477857986e+02
8.980611029690926443e+02
8.306217486883973606e+02
7.393547391956964248e+02
5.924799784131827209e+02
4.258362462395675720e+02
2.551733765060041890e+02
7.932909978958265640e+01
-9.704030965072466586e+01
-2.831921833109905720e+02
-4.676826637696247531e+02
-5.806136807585450015e+02
-7.377582558282026639e+02
-8.611513243731909597e+02
-9.767139868979106723e+02
-1.065358626770120964e+03
-1.109196685401201421e+03
-1.168442412202047308e+03
-1.131044584124164658e+03
-1.151484912777478712e+03
-1.082010880786061307e+03
-9.818540231955452100e+02
-7.983373137822244416e+02
-6.275457419590655945e+02
-4.039940439710327951e+02
-1.178731374441989885e+02
2.840740653329133352e+02
6.720366640327848700e+02
1.055464186710353033e+03
1.467354889917950914e+03
1.913652168428384812e+03
2.208870911607561538e+03
2.469958361785329089e+03
2.525126188890902995e+03
2.555957997391621120e+03
2.407846258580046197e+03
2.123902875081009824e+03
1.761023953489747100e+03
1.318108910626722945e+03
8.178663593385236936e+02
2.232354842908559078e+02
-2.928227539390986749e+02
-8.881203016125779186e+02
-1.404872116598227649e+03
-1.854289427007392760e+03
-2.296885781246583520e+03
-2.711021614607862830e+03
-3.070682919747769120e+03
-3.326085402854755102e+03
-3.576298741515941856e+03
-3.659098898285571067e+03
-3.853927585152478969e+03
-3.741056172530160438e+03
-3.664614541760667635e+03
-3.430585947494792890e+03
-3.068912626917725902e+03
-4.439292031782268168e+03
-1.952675807540838605e+03
1.453939957911398324e+03
5.514782323390950296e+03
9.681358899579639910e+03
1.299746983608458504e+04
1.485922518011607281e+04
1.455860317268770632e+04
1.219485874944172610e+04
8.864404959065997900e+03
4.549910646169787469e+03
3.949802741568622082e+02
-3.377250644933893454e+03
-6.336852132575179894e+03
-8.337030619504579590e+03
-9.176300713119066131e+03
-8.712307262917292974e+03
-7.501527321120459419e+03
-5.276827934155910043e+03
-2.658608179499658490e+03
1.882376115310347870e+02
3.226296580983009335e+03
5.354272815374290985e+03
6.926034608737028975e+03
6.688651968694262905e+03
5.784617993164019026e+03
4.182986114618197462e+03
2.073931852347602216e+03
1.442638992380611853e+02
-1.701514835982694422e+03
-7.521326652752555674e+03
-9.752248297133102824e+03
-8.428369326015697879e+03
-5.096622974536978290e+03
-1.301046529944563190e+03
1.331446342015235814e+03
2.516023659068824145e+03
1.940533403490619094e+03
5.271172894388064378e+02
-8.196996384332193202e+02
-1.748055171710315562e+03
-2.141135827274610165e+03
-1.494668555693952385e+03
-1.087503463401884801e+03
-5.616873250950216061e+02
