0.000000000000000000e+00
0.000000000000000000e+00
0.000000000000000000e+00
0.000000000000000000e+00
0.000000000000000000e+00
0.000000000000000000e+00
0.000000000000000000e+00
0.000000000000000000e+00
0.000000000000000000e+00
0.000000000000000000e+00
0.000000000000000000e+00
0.000000000000000000e+00
0.000000000000000000e+00
0.000000000000000000e+00
0.000000000000000000e+00
0.000000000000000000e+00
0.000000000000000000e+00
0.000000000000000000e+00
0.000000000000000000e+00
0.000000000000000000e+00
0.000000000000000000e+00
0.000000000000000000e+00
0.000000000000000000e+00
0.000000000000000000e+00
0.000000000000000000e+00
0.000000000000000000e+00
0.000000000000000000e+00
0.000000000000000000e+00
9.623043708941561884e-04
1.026457995620433253e-03
1.092681092112074122e-03
1.160973660369078687e-03
1.231335700391447165e-03
2.161285222179000227e-03
2.284787234874943208e-03
2.411719859034662083e-03
2.542083094658157284e-03
2.675876941745428811e-03
1.641334393655541476e-03
1.723401113338318604e-03
1.807469460330431458e-03
1.893539434631880689e-03
1.981611036242665862e-03
3.749587108547965727e-03
3.916235424483430726e-03
4.086506529895753310e-03
4.260400424784934782e-03
4.437917109150973406e-03
4.504091590998808917e-03
4.684255254638761481e-03
4.867951539134399153e-03
5.055180444485722797e-03
5.245941970692730681e-03
8.721299737238046284e-04
9.038437909501248263e-04
9.361239263412006548e-04
9.689703798970322225e-04
1.002383151617619638e-03
5.368241030475413150e-03
5.547182398157927095e-03
5.729057230884415826e-03
5.913865528654881944e-03
6.101607291469321979e-03
7.820646347301644583e-03
8.061281619526310463e-03
8.305562880724079444e-03
8.553490130894946322e-03
8.805063370038914566e-03
9.130963197309483609e-03
9.391847860089754668e-03
9.656406954740168191e-03
9.924640481260729383e-03
1.019654843965143477e-02
1.001048645656848514e-02
1.027743276207697919e-02
1.054789151897374266e-02
1.082186272725877384e-02
1.109934638693207617e-02
1.407321924396013994e-02
1.442504972505914349e-02
1.478122379234455414e-02
1.514174144581637363e-02
1.550660268547459676e-02
1.498284635520635150e-02
1.533538391650532580e-02
1.569202075177289143e-02
1.605275686100905014e-02
1.641759224421380017e-02
1.527640359976547950e-02
1.561587923531582330e-02
1.595908537235573091e-02
1.630602201088520581e-02
1.665668915090423932e-02
1.499263447679440031e-02
1.530826888683217701e-02
1.562719115530784852e-02
1.594940128222141137e-02
1.627489926757286903e-02
2.187148543939890916e-02
2.230891514818689192e-02
2.275067584419059041e-02
2.319676752741001505e-02
2.364719019784516235e-02
2.410194385549602886e-02
2.456102850036262150e-02
2.502444413244493335e-02
2.549219075174296786e-02
2.006911073891928798e-02
2.043735130293615476e-02
2.080893950844408744e-02
2.118387535544307559e-02
2.156215884393313312e-02
2.194378997391424960e-02
2.232876874538642850e-02
2.271709515834966983e-02
2.310876921280397706e-02
2.483780241694572011e-02
2.525878211892785066e-02
2.568329946546445836e-02
2.611135445655552931e-02
2.654294709220107740e-02
2.697807737240109568e-02
2.741674529715558417e-02
2.785895086646454286e-02
2.830469408032797521e-02
2.866737621120830914e-02
2.911883095469190719e-02
2.957381268835896498e-02
3.003232141220948948e-02
3.049435712624348413e-02
3.095991983046094201e-02
3.142900952486186311e-02
3.190162620944625438e-02
3.237776988421411234e-02
3.223191962060984600e-02
3.270591843855998743e-02
3.318337710189663003e-02
3.366429561061977382e-02
3.414867396472940492e-02
3.463651216422554413e-02
3.512781020910817759e-02
3.562256809937730528e-02
3.612078583503292722e-02
3.403112627194221362e-02
3.450052111707245517e-02
3.497313099538851278e-02
3.544895590689040032e-02
3.592799585157810394e-02
3.641025082945163749e-02
3.689572084051099404e-02
3.738440588475617360e-02
3.787630596218717616e-02
3.788474267048939914e-02
3.837675231556068878e-02
3.887193621640663843e-02
3.937029437302723422e-02
3.987182678542249004e-02
4.037653345359239199e-02
4.088441437753695396e-02
4.139546955725616206e-02
4.190969899275002325e-02
4.044835301603482564e-02
4.094465182604752757e-02
4.144397684831638978e-02
4.194632808284144698e-02
4.245170552962266447e-02
4.296010918866006306e-02
4.347153905995362888e-02
4.398599514350338274e-02
4.450347743930930383e-02
4.115374853869774308e-02
4.163228049845003886e-02
4.211357853889455272e-02
4.259764266003127076e-02
4.308447286186019992e-02
4.357406914438134021e-02
4.406643150759469163e-02
4.456155995150024723e-02
4.505945447609801396e-02
2.985732837049655600e-02
3.018724360110977903e-02
3.051897155277032841e-02
3.085251222547819722e-02
3.118786561923339584e-02
3.152503173403592429e-02
3.186401056988576869e-02
3.220480212678294291e-02
3.254740640472744001e-02
2.871336300874804612e-02
2.901560893515591974e-02
2.931943730096907286e-02
2.962484810618749853e-02
2.993184135081120717e-02
3.024041703484018490e-02
3.055057515827444559e-02
3.086231572111397536e-02
3.117563872335879158e-02
2.579914285009335395e-02
2.605843071793348745e-02
2.631901502511282270e-02
2.658089577163135972e-02
2.684407295748909503e-02
2.710854658268603209e-02
2.737431664722216745e-02
2.764138315109750804e-02
2.790974609431204345e-02
1.204879107346028960e-02
1.216464483378202309e-02
1.228105291831582332e-02
1.239801532706168684e-02
1.251553206001961883e-02
1.263360311718961411e-02
1.275222849857167787e-02
1.287140820416580490e-02
1.299114223397199695e-02
1.798663390705234830e-02
1.815240933476711810e-02
1.831894520022369841e-02
1.848624150342208922e-02
1.865429824436228706e-02
1.882311542304429888e-02
1.899269303946812121e-02
1.916303109363375751e-02
1.933412958554120084e-02
-1.409877469576932725e-02
-1.422354261343100092e-02
-1.434886016949647215e-02
-1.447472736396574096e-02
-1.460114419683880387e-02
-1.472811066811566261e-02
-1.485562677779631718e-02
-1.498369252588076933e-02
-1.511230791236901558e-02
-3.817869091013344207e-02
-3.850361593915585523e-02
-3.882991776914869464e-02
-3.915759640011198112e-02
-3.948665183204569384e-02
-3.981708406494983976e-02
-4.014889309882441887e-02
-4.048207893366943810e-02
-4.081664156948489053e-02
-5.398548747895839245e-02
-5.442799147468755511e-02
-5.487230160917480615e-02
-5.531841788242012475e-02
-5.576634029442352480e-02
-5.621606884518500630e-02
-5.666760353470456923e-02
-5.712094436298219974e-02
-5.757609133001791862e-02
-1.067079391600843780e-01
-1.075514801811127130e-01
-1.083983422297828958e-01
-1.092485253060949124e-01
-1.101020294100487767e-01
-1.109588545416444888e-01
-1.118190007008820347e-01
-1.126824678877614422e-01
-1.135492561022826835e-01
-1.622867812470297488e-01
-1.635256116382284297e-01
-1.647691524111427053e-01
-1.660174035657726033e-01
-1.672703651021180404e-01
-1.685280370201790723e-01
-1.697904193199556988e-01
-1.710575120014479200e-01
-1.723293150646556804e-01
-2.648963540726235188e-01
-2.668513087152259433e-01
-2.688134506910731525e-01
-2.707827800001652574e-01
-2.727592966425022580e-01
-2.747430006180840989e-01
-2.767338919269107800e-01
-2.787319705689823568e-01
-2.807372365442987738e-01
-3.263720116658029857e-01
-3.287032403205586983e-01
-3.310427651626978718e-01
-3.333905861922205616e-01
-3.357467034091267122e-01
-3.381111168134163236e-01
-3.404838264050894514e-01
-3.428648321841460400e-01
-3.452541341505860895e-01
-4.818897042325053781e-01
-4.852245810784050484e-01
-4.885709574996354165e-01
-4.919288334961964826e-01
-4.952982090680882465e-01
-4.986790842153107084e-01
-5.020714589378638681e-01
-5.054753332357476703e-01
-5.088907071089621148e-01
-6.372407170825408196e-01
-6.415175004186652874e-01
-6.458085873779874087e-01
-6.501139779605072944e-01
-6.544336721662249445e-01
-6.587676699951403592e-01
-6.631159714472535383e-01
-6.674785765225644818e-01
-6.718554852210730788e-01
-8.531387291788476990e-01
-8.586966362093287897e-01
-8.642725883925062025e-01
-8.698665857283800484e-01
-8.754786282169503275e-01
-8.811087158582168177e-01
-8.867568486521797411e-01
-8.924230265988390975e-01
-8.981072496981946651e-01
-1.068933118311556907e+00
-1.075698517794541509e+00
-1.082485259231730890e+00
-1.089293342623125493e+00
-1.096122767968725098e+00
-1.102973535268529703e+00
-1.109845644522539088e+00
-1.116739095730753695e+00
-1.123653888893173081e+00
-1.355715025632794779e+00
-1.364057887328996577e+00
-1.372426340625493735e+00
-1.380820385522285587e+00
-1.389240022019372800e+00
-1.397685250116754929e+00
-1.406156069814432197e+00
-1.414652481112404603e+00
-1.423174484010672147e+00
-1.723460145897107276e+00
-1.733780266531221637e+00
-1.744131193495587206e+00
-1.754512926790203764e+00
-1.764925466415071309e+00
-1.775368812370190064e+00
-1.785842964655560028e+00
-1.796347923271180980e+00
-1.806883688217052919e+00
-1.976624711250012378e+00
-1.988150219770420390e+00
-1.999709232676062376e+00
-2.011301749966938335e+00
-2.022927771643047823e+00
-2.034587297704391062e+00
-2.046280328150967609e+00
-2.058006862982778351e+00
-2.069766902199823289e+00
-2.321712364685498020e+00
-2.334903912212120236e+00
-2.348132829561763835e+00
-2.361399116734429260e+00
-2.374702773730116512e+00
-2.388043800548825146e+00
-2.401422197190555163e+00
-2.414837963655306563e+00
-2.428291099943079789e+00
-2.508683863048634333e+00
-2.522582388605690173e+00
-2.536519307879755214e+00
-2.550494620870828122e+00
-2.564508327578909341e+00
-2.578560428003999316e+00
-2.592650922146098047e+00
-2.606779810005204645e+00
-2.620947091581319999e+00
-2.539589775467203214e+00
-2.553317287767026045e+00
-2.567081801447710809e+00
-2.580883316509257952e+00
-2.594721832951666585e+00
-2.608597350774937151e+00
-2.622509869979070540e+00
-2.636459390564065419e+00
-2.650445912529922676e+00
-2.274883784501311457e+00
-2.286888448271767071e+00
-2.298924703262670732e+00
-2.310992549474023328e+00
-2.323091986905824857e+00
-2.335223015558074433e+00
-2.347385635430772943e+00
-2.359579846523919500e+00
-2.371805648837514990e+00
-1.849025663417483312e+00
-1.858556723538192124e+00
-1.868112285098799674e+00
-1.877692348099306408e+00
-1.887296912539711879e+00
-1.896925978420016534e+00
-1.906579545740220372e+00
-1.916257614500322948e+00
-1.925960184700324485e+00
-6.956036325914041196e-01
-6.991079330074817522e-01
-7.026210381984741016e-01
-7.061429481643811679e-01
-7.096736629052031731e-01
-7.132131824209398951e-01
-7.167615067115912231e-01
-7.203186357771574899e-01
-7.238845696176384736e-01
8.837780044651766254e-02
8.881315906940691340e-02
8.924958736950228122e-02
8.968708534680376598e-02
9.012565300131136770e-02
9.056529033302508636e-02
9.100599734194490809e-02
9.144777402807084676e-02
9.189062039140291627e-02
1.305516983448459456e+00
1.311808631561464322e+00
1.318115403828586718e+00
1.324437300249826865e+00
1.330774320825184764e+00
1.337126465554660637e+00
1.343493734438254261e+00
1.349876127475965859e+00
1.356273644667794986e+00
2.472370400790207423e+00
2.484032525322236395e+00
2.495722090147282302e+00
2.507439095265344697e+00
2.519183540676423583e+00
2.530955426380518958e+00
2.542754752377630822e+00
2.554581518667759177e+00
2.566435725250904465e+00
3.478369412912799330e+00
3.494435784335029105e+00
3.510539175046250904e+00
3.526679585046463394e+00
3.542857014335667021e+00
3.559071462913862227e+00
3.575322930781049013e+00
3.591611417937226935e+00
3.607936924382395993e+00
4.011574071649664397e+00
4.029725990525908408e+00
4.047918884388327143e+00
4.066152753236923267e+00
4.084427597071695892e+00
4.102743415892645018e+00
4.121100209699771533e+00
4.139497978493073660e+00
4.157936722272553176e+00
4.469304711355750470e+00
4.489124244443802425e+00
4.508987626056385700e+00
4.528894856193500296e+00
4.548845934855145323e+00
4.568840862041321671e+00
4.588879637752029339e+00
4.608962261987267439e+00
4.629088734747037748e+00
4.529909410401121939e+00
4.549604668707213584e+00
4.569342649916356081e+00
4.589123354028547652e+00
4.608946781043789187e+00
4.628812930962082461e+00
4.648721803783423923e+00
4.668673399507817123e+00
4.688667718135259399e+00
4.693827379053153948e+00
4.713843700499009692e+00
4.733902609862835398e+00
4.754004107144630176e+00
4.774148192344396691e+00
4.794334865462131390e+00
4.814564126497836938e+00
4.834835975451511558e+00
4.855150412323157028e+00
4.293346079995795428e+00
4.311309871125485138e+00
4.329311164950643942e+00
4.347349961471270952e+00
4.365426260687367943e+00
4.383540062598934028e+00
4.401691367205968319e+00
4.419880174508473480e+00
4.438106484506445959e+00
4.016533655570376560e+00
4.033028660316046121e+00
4.049557466300948150e+00
4.066120073525082645e+00
4.082716481988450496e+00
4.099346691691050815e+00
4.116010702632884488e+00
4.132708514813950629e+00
4.149440128234250125e+00
3.662921745818019215e+00
3.677691591567285645e+00
3.692491155316047102e+00
3.707320437064304031e+00
3.722179436812056874e+00
3.737068154559305189e+00
3.751986590306048530e+00
3.766934744052288231e+00
3.781912615798022959e+00
3.059234355114742954e+00
3.071350134738959792e+00
3.083489858591683230e+00
3.095653526672912381e+00
3.107841138982648577e+00
3.120052695520890484e+00
3.132288196287639437e+00
3.144547641282894102e+00
3.156831030506655811e+00
2.210449156719433539e+00
2.219050126200831752e+00
2.227667796593844951e+00
2.236302167898472248e+00
2.244953240114713644e+00
2.253621013242570026e+00
2.262305487282040062e+00
2.271006662233125084e+00
2.279724538095824204e+00
1.254042436887839340e+00
1.258838010260259210e+00
1.263642735490260183e+00
1.268456612577842257e+00
1.273279641523005212e+00
1.278111822325749047e+00
1.282953154986073763e+00
1.287803639503979580e+00
1.292663275879466278e+00
6.270767510529844380e-01
6.294341824479205982e-01
6.317960367910647745e-01
6.341623140824170779e-01
6.365330143219775083e-01
6.389081375097460658e-01
6.412876836457227503e-01
6.436716527299075619e-01
6.460600447623006115e-01
-4.151830572706359801e-01
-4.167179299407677284e-01
-4.182556344792945358e-01
-4.197961708862164021e-01
-4.213395391615334384e-01
-4.228857393052454783e-01
-4.244347713173525771e-01
-4.259866351978547905e-01
-4.275413309467520628e-01
-1.561573840326317519e+00
-1.567252290654777003e+00
-1.572941046700710777e+00
-1.578640108464119285e+00
-1.584349475945002084e+00
-1.590069149143359617e+00
-1.595799128059191663e+00
-1.601539412692497999e+00
-1.607290003043278848e+00
-2.363337187876779044e+00
-2.371792777099951621e+00
-2.380263465589594229e+00
-2.388749253345707313e+00
-2.397250140368289983e+00
-2.405766126657342241e+00
-2.414297212212864974e+00
-2.422843397034857293e+00
-2.431404681123319644e+00
-3.638346827760386759e+00
-3.651157908139824659e+00
-3.663991503599015598e+00
-3.676847614137959575e+00
-3.689726239756656145e+00
-3.702627380455106199e+00
-3.715551036233309290e+00
-3.728497207091264976e+00
-3.741465893028973699e+00
-4.919015532008891078e+00
-4.936065845811347330e+00
-4.953145658426612030e+00
-4.970254969854682514e+00
-4.987393780095561446e+00
-5.004562089149247051e+00
-5.021759897015739327e+00
-5.038987203695038275e+00
-5.056244009187144783e+00
-6.421829369308857061e+00
-6.443746875688750819e+00
-6.465701720239649397e+00
-6.487693902961552794e+00
-6.509723423854461899e+00
-6.531790282918374935e+00
-6.553894480153293678e+00
-6.576036015559216352e+00
-6.598214889136144734e+00
-7.485328331343336750e+00
-7.510489098843651234e+00
-7.535692082396817426e+00
-7.560937282002837101e+00
-7.586224697661709371e+00
-7.611554329373434236e+00
-7.636926177138012584e+00
-7.662340240955443527e+00
-7.687796520825727953e+00
-8.489046480470946676e+00
-8.517155905902969337e+00
-8.545311793195210726e+00
-8.573514142347669065e+00
-8.601762953360347908e+00
-8.630058226233243701e+00
-8.658399960966358222e+00
-8.686788157559689694e+00
-8.715222816013239893e+00
-9.296744193846425475e+00
-9.327076148801879185e+00
-9.357457504335435772e+00
-9.387888260447095234e+00
-9.418368417136859350e+00
-9.448897974404724565e+00
-9.479476932250696208e+00
-9.510105290674768952e+00
-9.540783049676946348e+00
-9.773781435605870982e+00
-9.805208385559586404e+00
-9.836685780055766770e+00
-9.868213619094406752e+00
-9.899791902675508126e+00
-9.931420630799072669e+00
-9.963099803465098603e+00
-9.994829420673585929e+00
-1.002660948242453465e+01
-9.174331358704261419e+00
-9.203410063486208159e+00
-9.232534778876987147e+00
-9.261705504876598383e+00
-9.290922241485041866e+00
-9.320184988702317597e+00
-9.349493746528425575e+00
-9.378848514963365801e+00
-9.408249294007138275e+00
-7.734597669441857448e+00
-7.758768287158863686e+00
-7.782976612547813922e+00
-7.807222645608710820e+00
-7.831506386341552606e+00
-7.855827834746341054e+00
-7.880186990823072612e+00
-7.904583854571751722e+00
-7.929018425992374830e+00
-5.651797502082009039e+00
-5.669214443536807480e+00
-5.686658180286151776e+00
-5.704128712330041040e+00
-5.721626039668477048e+00
-5.739150162301458025e+00
-5.756701080228985745e+00
-5.774278793451058434e+00
-5.791883301967677866e+00
-2.165733185756104628e+00
-2.172315961396700690e+00
-2.178908726074687774e+00
-2.185511479790065437e+00
-2.192124222542834122e+00
-2.198746954332993830e+00
-2.205379675160544117e+00
-2.212022385025485871e+00
-2.218675083927817759e+00
1.344898668454407753e+00
1.348931348119938312e+00
1.352970064731075839e+00
1.357014818287820335e+00
1.361065608790172021e+00
1.365122436238130899e+00
1.369185300631696744e+00
1.373254201970869781e+00
1.377329140255649786e+00
5.877598854202214618e+00
5.894988199924705796e+00
5.912403231534527848e+00
5.929843949031679884e+00
5.947310352416161905e+00
5.964802441687973911e+00
5.982320216847116789e+00
5.999863677893588765e+00
6.017432824827391613e+00
9.459650502862499977e+00
9.487269920389106659e+00
9.514929599457296661e+00
9.542629540067069982e+00
9.570369742218428399e+00
9.598150205911368360e+00
9.625970931145895193e+00
9.653831917922005346e+00
9.681733166239698818e+00
1.361070640771311524e+01
1.364993034548750472e+01
1.368921072058243205e+01
1.372854753299790076e+01
1.376794078273390554e+01
1.380739046979044993e+01
1.384689659416753216e+01
1.388645915586515400e+01
1.392607815488331369e+01
1.641371146054157393e+01
1.646040765246345572e+01
1.650717017420340937e+01
1.655399902576143489e+01
1.660089420713752872e+01
1.664785571833169442e+01
1.669488355934392843e+01
1.674197773017423785e+01
1.678913823082261558e+01
1.929460286150439785e+01
1.934880118414907457e+01
1.940307552127151069e+01
1.945742587287171332e+01
1.951185223894967535e+01
1.956635461950540034e+01
1.962093301453888827e+01
1.967558742405013916e+01
1.973031784803915301e+01
2.050894375256604008e+01
2.056583402649825842e+01
2.062280309582373761e+01
2.067985096054247762e+01
2.073697762065447492e+01
2.079418307615972594e+01
2.085146732705823780e+01
2.090883037335001049e+01
2.096627221503503691e+01
2.223888407197157235e+01
2.229981252148382254e+01
2.236082432044820933e+01
2.242191946886473275e+01
2.248309796673339633e+01
2.254435981405419653e+01
2.260570501082713335e+01
2.266713355705220678e+01
2.272864545272941683e+01
2.335031253634179293e+01
2.341350688691376192e+01
2.347678663525676868e+01
2.354015178137082387e+01
2.360360232525592039e+01
2.366713826691206179e+01
2.373075960633924453e+01
2.379446634353746859e+01
2.385825847850673753e+01
2.189582868437504004e+01
2.195437368085732643e+01
2.201299684155387482e+01
2.207169816646468163e+01
2.213047765558975755e+01
2.218933530892908834e+01
2.224827112648268823e+01
2.230728510825054656e+01
2.236637725423266687e+01
2.086344644815082106e+01
2.091856783903100592e+01
2.097376194942422956e+01
2.102902877933048487e+01
2.108436832874977540e+01
2.113978059768210116e+01
2.119526558612746214e+01
2.125082329408585480e+01
2.130645372155728268e+01
1.887701286513570409e+01
1.892630010499245685e+01
1.897565160461434175e+01
1.902506736400135878e+01
1.907454738315350440e+01
1.912409166207078570e+01
1.917370020075320269e+01
1.922337299920074827e+01
1.927311005741342953e+01
1.625677039127864276e+01
1.629872334712710469e+01
1.634073036606299922e+01
1.638279144808632637e+01
1.642490659319708968e+01
1.646707580139528559e+01
1.650929907268091412e+01
1.655157640705397526e+01
1.659390780451447256e+01
1.310773275886737466e+01
1.314117085263999485e+01
1.317465154271041428e+01
1.320817482907863472e+01
1.324174071174465439e+01
1.327534919070847330e+01
1.330900026597009145e+01
1.334269393752950883e+01
1.337643020538672722e+01
1.072321777334970072e+01
1.075026245878059505e+01
1.077734120552815433e+01
1.080445401359237501e+01
1.083160088297326062e+01
1.085878181367080941e+01
1.088599680568502315e+01
1.091324585901590005e+01
1.094052897366343835e+01
6.458574418375822468e+00
6.474680588995213704e+00
6.490806817112261484e+00
6.506953102726969362e+00
6.523119445839334674e+00
6.539305846449357418e+00
6.555512304557039371e+00
6.571738820162377870e+00
6.587985393265375578e+00
1.959786041904218123e+00
1.964619053104968316e+00
1.969458016289955982e+00
1.974302931459180899e+00
1.979153798612643289e+00
1.984010617750342931e+00
1.988873388872280046e+00
1.993742111978454634e+00
1.998616787068866474e+00
-1.968247551151223185e+00
-1.973048154934518905e+00
-1.977854605981862468e+00
-1.982666904293253651e+00
-1.987485049868693121e+00
-1.992309042708180211e+00
-1.997138882811715144e+00
-2.001974570179298141e+00
-2.006816104810928980e+00
-7.560368077193003522e+00
-7.578607807174169153e+00
-7.596869512733624319e+00
-7.615153193871370796e+00
-7.633458850587407696e+00
-7.651786482881735019e+00
-7.670136090754353653e+00
-7.688507674205261821e+00
-7.706901233234461301e+00
-1.380088824442600348e+01
-1.383382592520029064e+01
-1.386680286423533381e+01
-1.389981906153113123e+01
-1.393287451708768643e+01
-1.396596923090499764e+01
-1.399910320298306132e+01
-1.403227643332188634e+01
-1.406548892192146383e+01
-2.020155087341192512e+01
-2.024925229223934409e+01
-2.029700996273990654e+01
-2.034482388491361959e+01
-2.039269405876047614e+01
-2.044062048428047618e+01
-2.048860316147362326e+01
-2.053664209033991384e+01
-2.058473727087935146e+01
-2.709464466807926897e+01
-2.715794991263085123e+01
-2.722132902561248713e+01
-2.728478200702416956e+01
-2.734830885686590562e+01
-2.741190957513768467e+01
-2.747558416183951735e+01
-2.753933261697139301e+01
-2.760315494053331875e+01
-3.498374500846284718e+01
-3.506463228015871891e+01
-3.514561295517063400e+01
-3.522668703349859243e+01
-3.530785451514260131e+01
-3.538911540010264645e+01
-3.547046968837874914e+01
-3.555191737997089518e+01
-3.563345847487908458e+01
-4.437457215230648444e+01
-4.447611579567560369e+01
-4.457777548892286035e+01
-4.467955123204826151e+01
-4.478144302505178587e+01
-4.488345086793345473e+01
-4.498557476069326100e+01
-4.508781470333119756e+01
-4.519017069584727864e+01
-5.495027499232967472e+01
-5.507473767634401440e+01
-5.519934115524976903e+01
-5.532408542904694571e+01
-5.544897049773553732e+01
-5.557399636131555098e+01
-5.569916301978697959e+01
-5.582447047314983024e+01
-5.594991872140410294e+01
-6.499627052741577415e+01
-6.514200207568352141e+01
-6.528789681717441340e+01
-6.543395475188845012e+01
-6.558017587982563157e+01
-6.572656020098595775e+01
-6.587310771536942866e+01
-6.601981842297604430e+01
-6.616669232380580468e+01
-7.776712274025000227e+01
-7.793974676409074220e+01
-7.811256216711532829e+01
-7.828556894932378896e+01
-7.845876711071609577e+01
-7.863215665129226295e+01
-7.880573757105227628e+01
-7.897950986999617840e+01
-7.915347354812391245e+01
-8.822182621555994331e+01
-8.841572033911062078e+01
-8.860982729924039347e+01
-8.880414709594926137e+01
-8.899867972923721027e+01
-8.919342519910425438e+01
-8.938838350555037948e+01
-8.958355464857559980e+01
-8.977893862817990112e+01
-1.003846898296505401e+02
-1.006031548782460874e+02
-1.008218573888509582e+02
-1.010407973614651951e+02
-1.012599747960887555e+02
-1.014793896927216679e+02
-1.016990420513639322e+02
-1.019189318720155200e+02
-1.021390591546764597e+02
-1.098888557790890559e+02
-1.101256852096474432e+02
-1.103627695696251436e+02
-1.106001088590221997e+02
-1.108377030778385688e+02
-1.110755522260742651e+02
-1.113136563037293172e+02
-1.115520153108036823e+02
-1.117906292472973746e+02
-1.183345925527020057e+02
-1.185871743937963601e+02
-1.188400255119068021e+02
-1.190931459070333176e+02
-1.193465355791759492e+02
-1.196001945283346686e+02
-1.198541227545094756e+02
-1.201083202577003846e+02
-1.203627870379073670e+02
-1.235482368981801358e+02
-1.238094382446879251e+02
-1.240709154109913896e+02
-1.243326683970905151e+02
-1.245946972029853299e+02
-1.248570018286758199e+02
-1.251195822741619992e+02
-1.253824385394438536e+02
-1.256455706245213833e+02
-1.245899003759699752e+02
-1.248508216333018623e+02
-1.251120158208192237e+02
-1.253734829385220877e+02
-1.256352229864104402e+02
-1.258972359644842811e+02
-1.261595218727436247e+02
-1.264220807111884568e+02
-1.266849124798188058e+02
-1.179231244871085380e+02
-1.181677782723514980e+02
-1.184126855848330706e+02
-1.186578464245532132e+02
-1.189032607915119684e+02
-1.191489286857093077e+02
-1.193948501071452455e+02
-1.196410250558197674e+02
-1.198874535317328736e+02
-1.026734375226963039e+02
-1.028844826152403868e+02
-1.030957443865242595e+02
-1.033072228365478793e+02
-1.035189179653113030e+02
-1.037308297728145021e+02
-1.039429582590574768e+02
-1.041553034240402269e+02
-1.043678652677627525e+02
-8.092371990816266702e+01
-8.108853400166198355e+01
-8.125351575954940131e+01
-8.141866518182490609e+01
-8.158398226848851209e+01
-8.174946701954020511e+01
-8.191511943498001358e+01
-8.208093951480789485e+01
-8.224692725902389157e+01
-5.392082767561173284e+01
-5.402964872036574207e+01
-5.413857946375357955e+01
-5.424761990577523108e+01
-5.435677004643071797e+01
-5.446602988572002602e+01
-5.457539942364315522e+01
-5.468487866020011978e+01
-5.479446759539089840e+01
-2.475265273582047243e+01
-2.480215804129211676e+01
-2.485171280261338111e+01
-2.490131701978426548e+01
-2.495097069280477342e+01
-2.500067382167490138e+01
-2.505042640639465290e+01
-2.510022844696402444e+01
-2.515007994338301955e+01
6.777074605976593169e+00
6.790507855938885839e+00
6.803954406148665868e+00
6.817414256605932366e+00
6.830887407310687998e+00
6.844373858262930099e+00
6.857873609462659559e+00
6.871386660909877264e+00
6.884913012604581439e+00
4.203805377910543228e+01
4.212064327572450395e+01
4.220331382189863945e+01
4.228606541762785298e+01
4.236889806291213745e+01
4.245181175775149285e+01
4.253480650214593339e+01
4.261788229609543066e+01
4.270103913960001307e+01
6.852710867342578638e+01
6.866055971271191538e+01
6.879414056818410472e+01
6.892785123984238282e+01
6.906169172768673548e+01
6.919566203171717689e+01
6.932976215193367864e+01
6.946399208833625494e+01
6.959835184092492000e+01
9.424138431372894331e+01
9.442331748807976055e+01
9.460542610425736143e+01
9.478771016226170332e+01
9.497016966209282884e+01
9.515280460375068117e+01
9.533561498723531713e+01
9.551860081254672252e+01
9.570176207968486892e+01
1.116505525545508704e+02
1.118642378225978717e+02
1.120781273786640213e+02
1.122922212227493333e+02
1.125065193548538218e+02
1.127210217749774728e+02
1.129357284831202861e+02
1.131506394792822618e+02
1.133657547634634000e+02
1.198157996370045311e+02
1.200431540955187728e+02
1.202707240558894171e+02
1.204985095181164780e+02
1.207265104821999557e+02
1.209547269481398502e+02
1.211831589159361471e+02
1.214118063855888465e+02
1.216406693570979769e+02
1.247338535165838778e+02
1.249685362136988118e+02
1.252034394772583852e+02
1.254385633072626405e+02
1.256739077037115351e+02
1.259094726666050690e+02
1.261452581959432848e+02
1.263812642917261684e+02
1.266174909539536912e+02
1.251442679638238502e+02
1.253777460756966491e+02
1.256114417813363389e+02
1.258453550807429195e+02
1.260794859739164053e+02
1.263138344608567678e+02
1.265484005415640212e+02
1.267831842160381655e+02
1.270181854842792006e+02
1.129993468082908663e+02
1.132084112797215596e+02
1.134176689715509951e+02
1.136271198837791445e+02
1.138367640164060646e+02
1.140466013694316985e+02
1.142566319428560462e+02
1.144668557366791646e+02
1.146772727509009968e+02
1.010027221328398355e+02
1.011880482284964273e+02
1.013735441922516998e+02
1.015592100241056244e+02
1.017450457240582438e+02
1.019310512921095437e+02
1.021172267282595101e+02
1.023035720325081570e+02
1.024900872048554845e+02
8.806131858882002916e+01
8.822157576550578995e+01
8.838197863053397896e+01
8.854252718390461041e+01
8.870322142561768430e+01
8.886406135567320064e+01
8.902504697407115941e+01
8.918617828081156063e+01
8.934745527589440428e+01
6.952436806533462743e+01
6.964986331455003210e+01
6.977547172449511947e+01
6.990119329516988955e+01
7.002702802657432812e+01
7.015297591870846361e+01
7.027903697157226759e+01
7.040521118516575427e+01
7.053149855948892366e+01
4.703738402645468142e+01
4.712160494682434120e+01
4.720590119896534986e+01
4.729027278287770741e+01
4.737471969856142096e+01
4.745924194601647628e+01
4.754383952524288759e+01
4.762851243624064779e+01
4.771326067900976398e+01
2.814078582212826163e+01
2.819076945591534411e+01
2.824079744075281795e+01
2.829086977664067604e+01
2.834098646357892548e+01
2.839114750156755917e+01
2.844135289060658422e+01
2.849160263069599353e+01
2.854189672183579418e+01
4.376912694857160169e+00
4.384625316345895030e+00
4.392344727114109837e+00
4.400070927161803702e+00
4.407803916488977514e+00
4.415543695095630383e+00
4.423290262981763199e+00
4.431043620147375073e+00
4.438803766592466893e+00
-2.491976251058605740e+01
-2.496332852896120613e+01
-2.500693259626070031e+01
-2.505057471248453993e+01
-2.509425487763272500e+01
-2.513797309170525907e+01
-2.518172935470213503e+01
-2.522552366662335643e+01
-2.526935602746892329e+01
-4.890300114772333018e+01
-4.898782855647914403e+01
-4.907272947252157280e+01
-4.915770389585060940e+01
-4.924275182646626803e+01
-4.932787326436854158e+01
-4.941306820955743007e+01
-4.949833666203294769e+01
-4.958367862179507313e+01
-7.489885778326195975e+01
-7.502777147996293650e+01
-7.515679602249082336e+01
-7.528593141084560614e+01
-7.541517764502732746e+01
-7.554453472503594469e+01
-7.567400265087148625e+01
-7.580358142253393794e+01
-7.593327104002329975e+01
-1.079475110705204912e+02
-1.081318791509142017e+02
-1.083164045419567287e+02
-1.085010872436480440e+02
-1.086859272559881475e+02
-1.088709245789770677e+02
-1.090560792126147902e+02
-1.092413911569013010e+02
-1.094268604118366142e+02
-1.379278111674416039e+02
-1.381615871185728679e+02
-1.383955610171648516e+02
-1.386297328632175834e+02
-1.388641026567310632e+02
-1.390986703977052628e+02
-1.393334360861402104e+02
-1.395683997220359061e+02
-1.398035613053923214e+02
-1.714071940028133838e+02
-1.716955156075279660e+02
-1.719840794993052953e+02
-1.722728856781454567e+02
-1.725619341440483652e+02
-1.728512248970141059e+02
-1.731407579370425935e+02
-1.734305332641338850e+02
-1.737205508782879519e+02
-1.949464081146964247e+02
-1.952718612167243180e+02
-1.955975857558681241e+02
-1.959235817321279001e+02
-1.962498491455036458e+02
-1.965763879959953613e+02
-1.969031982836029897e+02
-1.972302800083265879e+02
-1.975576331701661275e+02
-2.195319791921671708e+02
-2.198957438635709138e+02
-2.202598096646695467e+02
-2.206241765954630694e+02
-2.209888446559514250e+02
-2.213538138461346421e+02
-2.217190841660127774e+02
-2.220846556155857456e+02
-2.224505281948536037e+02
-2.378498234040020805e+02
-2.382410237714428831e+02
-2.386325455853647384e+02
-2.390243888457676178e+02
-2.394165535526515782e+02
-2.398090397060165628e+02
-2.402018473058626284e+02
-2.405949763521897466e+02
-2.409884268449978890e+02
-2.562027723737465976e+02
-2.566210626143568447e+02
-2.570396940378712429e+02
-2.574586666442899627e+02
-2.578779804336128905e+02
-2.582976354058400830e+02
-2.587176315609715402e+02
-2.591379688990072623e+02
-2.595586474199471922e+02
-2.626548484198635833e+02
-2.630805450947742088e+02
-2.635065864633488104e+02
-2.639329725255872177e+02
-2.643597032814895442e+02
-2.647867787310557333e+02
-2.652141988742858416e+02
-2.656419637111798693e+02
-2.660700732417377594e+02
-2.581369187730282988e+02
-2.585522637750765966e+02
-2.589679426557439115e+02
-2.593839554150303002e+02
-2.598003020529355922e+02
-2.602169825694599581e+02
-2.606339969646033410e+02
-2.610513452383657409e+02
-2.614690273907471010e+02
-2.455524741061361738e+02
-2.459447304545485622e+02
-2.463372998567106436e+02
-2.467301823126224463e+02
-2.471233778222840272e+02
-2.475168863856953010e+02
-2.479107080028563246e+02
-2.483048426737670411e+02
-2.486992903984275074e+02
-2.160065303712125626e+02
-2.163491259784627232e+02
-2.166919930560830778e+02
-2.170351316040737402e+02
-2.173785416224345965e+02
-2.177222231111657038e+02
-2.180661760702670904e+02
-2.184104004997386994e+02
-2.187548963995805593e+02
-1.780679428383527920e+02
-1.783483647955785329e+02
-1.786290073837698458e+02
-1.789098706029267305e+02
-1.791909544530491587e+02
-1.794722589341371304e+02
-1.797537840461907024e+02
-1.800355297892097894e+02
-1.803174961631944484e+02
-1.138991768041675385e+02
-1.140772834137127631e+02
-1.142555291690466817e+02
-1.144339140701693225e+02
-1.146124381170806572e+02
-1.147911013097807142e+02
-1.149699036482694652e+02
-1.151488451325469242e+02
-1.153279257626130914e+02
-4.918609813358444427e+01
-4.926247406236331017e+01
-4.933890924322034977e+01
-4.941540367615557017e+01
-4.949195736116898559e+01
-4.956857029826057470e+01
-4.964524248743035173e+01
-4.972197392867830956e+01
-4.979876462200445530e+01
1.772007470569419851e+01
1.774739941611161242e+01
1.777474517792380482e+01
1.780211199113077214e+01
1.782949985573251084e+01
1.785690877172902447e+01
1.788433873912031302e+01
1.791178975790637651e+01
1.793926182808721492e+01
9.006463725678297294e+01
9.020256166299549250e+01
9.034059159668026950e+01
9.047872705783726133e+01
9.061696804646651060e+01
9.075531456256798890e+01
9.089376660614169623e+01
9.103232417718764680e+01
9.117098727570582639e+01
1.573459503726271009e+02
1.575852598028516240e+02
1.578247510791477737e+02
1.580644242015154646e+02
1.583042791699548104e+02
1.585443159844657259e+02
1.587845346450482680e+02
1.590249351517023797e+02
1.592655175044280895e+02
2.127473661731111463e+02
2.130687368168771911e+02
2.133903500045252883e+02
2.137122057360554948e+02
2.140343040114677819e+02
2.143566448307621499e+02
2.146792281939386271e+02
2.150020541009971851e+02
2.153251225519378238e+02
2.663495671729441483e+02
2.667491914297677909e+02
2.671491152549997992e+02
2.675493386486402869e+02
2.679498616106891404e+02
2.683506841411464166e+02
2.687518062400120584e+02
2.691532279072861797e+02
2.695549491429687237e+02
2.989631540127426206e+02
2.994087026774412266e+02
2.998545830984053282e+02
3.003007952756351528e+02
3.007473392091304731e+02
3.011942148988914596e+02
3.016414223449179985e+02
3.020889615472101468e+02
3.025368325057679613e+02
3.222157495363560429e+02
3.226927528665356704e+02
3.231701090098293889e+02
3.236478179662371417e+02
3.241258797357588719e+02
3.246042943183946932e+02
3.250830617141445487e+02
3.255621819230084384e+02
3.260416549449863624e+02
3.322813301371233479e+02
3.327699791520308281e+02
3.332589872036870133e+02
3.337483542920918467e+02
3.342380804172453281e+02
3.347281655791474577e+02
3.352186097777981786e+02
3.357094130131976044e+02
3.362005752853456784e+02
3.251854993997880570e+02
3.256605695230894071e+02
3.261359864129041739e+02
3.266117500692322437e+02
3.270878604920736734e+02
3.275643176814285198e+02
3.280411216372966692e+02
3.285182723596781784e+02
3.289957698485730475e+02
3.140367897462418796e+02
3.144925760883990051e+02
3.149486929500210408e+02
3.154051403311079866e+02
3.158619182316599563e+02
3.163190266516767792e+02
3.167764655911586260e+02
3.172342350501053829e+02
3.176923350285171068e+02
2.882724736992328758e+02
2.886881513830097106e+02
2.891041285463858230e+02
2.895204051893611563e+02
2.899369813119357673e+02
2.903538569141096559e+02
2.907710319958828222e+02
2.911885065572552094e+02
2.916062805982269310e+02
2.585452445132100934e+02
2.589156531729711332e+02
2.592863269785158309e+02
2.596572659298441863e+02
2.600284700269561426e+02
2.603999392698518136e+02
2.607716736585311423e+02
2.611436731929940720e+02
2.615159378732406594e+02
2.045140211634401908e+02
2.048051443252387003e+02
2.050964745447625148e+02
2.053880118220116344e+02
2.056797561569860875e+02
2.059717075496858456e+02
2.062638660001109372e+02
2.065562315082613623e+02
2.068488040741370639e+02
1.633623490573674815e+02
1.635934132003057755e+02
1.638246406394581527e+02
1.640560313748246131e+02
1.642875854064051850e+02
1.645193027341998118e+02
1.647511833582085501e+02
1.649832272784314000e+02
1.652154344948683047e+02
1.125162460366379094e+02
1.126743855250941806e+02
1.128326360665620172e+02
1.129909976610414049e+02
1.131494703085323437e+02
1.133080540090348336e+02
1.134667487625489031e+02
1.136255545690745095e+02
1.137844714286116812e+02
4.865076211712296583e+01
4.871871010890665588e+01
4.878670551729312876e+01
4.885474834228237739e+01
4.892283858387440887e+01
4.899097624206922319e+01
4.905916131686681325e+01
4.912739380826717905e+01
4.919567371627032770e+01
-1.554310014477696456e+01
-1.556467280285438015e+01
-1.558626042116624433e+01
-1.560786299971255886e+01
-1.562948053849332375e+01
-1.565111303750853899e+01
-1.567276049675820460e+01
-1.569442291624232233e+01
-1.571610029596088687e+01
-7.503006454172297879e+01
-7.513355428591846419e+01
-7.523711535316300569e+01
-7.534074774345661751e+01
-7.544445145679929965e+01
-7.554822649319105210e+01
-7.565207285263186066e+01
-7.575599053512173953e+01
-7.585997954066067450e+01
-1.561400355837146776e+02
-1.563540726441447077e+02
-1.565682563053010767e+02
-1.567825865671837562e+02
-1.569970634297927745e+02
-1.572116868931281033e+02
-1.574264569571897425e+02
-1.576413736219777206e+02
-1.578564368874920092e+02
-2.329994590586253480e+02
-2.333168970137460860e+02
-2.336345510600547755e+02
-2.339524211975514447e+02
-2.342705074262361222e+02
-2.345888097461086943e+02
-2.349073281571692746e+02
-2.352260626594178063e+02
-2.355450132528542895e+02
-3.025803807776131293e+02
-3.029901037035137392e+02
-3.034001038438432829e+02
-3.038103811986016467e+02
-3.042209357677890011e+02
-3.046317675514051757e+02
-3.050428765494502272e+02
-3.054542627619242126e+02
-3.058659261888270748e+02
-3.885848952288516784e+02
-3.891078897042606286e+02
-3.896312358908164128e+02
-3.901549337885191449e+02
-3.906789833973687678e+02
-3.912033847173652248e+02
-3.917281377485085727e+02
-3.922532424907988116e+02
-3.927786989442358845e+02
-4.523277999273693695e+02
-4.529329207299477389e+02
-4.535384460250413099e+02
-4.541443758126499119e+02
-4.547507100927735451e+02
-4.553574488654123797e+02
-4.559645921305662455e+02
-4.565721398882352560e+02
-4.571800921384192975e+02
-5.564102540220355877e+02
-5.571501612747244963e+02
-5.578905601601393300e+02
-5.586314506782803164e+02
-5.593728328291473417e+02
-5.601147066127404059e+02
-5.608570720290593954e+02
-5.615999290781045374e+02
-5.623432777598756047e+02
-5.630871180743729383e+02
-5.638314500215960834e+02
-5.645762736015453811e+02
-5.653215888142206040e+02
-5.660673956596219796e+02
-5.668136941377493940e+02
-5.675604842486028474e+02
-5.683077659921823397e+02
-6.618482945622599800e+02
-6.627185750284825190e+02
-6.635894272952742767e+02
-6.644608513626350259e+02
-6.653328472305651076e+02
-6.662054148990641806e+02
-6.670785543681323588e+02
-6.679522656377697558e+02
-6.688265487079762579e+02
-6.697014035787519788e+02
-6.705768302500966911e+02
-6.714528287220106222e+02
-6.723293989944936584e+02
-6.732065410675457997e+02
-6.740842549411671598e+02
-6.749625406153576250e+02
-6.758413980901170817e+02
-7.112320471759484235e+02
-7.121569263010145505e+02
-7.130824063871758653e+02
-7.140084874344319132e+02
-7.149351694427829216e+02
-7.158624524122287767e+02
-7.167903363427694785e+02
-7.177188212344052545e+02
-7.186479070871358772e+02
-7.195775939009614603e+02
-7.205078816758818903e+02
-7.214387704118971669e+02
-7.223702601090075177e+02
-7.233023507672126016e+02
-7.242350423865126459e+02
-7.251683349669076506e+02
-7.261022285083976158e+02
-6.997429106275974391e+02
-7.006429015094336137e+02
-7.015434707915793524e+02
-7.024446184740348826e+02
-7.033463445567999770e+02
-7.042486490398747492e+02
-7.051515319232591992e+02
-7.060549932069533270e+02
-7.069590328909571326e+02
-7.078636509752706161e+02
-7.087688474598936637e+02
-7.096746223448265027e+02
-7.105809756300689060e+02
-7.114879073156209870e+02
-7.123954174014827458e+02
-7.133035058876541825e+02
-7.142121727741352970e+02
-6.035998151731159851e+02
-6.043677538692650160e+02
-6.051361807654750464e+02
-6.059050958617463039e+02
-6.066744991580786746e+02
-6.074443906544721585e+02
-6.082147703509267558e+02
-6.089856382474425800e+02
-6.097569943440195175e+02
-6.105288386406574546e+02
-6.113011711373566186e+02
-6.120739918341167822e+02
-6.128473007309381728e+02
-6.136210978278206767e+02
-6.143953831247642938e+02
-6.151701566217690242e+02
-6.159454183188349816e+02
-4.151009512662107568e+02
-4.156234194238774649e+02
-4.161462161778697464e+02
-4.166693415281876014e+02
-4.171927954748310867e+02
-4.177165780178000887e+02
-4.182406891570947209e+02
-4.187651288927149267e+02
-4.192898972246606490e+02
-4.198149941529319449e+02
-4.203404196775289279e+02
-4.208661737984513707e+02
-4.213922565156994438e+02
-4.219186678292730903e+02
-4.224454077391723104e+02
-4.229724762453971039e+02
-4.234998733479474708e+02
-1.554877404676372237e+02
-1.556813740174101497e+02
-1.558751280609912442e+02
-1.560690025983805356e+02
-1.562629976295780239e+02
-1.564571131545837090e+02
-1.566513491733975911e+02
-1.568457056860196701e+02
-1.570401826924499460e+02
-1.572347801926884188e+02
-1.574294981867351169e+02
-1.576243366745899550e+02
-1.578192956562530469e+02
-1.580143751317243073e+02
-1.582095751010037645e+02
-1.584048955640914471e+02
-1.586003365209872698e+02
1.046354856553474235e+02
1.047644264879479721e+02
1.048934467176129317e+02
1.050225463443423024e+02
1.051517253681360842e+02
1.052809837889942628e+02
1.054103216069168667e+02
1.055397388219038675e+02
1.056692354339552935e+02
1.057988114430711164e+02
1.059284668492513504e+02
1.060582016524959954e+02
1.061880158528050373e+02
1.063179094501785045e+02
1.064478824446163827e+02
1.065779348361186720e+02
1.067080666246853440e+02
3.176510871431696614e+02
3.180384665177344914e+02
3.184260819552942507e+02
3.188139334558487690e+02
3.192020210193982166e+02
3.195903446459424799e+02
3.199789043354816158e+02
3.203677000880156243e+02
3.207567319035444484e+02
3.211459997820682020e+02
3.215355037235867712e+02
3.219252437281002130e+02
3.223152197956085274e+02
3.227054319261116575e+02
3.230958801196097170e+02
3.234865643761025353e+02
3.238774846955902831e+02
4.749999000394104769e+02
4.755732252054206128e+02
4.761468961646551747e+02
4.767209129171141058e+02
4.772952754627973491e+02
4.778699838017049615e+02
4.784450379338369999e+02
4.790204378591934073e+02
4.795961835777741840e+02
4.801722750895792728e+02
4.807487123946087877e+02
4.813254954928626717e+02
4.819026243843409247e+02
4.824800990690435469e+02
4.830579195469705382e+02
4.836360858181218987e+02
4.842145978824976851e+02
5.443738212135129970e+02
5.450242080966833100e+02
5.456749832705301060e+02
5.463261467350533849e+02
5.469776984902531467e+02
5.476296385361295052e+02
5.482819668726824602e+02
5.489346834999117846e+02
5.495877884178177055e+02
5.502412816264001094e+02
5.508951631256591099e+02
5.515494329155945934e+02
5.522040909962065598e+02
5.528591373674950091e+02
5.535145720294600551e+02
5.541703949821015840e+02
5.548266062254197095e+02
5.430555818608852405e+02
5.436978711357060092e+02
5.443405400141169821e+02
5.449835884961182728e+02
5.456270165817099951e+02
5.462708242708919215e+02
5.469150115636641658e+02
5.475595784600267280e+02
5.482045249599797216e+02
5.488498510635229195e+02
5.494955567706564352e+02
5.501416420813803825e+02
5.507881069956945339e+02
5.514349515135991169e+02
5.520821756350939040e+02
5.527297793601791227e+02
5.533777626888545456e+02
4.725819140218156349e+02
4.731352886283985981e+02
4.736889870352194407e+02
4.742430092422781627e+02
4.747973552495747640e+02
4.753520250571093584e+02
4.759070186648818321e+02
4.764623360728921853e+02
4.770179772811404746e+02
4.775739422896265864e+02
4.781302310983507482e+02
4.786868437073126756e+02
4.792437801165125961e+02
4.798010403259503960e+02
4.803586243356261321e+02
4.809165321455397475e+02
4.814747637556912423e+02
3.519570117080114642e+02
3.523650778085424804e+02
3.527733803320749644e+02
3.531819192786089161e+02
3.535906946481443924e+02
3.539997064406812797e+02
3.544089546562196347e+02
3.548184392947594574e+02
3.552281603563007479e+02
3.556381178408435062e+02
3.560483117483877322e+02
3.564587420789334260e+02
3.568694088324805875e+02
3.572803120090292168e+02
3.576914516085793139e+02
3.581028276311308218e+02
3.585144400766838544e+02
2.132688592239841228e+02
2.135137144010495263e+02
2.137587100572756356e+02
2.140038461926624223e+02
2.142491228072098579e+02
2.144945399009180278e+02
2.147400974737868466e+02
2.149857955258163429e+02
2.152316340570065449e+02
2.154776130673573959e+02
2.157237325568689528e+02
2.159699925255411870e+02
2.162163929733740702e+02
2.164629339003676591e+02
2.167096153065219255e+02
2.169564371918368693e+02
2.172033995563124904e+02
5.371105264856947770e+01
5.377212263452577901e+01
5.383322731933773753e+01
5.389436670300536036e+01
5.395554078552863331e+01
5.401674956690757057e+01
5.407799304714215793e+01
5.413927122623240251e+01
5.420058410417830430e+01
5.426193168097986330e+01
5.432331395663707951e+01
5.438473093114995294e+01
5.444618260451849068e+01
5.450766897674267852e+01
5.456919004782252358e+01
5.463074581775801875e+01
5.469233628654918533e+01
-6.886262755101509470e+01
-6.894017555501397965e+01
-6.901776719885755540e+01
-6.909540248254580774e+01
-6.917308140607873668e+01
-6.925080396945637062e+01
-6.932857017267865274e+01
-6.940638001574563987e+01
-6.948423349865730358e+01
-6.956213062141364389e+01
-6.964007138401467500e+01
-6.971805578646036849e+01
-6.979608382875075279e+01
-6.987415551088582788e+01
-6.995227083286557956e+01
-7.003042979469000784e+01
-7.010863239635911270e+01
-1.928583532542066052e+02
-1.930734769053546245e+02
-1.932887204693516878e+02
-1.935040839461977384e+02
-1.937195673358928616e+02
-1.939351706384369720e+02
-1.941508938538301265e+02
-1.943667369820722968e+02
-1.945827000231634827e+02
-1.947987829771036843e+02
-1.950149858438929300e+02
-1.952313086235311914e+02
-1.954477513160184685e+02
-1.956643139213547897e+02
-1.958809964395400982e+02
-1.960977988705744792e+02
-1.963147212144578475e+02
-2.674490954267224652e+02
-2.677446192890724319e+02
-2.680403063341183270e+02
-2.683361565618602071e+02
-2.686321699722979588e+02
-2.689283465654316956e+02
-2.692246863412614175e+02
-2.695211892997870109e+02
-2.698178554410085894e+02
-2.701146847649260962e+02
-2.704116772715395314e+02
-2.707088329608488948e+02
-2.710061518328542434e+02
-2.713036338875555202e+02
-2.716012791249526686e+02
-2.718990875450458589e+02
-2.721970591478349775e+02
-3.182103574705325855e+02
-3.185586994053662124e+02
-3.189072318992451756e+02
-3.192559549521694180e+02
-3.196048685641389966e+02
-3.199539727351539113e+02
-3.203032674652141623e+02
-3.206527527543196356e+02
-3.210024286024705020e+02
-3.213522950096666477e+02
-3.217023519759081296e+02
-3.220525995011948908e+02
-3.224030375855269881e+02
-3.227536662289044216e+02
-3.231044854313271344e+02
-3.234554951927951265e+02
-3.238066955133085116e+02
-2.799435164749048113e+02
-2.802471428485218325e+02
-2.805509337892789858e+02
-2.808548892971763848e+02
-2.811590093722139727e+02
-2.814632940143916926e+02
-2.817677432237095445e+02
-2.820723570001675853e+02
-2.823771353437658718e+02
-2.826820782545042334e+02
-2.829871857323828408e+02
-2.832924577774016370e+02
-2.835978943895605084e+02
-2.839034955688596256e+02
-2.842092613152988747e+02
-2.845151916288783127e+02
-2.848212865095979396e+02
-2.329449626829517683e+02
-2.331953065439759314e+02
-2.334457848539049962e+02
-2.336963976127390481e+02
-2.339471448204780302e+02
-2.341980264771219709e+02
-2.344490425826708702e+02
-2.347001931371246997e+02
-2.349514781404835162e+02
-2.352028975927472914e+02
-2.354544514939159967e+02
-2.357061398439896891e+02
-2.359579626429682833e+02
-2.362099198908518645e+02
-2.364620115876404043e+02
-2.367142377333338743e+02
-2.369665983279323029e+02
-1.375766597059951266e+02
-1.377231737205915181e+02
-1.378697657096501246e+02
-1.380164356731710598e+02
-1.381631836111542100e+02
-1.383100095235996321e+02
-1.384569134105073545e+02
-1.386038952718773203e+02
-1.387509551077095580e+02
-1.388980929180040391e+02
-1.390453087027607921e+02
-1.391926024619798454e+02
-1.393399741956611138e+02
-1.394874239038046824e+02
-1.396349515864104944e+02
-1.397825572434785784e+02
-1.399302408750089342e+02
-6.806422470634097444e+00
-6.813606029969859534e+00
-6.820793378102738558e+00
-6.827984515032736290e+00
-6.835179440759851843e+00
-6.842378155284086105e+00
-6.849580658605437300e+00
-6.856786950723907204e+00
-6.863997031639494928e+00
-6.871210901352200473e+00
-6.878428559862024727e+00
-6.885650007168965914e+00
-6.892875243273025809e+00
-6.900104268174203526e+00
-6.907337081872499063e+00
-6.914573684367913309e+00
-6.921814075660445376e+00
1.236671822188798160e+02
1.237965411960962143e+02
1.239259677943148290e+02
1.240554620135356316e+02
1.241850238537586506e+02
1.243146533149838717e+02
1.244443503972112950e+02
1.245741151004409204e+02
1.247039474246727480e+02
1.248338473699067777e+02
1.249638149361430237e+02
1.250938501233814577e+02
1.252239529316221081e+02
1.253541233608649463e+02
1.254843614111100152e+02
1.256146670823572720e+02
1.257450403746067309e+02
2.177920889253908001e+02
2.180178972083616316e+02
2.182438224904428523e+02
2.184698647716343771e+02
2.186960240519362912e+02
2.189223003313485378e+02
2.191486936098711169e+02
2.193752038875040569e+02
2.196018311642473577e+02
2.198285754401009910e+02
2.200554367150649853e+02
2.202824149891393404e+02
2.205095102623239995e+02
2.207367225346190196e+02
2.209640518060244005e+02
2.211914980765401140e+02
2.214190613461662167e+02
2.933902879622278306e+02
2.936918196045322702e+02
2.939935061167095114e+02
2.942953474987594973e+02
2.945973437506822847e+02
2.948994948724778737e+02
2.952018008641462075e+02
2.955042617256873996e+02
2.958068774571012796e+02
2.961096480583879611e+02
2.964125735295474442e+02
2.967156538705797288e+02
2.970188890814847582e+02
2.973222791622625891e+02
2.976258241129131648e+02
2.979295239334365419e+02
2.982333786238327207e+02
3.485270493423344647e+02
3.488821456738090774e+02
3.492374228078965075e+02
3.495928807445966413e+02
3.499485194839095357e+02
3.503043390258352474e+02
3.506603393703736629e+02
3.510165205175248957e+02
3.513728824672888891e+02
3.517294252196656430e+02
3.520861487746551575e+02
3.524430531322574325e+02
3.528001382924724680e+02
3.531574042553003210e+02
3.535148510207408776e+02
3.538724785887942517e+02
3.542302869594603862e+02
3.480478257773754649e+02
3.483993892377566794e+02
3.487511301658109346e+02
3.491030485615382872e+02
3.494551444249387373e+02
3.498074177560122280e+02
3.501598685547588730e+02
3.505124968211785585e+02
3.508653025552713416e+02
3.512182857570372221e+02
3.515714464264761432e+02
3.519247845635881617e+02
3.522783001683733346e+02
3.526319932408314912e+02
3.529858637809628021e+02
3.533399117887672105e+02
3.536941372642446595e+02
2.863239062459317665e+02
2.866106602832336421e+02
2.868975578410747289e+02
2.871845989194549702e+02
2.874717835183744228e+02
2.877591116378330867e+02
2.880465832778309050e+02
2.883341984383679346e+02
2.886219571194441755e+02
2.889098593210595709e+02
2.891979050432141207e+02
2.894860942859079387e+02
2.897744270491409111e+02
2.900629033329130948e+02
2.903515231372244330e+02
2.906402864620749824e+02
2.909291933074647432e+02
2.176767042417917253e+02
2.178928678011182285e+02
2.181091386376454011e+02
2.183255167513732147e+02
2.185420021423016976e+02
2.187585948104308500e+02
2.189752947557606433e+02
2.191921019782910776e+02
2.194090164780222096e+02
2.196260382549539827e+02
2.198431673090863967e+02
2.200604036404195085e+02
2.202777472489532329e+02
2.204951981346876551e+02
2.207127562976227182e+02
2.209304217377584507e+02
2.211481944550948242e+02
2.213660744496318671e+02
2.215840617213695509e+02
2.218021562703079042e+02
2.220203580964469268e+02
2.222386671997865903e+02
2.224570835803269233e+02
2.226756072380679257e+02
2.228942381730095690e+02
2.231129763851518817e+02
2.233318218744948354e+02
2.235507746410384584e+02
2.237698346847827509e+02
2.239890020057276843e+02
2.242082766038732871e+02
2.244276584792195308e+02
2.246471476317664440e+02
1.072909476024869520e+02
1.073957751038083899e+02
1.075006537904331907e+02
1.076055836623613828e+02
1.077105647195929521e+02
1.078155969621279127e+02
1.079206803899662361e+02
1.080258150031079509e+02
1.081310008015530428e+02
1.082362377853015118e+02
1.083415259543533722e+02
1.084468653087085954e+02
1.085522558483672100e+02
1.086576975733291874e+02
1.087631904835945562e+02
1.088687345791633163e+02
1.089743298600354393e+02
1.090799763262109394e+02
1.091856739776898308e+02
1.092914228144720994e+02
1.093972228365577450e+02
1.095030740439467678e+02
1.096089764366391819e+02
1.097149300146349589e+02
1.098209347779341272e+02
1.099269907265366584e+02
1.100330978604425951e+02
1.101392561796518947e+02
1.102454656841645715e+02
1.103517263739806396e+02
1.104580382491000847e+02
1.105644013095229070e+02
1.106708155552490922e+02
-1.827657225475328051e+00
-1.829414588192131319e+00
-1.831172795388855912e+00
-1.832931847065502495e+00
-1.834691743222070404e+00
-1.836452483858559859e+00
-1.838214068974970861e+00
-1.839976498571303631e+00
-1.841739772647557949e+00
-1.843503891203733591e+00
-1.845268854239831224e+00
-1.847034661755849960e+00
-1.848801313751790687e+00
-1.850568810227652738e+00
-1.852337151183436559e+00
-1.854106336619141704e+00
-1.855876366534768618e+00
-1.857647240930317079e+00
-1.859418959805787086e+00
-1.861191523161178862e+00
-1.862964930996491963e+00
-1.864739183311726611e+00
-1.866514280106883028e+00
-1.868290221381960992e+00
-1.870067007136960502e+00
-1.871844637371881337e+00
-1.873623112086724163e+00
-1.875402431281488314e+00
-1.877182594956174011e+00
-1.878963603110781477e+00
-1.880745455745310490e+00
-1.882528152859760828e+00
-1.884311694454132935e+00
-5.957552383768831561e+01
-5.963191335386218128e+01
-5.968832954435779214e+01
-5.974477240917515530e+01
-5.980124194831425655e+01
-5.985773816177511719e+01
-5.991426104955771592e+01
-5.997081061166205984e+01
-6.002738684808816316e+01
-6.008398975883600457e+01
-6.014061934390559117e+01
-6.019727560329693006e+01
-6.025395853701001414e+01
-6.031066814504485762e+01
-6.036740442740143209e+01
-6.042416738407975885e+01
-6.048095701507983790e+01
-6.053777332040165504e+01
-6.059461630004522448e+01
-6.065148595401054621e+01
-6.070838228229761313e+01
-6.076530528490642524e+01
-6.082225496183697544e+01
-6.087923131308928504e+01
-6.093623433866333983e+01
-6.099326403855913981e+01
-6.105032041277669208e+01
-6.110740346131598244e+01
-6.116451318417702510e+01
-6.122164958135982005e+01
-6.127881265286435308e+01
-6.133600239869063842e+01
-6.139321881883867604e+01
-6.141018434436958984e+01
-6.146741657581821272e+01
-6.152467546410495203e+01
-6.158196100922982197e+01
-6.163927321119280833e+01
-6.169661206999391823e+01
-6.175397758563315165e+01
-6.181136975811050149e+01
-6.186878858742597487e+01
-6.192623407357957888e+01
-6.198370621657129931e+01
-6.204120501640114327e+01
-6.209873047306911076e+01
-6.215628258657519467e+01
-6.221386135691940922e+01
-6.227146678410174019e+01
-6.232909886812219469e+01
-6.238675760898077272e+01
-6.244444300667747427e+01
-6.250215506121229225e+01
-6.255989377258524087e+01
-6.261765914079630591e+01
-6.267545116584549447e+01
-6.273326984773279946e+01
-6.279111518645824219e+01
-6.284898718202179424e+01
-6.290688583442347692e+01
-6.296481114366326892e+01
-6.302276310974119156e+01
-6.308074173265724482e+01
-6.313874701241141452e+01
-6.319677894900370063e+01
-6.325483754243411028e+01
-3.276362218018444850e+01
-3.279369434372752323e+01
-3.282378030184104034e+01
-3.285388005452497850e+01
-3.288399360177935904e+01
-3.291412094360416773e+01
-3.294426207999941170e+01
-3.297441701096508382e+01
-3.300458573650119121e+01
-3.303476825660773386e+01
-3.306496457128470468e+01
-3.309517468053211076e+01
-3.312539858434994500e+01
-3.315563628273821450e+01
-3.318588777569691928e+01
-3.321615306322605221e+01
-3.324643214532562752e+01
-3.327672502199562388e+01
-3.330703169323605550e+01
-3.333735215904692240e+01
-3.336768641942821745e+01
-3.339803447437995487e+01
-3.342839632390211335e+01
-3.345877196799471420e+01
-3.348916140665773611e+01
-3.351956463989120039e+01
-3.354998166769509282e+01
-3.358041249006942053e+01
-3.361085710701418350e+01
-3.364131551852937463e+01
-3.367178772461500103e+01
-3.370227372527105558e+01
-3.373277352049754541e+01
2.364080319555852583e+01
2.366217824365577727e+01
2.368356295060891981e+01
2.370495731641796056e+01
2.372636134108289951e+01
2.374777502460372958e+01
2.376919836698046140e+01
2.379063136821308433e+01
2.381207402830160547e+01
2.383352634724602126e+01
2.385498832504633171e+01
2.387645996170254037e+01
2.389794125721464368e+01
2.391943221158264166e+01
2.394093282480653428e+01
2.396244309688632512e+01
2.398396302782201417e+01
2.400549261761359432e+01
2.402703186626106913e+01
2.404858077376444569e+01
2.407013934012371337e+01
2.409170756533887925e+01
2.411328544940993623e+01
2.413487299233689498e+01
2.415647019411974483e+01
2.417807705475849644e+01
2.419969357425313561e+01
2.422131975260367653e+01
2.424295558981011212e+01
2.426460108587244235e+01
2.428625624079066725e+01
2.430792105456479035e+01
2.432959552719480811e+01
6.200050590232633851e+01
6.205574020602551855e+01
6.211099910202376151e+01
6.216628259032106030e+01
6.222159067091742912e+01
6.227692334381286798e+01
6.233228060900736978e+01
6.238766246650093450e+01
6.244306891629356926e+01
6.249849995838525274e+01
6.255395559277601336e+01
6.260943581946584402e+01
6.266494063845473050e+01
6.272047004974268702e+01
6.277602405332969937e+01
6.283160264921578175e+01
6.288720583740092707e+01
6.294283361788514242e+01
6.299848599066842070e+01
6.305416295575075480e+01
6.310986451313215895e+01
6.316559066281263313e+01
6.322134140479217024e+01
6.327711673907076317e+01
6.333291666564842615e+01
6.338874118452515916e+01
6.344459029570094799e+01
6.350046399917580686e+01
6.355636229494972866e+01
6.361228518302272050e+01
6.366823266339476817e+01
6.372420473606588587e+01
6.378020140103606650e+01
8.408540837749742991e+01
8.415923226544957458e+01
8.423308854650744593e+01
8.430697722067104394e+01
8.438089828794038283e+01
8.445485174831543418e+01
8.452883760179621220e+01
8.460285584838273110e+01
8.467690648807496245e+01
8.475098952087293469e+01
8.482510494677661939e+01
8.489925276578604496e+01
8.497343297790119721e+01
8.504764558312207612e+01
8.512189058144868170e+01
8.519616797288099974e+01
8.527047775741905866e+01
8.534481993506284425e+01
8.541919450581234230e+01
8.549360146966758123e+01
8.556804082662856104e+01
8.564251257669525330e+01
8.571701671986765803e+01
8.579155325614580363e+01
8.586612218552967590e+01
8.594072350801928906e+01
8.601535722361460046e+01
8.609002333231565274e+01
8.616472183412244590e+01
8.623945272903495152e+01
8.631421601705318380e+01
8.638901169817715697e+01
8.646383977240684260e+01
7.572064534542083436e+01
7.578617597748092294e+01
7.585173495323998338e+01
7.591732227269804412e+01
7.598293793585507672e+01
7.604858194271112382e+01
7.611425429326614278e+01
7.617995498752014782e+01
7.624568402547313895e+01
7.631144140712511614e+01
7.637722713247607942e+01
7.644304120152604298e+01
7.650888361427499262e+01
7.657475437072292834e+01
7.664065347086985014e+01
7.670658091471575801e+01
7.677253670226065196e+01
7.683852083350453199e+01
7.690453330844741231e+01
7.697057412708927870e+01
7.703664328943011697e+01
7.710274079546995551e+01
7.716886664520878014e+01
7.723502083864659085e+01
7.730120337578340184e+01
7.736741425661918470e+01
7.743365348115396785e+01
7.749992104938772286e+01
7.756621696132047816e+01
7.763254121695221954e+01
7.769889381628294700e+01
7.776527475931266054e+01
7.783168404604137436e+01
6.410977677139395325e+01
6.416447794611356414e+01
6.421920244756014995e+01
6.427395027573368225e+01
6.432872143063418946e+01
6.438351591226164317e+01
6.443833372061605758e+01
6.449317485569743269e+01
6.454803931750576851e+01
6.460292710604106503e+01
6.465783822130332226e+01
6.471277266329252598e+01
6.476773043200870461e+01
6.482271152745182974e+01
6.487771594962191557e+01
6.493274369851897632e+01
6.498779477414298356e+01
6.504286917649395150e+01
6.509796690557188015e+01
6.515308796137676950e+01
6.520823234390860534e+01
6.526340005316741610e+01
6.531859108915318757e+01
6.537380545186590552e+01
6.542904314130559840e+01
6.548430415747223776e+01
6.553958850036583783e+01
6.559489616998639860e+01
6.565022716633392008e+01
6.570558148940840226e+01
6.576095913920984515e+01
6.581636011573824874e+01
6.587178441899359882e+01
3.713759641164192971e+01
3.716884386339762614e+01
3.720010445537693045e+01
3.723137818757985684e+01
3.726266506000639112e+01
3.729396507265654748e+01
3.732527822553031172e+01
3.735660451862769094e+01
3.738794395194869224e+01
3.741929652549330143e+01
3.745066223926152560e+01
3.748204109325337186e+01
3.751343308746881888e+01
3.754483822190789510e+01
3.757625649657057920e+01
3.760768791145687828e+01
3.763913246656678524e+01
3.767059016190032139e+01
3.770206099745745831e+01
3.773354497323822443e+01
3.776504208924259132e+01
3.779655234547058029e+01
3.782807574192218425e+01
3.785961227859739608e+01
3.789116195549623001e+01
3.792272477261867181e+01
3.795430072996473569e+01
3.798588982753440746e+01
3.801749206532770131e+01
3.804910744334460304e+01
3.808073596158511975e+01
3.811237762004925855e+01
3.814403241873700523e+01
3.029457108841777924e+01
3.031971181131273241e+01
3.034486296171614583e+01
3.037002453962801596e+01
3.039519654504834634e+01
3.042037897797713697e+01
3.044557183841438430e+01
3.047077512636009189e+01
3.049598884181425618e+01
3.052121298477688427e+01
3.054644755524796906e+01
3.057169255322751056e+01
3.059694797871551586e+01
3.062221383171197431e+01
3.064749011221690012e+01
3.067277682023027907e+01
3.069807395575211828e+01
3.072338151878241419e+01
3.074869950932117391e+01
3.077402792736839032e+01
3.079936677292406699e+01
3.082471604598820036e+01
3.085007574656079754e+01
3.087544587464184787e+01
3.090082643023136200e+01
3.092621741332933283e+01
3.095161882393576391e+01
3.097703066205065525e+01
3.100245292767400329e+01
3.102788562080581158e+01
3.105332874144607658e+01
3.107878228959480538e+01
3.110424626525198732e+01
1.542820405271358553e+01
1.544083459225735488e+01
1.545347029977966002e+01
1.546611117528050272e+01
1.547875721875988297e+01
1.549140843021779723e+01
1.550406480965424905e+01
1.551672635706923842e+01
1.552939307246276535e+01
1.554206495583482628e+01
1.555474200718542832e+01
1.556742422651456259e+01
1.558011161382223619e+01
1.559280416910844558e+01
1.560550189237319252e+01
1.561820478361647524e+01
1.563091284283829374e+01
1.564362607003865158e+01
1.565634446521754519e+01
1.566906802837497459e+01
1.568179675951094154e+01
1.569453065862544427e+01
1.570726972571848457e+01
1.572001396079006064e+01
1.573276336384017426e+01
1.574551793486882545e+01
1.575827767387601241e+01
1.577104258086173694e+01
1.578381265582599724e+01
1.579658789876879332e+01
1.580936830969012874e+01
1.582215388858999816e+01
1.583494463546840514e+01
1.244617237820284217e+01
1.245622582923531674e+01
1.246628333898843266e+01
1.247634490746219349e+01
1.248641053465659567e+01
1.249648022057164098e+01
1.250655396520732943e+01
1.251663176856366100e+01
1.252671363064063570e+01
1.253679955143825175e+01
1.254688953095651271e+01
1.255698356919541681e+01
1.256708166615496047e+01
1.257718382183515082e+01
1.258729003623598253e+01
1.259740030935745736e+01
1.260751464119957355e+01
1.261763303176233464e+01
1.262775548104573886e+01
1.263788198904978621e+01
1.264801255577447492e+01
1.265814718121980498e+01
1.266828586538578172e+01
1.267842860827239804e+01
1.268857540987966104e+01
1.269872627020756362e+01
1.270888118925611110e+01
1.271904016702529994e+01
1.272920320351513190e+01
1.273937029872560700e+01
1.274954145265672523e+01
1.275971666530848658e+01
1.276989593668089107e+01
