0.000000000000000000e+00
0.000000000000000000e+00
0.000000000000000000e+00
0.000000000000000000e+00
0.000000000000000000e+00
0.000000000000000000e+00
0.000000000000000000e+00
0.000000000000000000e+00
0.000000000000000000e+00
0.000000000000000000e+00
0.000000000000000000e+00
0.000000000000000000e+00
0.000000000000000000e+00
0.000000000000000000e+00
0.000000000000000000e+00
0.000000000000000000e+00
0.000000000000000000e+00
0.000000000000000000e+00
0.000000000000000000e+00
0.000000000000000000e+00
0.000000000000000000e+00
0.000000000000000000e+00
0.000000000000000000e+00
0.000000000000000000e+00
0.000000000000000000e+00
0.000000000000000000e+00
0.000000000000000000e+00
0.000000000000000000e+00
8.472805187959332480e-04
9.037658867156621095e-04
9.620733632779628628e-04
1.022202948482835725e-03
1.084154642330280261e-03
1.441619896688389442e-03
1.523998176499154417e-03
1.608664741860218539e-03
1.695619592771581809e-03
1.784862729233244009e-03
9.620072574786826553e-04
1.010107620352616821e-03
1.059381162808841793e-03
1.109827884847358224e-03
1.161447786468165679e-03
2.761993596296455702e-03
2.884748867242964854e-03
3.010172731036136768e-03
3.138265187675972744e-03
3.269026237162471482e-03
4.667482971006451167e-03
4.854182289846709422e-03
5.044542379644620378e-03
5.238563240400182300e-03
5.436244872113396923e-03
4.847021597868764013e-03
5.023276928700355463e-03
5.202679676153940114e-03
5.385229840229517097e-03
5.570927420927085545e-03
4.696419236089320257e-03
4.852966543958964034e-03
5.012080201137946930e-03
5.173760207626268079e-03
5.338006563423927479e-03
7.568836715146564156e-03
7.801723998689535575e-03
8.038139877437703792e-03
8.278084351391068810e-03
8.521557420549628892e-03
8.337821157055658877e-03
8.576044618685821005e-03
8.817623340338941185e-03
9.062557322015022884e-03
9.310846563714066104e-03
6.880619192293101725e-03
7.064102370754252007e-03
7.249999801563575090e-03
7.438311484721069240e-03
7.629037420226738794e-03
1.230390403905367094e-02
1.261150164003001228e-02
1.292289674225297579e-02
1.323808934572256145e-02
1.355707945043876581e-02
1.579648477079819216e-02
1.616816676540520914e-02
1.654417064367044721e-02
1.692449640559390289e-02
1.730914405117558660e-02
1.579774328747867926e-02
1.614880424942265191e-02
1.650372302413523687e-02
1.686249961161643759e-02
1.722513401186625062e-02
1.537473806960469765e-02
1.569841676580690029e-02
1.602546711509454658e-02
1.635588911746762783e-02
1.668968277292615099e-02
1.965368175397656444e-02
2.004675538905609580e-02
2.044372084230473147e-02
2.084457811372247490e-02
2.124932720330931571e-02
2.165796811106526429e-02
2.207050083699031717e-02
2.248692538108447436e-02
2.290724174334773586e-02
2.434198254324708086e-02
2.478862442477455102e-02
2.523932668704318219e-02
2.569408933005296741e-02
2.615291235380391363e-02
2.661579575829602085e-02
2.708273954352928212e-02
2.755374370950370438e-02
2.802880825621928418e-02
2.021414185394356314e-02
2.055675442773921557e-02
2.090224609879366008e-02
2.125061686710688624e-02
2.160186673267890101e-02
2.195599569550970437e-02
2.231300375559929286e-02
2.267289091294766648e-02
2.303565716755482870e-02
2.715781388100961535e-02
2.758549598937197478e-02
2.801651936420590863e-02
2.845088400551142732e-02
2.888858991328852738e-02
2.932963708753720533e-02
2.977402552825746812e-02
3.022175523544930881e-02
3.067282620911273433e-02
3.481761178995159550e-02
3.532963549274500265e-02
3.584539659482886831e-02
3.636489509620320637e-02
3.688813099686799601e-02
3.741510429682325806e-02
3.794581499606897862e-02
3.848026309460515770e-02
3.901844859243180225e-02
3.484475411317734805e-02
3.532537141129014208e-02
3.580928060870507135e-02
3.629648170542214974e-02
3.678697470144137033e-02
3.728075959676272616e-02
3.777783639138623112e-02
3.827820508531187826e-02
3.878186567853966760e-02
3.939407875757319072e-02
3.990569017000920871e-02
4.042060230123513398e-02
4.093881515125097348e-02
4.146032872005671333e-02
4.198514300765236740e-02
4.251325801403793569e-02
4.304467373921341128e-02
4.357939018317878721e-02
3.496308900318435831e-02
3.539208396027864606e-02
3.582369474028204021e-02
3.625792134319455462e-02
3.669476376901617543e-02
3.713422201774690956e-02
3.757629608938675009e-02
3.802098598393570394e-02
3.846829170139377113e-02
3.707552859179644167e-02
3.750663938937547071e-02
3.794024215688270030e-02
3.837633689431813738e-02
3.881492360168176808e-02
3.925600227897360628e-02
3.969957292619365197e-02
4.014563554334189127e-02
4.059419013041833807e-02
4.296423207675287292e-02
4.343897497262859397e-02
4.391632634595418749e-02
4.439628619672963961e-02
4.487885452495495725e-02
4.536403133063015430e-02
4.585181661375520301e-02
4.634221037433013113e-02
4.683521261235491784e-02
3.228830737938771095e-02
3.262818429917074131e-02
3.296984067926676809e-02
3.331327651967579823e-02
3.365849182039782478e-02
3.400548658143285469e-02
3.435426080278088795e-02
3.470481448444191069e-02
3.505714762641594373e-02
2.939867774494185973e-02
2.969414184288097364e-02
2.999108326130978108e-02
3.028950200022828901e-02
3.058939805963649047e-02
3.089077143953438548e-02
3.119362213992197749e-02
3.149795016079926652e-02
3.180375550216624908e-02
2.443467680741855108e-02
2.466962562287449909e-02
2.490569859534219957e-02
2.514289572482164906e-02
2.538121701131285102e-02
2.562066245481579851e-02
2.586123205533050542e-02
2.610292581285695440e-02
2.634574372739515932e-02
2.131379518992590483e-02
2.151023569858881435e-02
2.170757731050247663e-02
2.190582002566688127e-02
2.210496384408203521e-02
2.230500876574793498e-02
2.250595479066458057e-02
2.270780191883197893e-02
2.291055015025011965e-02
-1.708568650993545768e-02
-1.723688727551010713e-02
-1.738875412375248675e-02
-1.754128705466259652e-02
-1.769448606824043646e-02
-1.784835116448600656e-02
-1.800288234339930335e-02
-1.815807960498033377e-02
-1.831394294922909088e-02
-2.945562305197134412e-02
-2.970630920560514421e-02
-2.995805758870349195e-02
-3.021086820126639080e-02
-3.046474104329384078e-02
-3.071967611478583840e-02
-3.097567341574238367e-02
-3.123273294616348353e-02
-3.149085470604913450e-02
-8.250343745044307064e-02
-8.317969513446309138e-02
-8.385871305392809949e-02
-8.454049120883808111e-02
-8.522502959919303622e-02
-8.591232822499297872e-02
-8.660238708623790860e-02
-8.729520618292781198e-02
-8.799078551506270274e-02
-8.918176108986995698e-02
-8.988675524868315614e-02
-9.059452497505074420e-02
-9.130507026897270728e-02
-9.201839113044905927e-02
-9.273448755947978628e-02
-9.345335955606490219e-02
-9.417500712020439313e-02
-9.489943025189827297e-02
-1.689664907200033039e-01
-1.702563112598506345e-01
-1.715510360603057782e-01
-1.728506651213687073e-01
-1.741551984430393940e-01
-1.754646360253178938e-01
-1.767789778682041790e-01
-1.780982239716982496e-01
-1.794223743358000778e-01
-2.458522908569128473e-01
-2.476666989075173853e-01
-2.494877775759549998e-01
-2.513155268622257466e-01
-2.531499467663295699e-01
-2.549910372882664977e-01
-2.568387984280365854e-01
-2.586932301856397221e-01
-2.605543325610759631e-01
-3.106264179583132501e-01
-3.128451780865869059e-01
-3.150718341583775284e-01
-3.173063861736851732e-01
-3.195488341325098403e-01
-3.217991780348514186e-01
-3.240574178807100192e-01
-3.263235536700856421e-01
-3.285975854029782317e-01
-4.392438277456696127e-01
-4.422835774186500424e-01
-4.453338089870544914e-01
-4.483945224508830707e-01
-4.514657178101356694e-01
-4.545473950648123984e-01
-4.576395542149131468e-01
-4.607421952604379700e-01
-4.638553182013868681e-01
-6.223422971660353964e-01
-6.265190911067470836e-01
-6.307098542579627765e-01
-6.349145866196824750e-01
-6.391332881919062903e-01
-6.433659589746342222e-01
-6.476125989678661599e-01
-6.518732081716021032e-01
-6.561477865858420522e-01
-8.124479370385100374e-01
-8.177407574752429964e-01
-8.230507623939133932e-01
-8.283779517945212278e-01
-8.337223256770666113e-01
-8.390838840415493216e-01
-8.444626268879694697e-01
-8.498585542163271667e-01
-8.552716660266221904e-01
-1.033078851815928401e+00
-1.039617325561598804e+00
-1.046176425407413291e+00
-1.052756151353371861e+00
-1.059356503399474514e+00
-1.065977481545721250e+00
-1.072619085792111848e+00
-1.079281316138646751e+00
-1.085964172585325738e+00
-1.255748074455337981e+00
-1.263475754913524485e+00
-1.271227139912994186e+00
-1.279002229453746420e+00
-1.286801023535781408e+00
-1.294623522159099149e+00
-1.302469725323699867e+00
-1.310339633029583339e+00
-1.318233245276749344e+00
-1.668917875288080666e+00
-1.678911395499386616e+00
-1.688934747114308133e+00
-1.698987930132845658e+00
-1.709070944554998972e+00
-1.719183790380768295e+00
-1.729326467610153406e+00
-1.739498976243154305e+00
-1.749701316279770991e+00
-1.943468682824526006e+00
-1.954800861733123618e+00
-1.966165983022269748e+00
-1.977564046691964172e+00
-1.988995052742206671e+00
-2.000459001172997464e+00
-2.011955891984336553e+00
-2.023485725176223937e+00
-2.035048500748659617e+00
-2.215750631966214801e+00
-2.228340124193295857e+00
-2.240965280704305673e+00
-2.253626101499245582e+00
-2.266322586578114695e+00
-2.279054735940913012e+00
-2.291822549587640534e+00
-2.304626027518297704e+00
-2.317465169732884522e+00
-2.341347576129499508e+00
-2.354319030844898464e+00
-2.367326318308130340e+00
-2.380369438519194247e+00
-2.393448391478090631e+00
-2.406563177184819935e+00
-2.419713795639382159e+00
-2.432900246841776415e+00
-2.446122530792003591e+00
-2.519754459159159410e+00
-2.533374753532992685e+00
-2.547031760290582980e+00
-2.560725479431930296e+00
-2.574455910957034632e+00
-2.588223054865895545e+00
-2.602026911158513922e+00
-2.615867479834888432e+00
-2.629744760895020850e+00
-2.213544451268117719e+00
-2.225225424625733250e+00
-2.236937137386921126e+00
-2.248679589551681790e+00
-2.260452781120015686e+00
-2.272256712091921482e+00
-2.284091382467400511e+00
-2.295956792246451883e+00
-2.307852941429075599e+00
-1.729909055600418188e+00
-1.738826112588049311e+00
-1.747766092601355403e+00
-1.756728995640336688e+00
-1.765714821704993165e+00
-1.774723570795324612e+00
-1.783755242911331473e+00
-1.792809838053013527e+00
-1.801887356220370329e+00
-9.413225338690512922e-01
-9.460647128809861472e-01
-9.508188069155638633e-01
-9.555848159727847735e-01
-9.603627400526487667e-01
-9.651525791551557321e-01
-9.699543332803056694e-01
-9.747680024280988009e-01
-9.795935865985349045e-01
5.849646306535557366e-03
5.878462298193368532e-03
5.907349090813482709e-03
5.936306684395902498e-03
5.965335078940626166e-03
5.994434274447653713e-03
6.023604270916985137e-03
6.052845068348620440e-03
6.082156666742560489e-03
1.160117305102731589e+00
1.165708231874311052e+00
1.171312598373706937e+00
1.176930404600918800e+00
1.182561650555947086e+00
1.188206336238791794e+00
1.193864461649452702e+00
1.199536026787929810e+00
1.205221031654223340e+00
2.421964805400071530e+00
2.433389167689694599e+00
2.444840410831763844e+00
2.456318534826279265e+00
2.467823539673240862e+00
2.479355425372648192e+00
2.490914191924502141e+00
2.502499839328802267e+00
2.514112367585548569e+00
3.292773619997093615e+00
3.307982736024793535e+00
3.323226896098640637e+00
3.338506100218634476e+00
3.353820348384775052e+00
3.369169640597062365e+00
3.384553976855496416e+00
3.399973357160077203e+00
3.415427781510804728e+00
4.085849071218786932e+00
4.104337076065931456e+00
4.122866814558327597e+00
4.141438286695978022e+00
4.160051492478880952e+00
4.178706431907037278e+00
4.197403104980446997e+00
4.216141511699110112e+00
4.234921652063025732e+00
4.494124100239184294e+00
4.514053697136032106e+00
4.534027386061413090e+00
4.554045167015326356e+00
4.574107039997771906e+00
4.594213005008751516e+00
4.614363062048263409e+00
4.634557211116308473e+00
4.654795452212885820e+00
4.518833349362253671e+00
4.538480450881219319e+00
4.558170170841659541e+00
4.577902509243570783e+00
4.597677466086955711e+00
4.617495041371813436e+00
4.637355235098143069e+00
4.657258047265947276e+00
4.677203477875222504e+00
4.539183303301718375e+00
4.558540161737973051e+00
4.577938204979411729e+00
4.597377433026033522e+00
4.616857845877838429e+00
4.636379443534827338e+00
4.655942225996999362e+00
4.675546193264355388e+00
4.695191345336894528e+00
4.194829895924564234e+00
4.212381485447260765e+00
4.229969717119274719e+00
4.247594590940605208e+00
4.265256106911252232e+00
4.282954265031215790e+00
4.300689065300495884e+00
4.318460507719093400e+00
4.336268592287006562e+00
3.768059796331483025e+00
3.783534374550503898e+00
3.799040662970792681e+00
3.814578661592349818e+00
3.830148370415176196e+00
3.845749789439270483e+00
3.861382918664633124e+00
3.877047758091264562e+00
3.892744307719164354e+00
3.290728603655234341e+00
3.303997670605457238e+00
3.317293435879523411e+00
3.330615899477433306e+00
3.343965061399186478e+00
3.357340921644782927e+00
3.370743480214223098e+00
3.384172737107506990e+00
3.397628692324634159e+00
2.973962116120831389e+00
2.985740183907448664e+00
2.997541528507873032e+00
3.009366149922105382e+00
3.021214048150145270e+00
3.033085223191992252e+00
3.044979675047647216e+00
3.056897403717109718e+00
3.068838409200379758e+00
2.300710076309858909e+00
2.309662255595111180e+00
2.318631817752762281e+00
2.327618762782811768e+00
2.336623090685259641e+00
2.345644801460106343e+00
2.354683895107351432e+00
2.363740371626994907e+00
2.372814231019037212e+00
1.457784691280318956e+00
1.463359393732633684e+00
1.468944734930086371e+00
1.474540714872677238e+00
1.480147333560406064e+00
1.485764590993273071e+00
1.491392487171277814e+00
1.497031022094420516e+00
1.502680195762701398e+00
6.691527787962923135e-01
6.716683907466544090e-01
6.741887224192497641e-01
6.767137738140783787e-01
6.792435449311403639e-01
6.817780357704356087e-01
6.843172463319642240e-01
6.868611766157262100e-01
6.894098266217214555e-01
-2.409118299414648723e-01
-2.418024466880137335e-01
-2.426947066388920049e-01
-2.435886097940996864e-01
-2.444841561536368335e-01
-2.453813457175034185e-01
-2.462801784856993859e-01
-2.471806544582247911e-01
-2.480827736350796064e-01
-1.262148287298671789e+00
-1.266737917434303418e+00
-1.271335877207204756e+00
-1.275942166617375806e+00
-1.280556785664816566e+00
-1.285179734349527036e+00
-1.289811012671507440e+00
-1.294450620630757331e+00
-1.299098558227277156e+00
-2.628210046994851723e+00
-2.637613302976943963e+00
-2.647033350487575820e+00
-2.656470189526747294e+00
-2.665923820094458385e+00
-2.675394242190708649e+00
-2.684881455815498530e+00
-2.694385460968827584e+00
-2.703906257650696254e+00
-4.037774580873104924e+00
-4.051992097002940163e+00
-4.066234599980102615e+00
-4.080502089804594945e+00
-4.094794566476414488e+00
-4.109112029995562132e+00
-4.123454480362039654e+00
-4.137821917575844388e+00
-4.152214341636978112e+00
-5.104047752892627798e+00
-5.121739426212879032e+00
-5.139461707964480652e+00
-5.157214598147431772e+00
-5.174998096761734168e+00
-5.192812203807385174e+00
-5.210656919284386568e+00
-5.228532243192737461e+00
-5.246438175532438741e+00
-6.108675072944705242e+00
-6.129523793330182713e+00
-6.150408031126877617e+00
-6.171327786334792620e+00
-6.192283058953925945e+00
-6.213273848984278480e+00
-6.234300156425850226e+00
-6.255361981278639405e+00
-6.276459323542648683e+00
-7.466142105482592051e+00
-7.491238381467407947e+00
-7.516376765297835938e+00
-7.541557256973875134e+00
-7.566779856495526424e+00
-7.592044563862790696e+00
-7.617351379075666173e+00
-7.642700302134154633e+00
-7.668091333038255186e+00
-8.339138664473228602e+00
-8.366751706408571465e+00
-8.394410389735540434e+00
-8.422114714454140838e+00
-8.449864680564369124e+00
-8.477660288066225291e+00
-8.505501536959709341e+00
-8.533388427244824825e+00
-8.561320958921566415e+00
-9.187198788345538603e+00
-9.217173335778964471e+00
-9.247196701693555454e+00
-9.277268886089306221e+00
-9.307389888966220326e+00
-9.337559710324294215e+00
-9.367778350163533219e+00
-9.398045808483932007e+00
-9.428362085285492356e+00
-9.818429224028307090e+00
-9.849999736002674311e+00
-9.881620922956134478e+00
-9.913292784888685816e+00
-9.945015321800330099e+00
-9.976788533691065552e+00
-1.000861242056089395e+01
-1.004048698240981352e+01
-1.007241221923782604e+01
-8.645709781043652953e+00
-8.673112981617483896e+00
-8.700559541685894516e+00
-8.728049461248881258e+00
-8.755582740306449452e+00
-8.783159378858595545e+00
-8.810779376905321314e+00
-8.838442734446624982e+00
-8.866149451482508326e+00
-7.472311186374771985e+00
-7.495662158832193001e+00
-7.519049560263806775e+00
-7.542473390669613309e+00
-7.565933650049611714e+00
-7.589430338403803766e+00
-7.612963455732186802e+00
-7.636533002034763484e+00
-7.660138977311532038e+00
-5.436105746189809018e+00
-5.452857998104107651e+00
-5.469636022713658896e+00
-5.486439820018462754e+00
-5.503269390018519225e+00
-5.520124732713828308e+00
-5.537005848104390893e+00
-5.553912736190205202e+00
-5.570845396971273900e+00
-2.789593040706324079e+00
-2.798072046909078736e+00
-2.806563919585586042e+00
-2.815068658735845109e+00
-2.823586264359856823e+00
-2.832116736457620743e+00
-2.840660075029136866e+00
-2.849216280074405638e+00
-2.857785351593426171e+00
9.323466765739432116e-01
9.351423187825607108e-01
9.379421460843048175e-01
9.407461584791757536e-01
9.435543559671732972e-01
9.463667385482974481e-01
9.491833062225484285e-01
9.520040589899259054e-01
9.548289968504302117e-01
5.415475759692223612e+00
5.431497877324448886e+00
5.447543661304727891e+00
5.463613111633060626e+00
5.479706228309446203e+00
5.495823011333885511e+00
5.511963460706379436e+00
5.528127576426925316e+00
5.544315358495525814e+00
9.128182901061983046e+00
9.154834529970193202e+00
9.181525009649407210e+00
9.208254340099623292e+00
9.235022521320843225e+00
9.261829553313065233e+00
9.288675436076292868e+00
9.315560169610522578e+00
9.342483753915754363e+00
1.292946354798073116e+01
1.296672424984811123e+01
1.300403856423616311e+01
1.304140649114488681e+01
1.307882803057428589e+01
1.311630318252435501e+01
1.315383194699509595e+01
1.319141432398651048e+01
1.322905031349859861e+01
1.647326966451949559e+01
1.652013529656649382e+01
1.656706749911355558e+01
1.661406627216068799e+01
1.666113161570788392e+01
1.670826352975515050e+01
1.675546201430248061e+01
1.680272706934987781e+01
1.685005869489734209e+01
1.931126623800240694e+01
1.936551136788443728e+01
1.941983257789252448e+01
1.947422986802667921e+01
1.952870323828689436e+01
1.958325268867316993e+01
1.963787821918550947e+01
1.969257982982390942e+01
1.974735752058836979e+01
2.115476629830448374e+01
2.121344803560907266e+01
2.127221104955812692e+01
2.133105534015165006e+01
2.138998090738963853e+01
2.144898775127209234e+01
2.150807587179901148e+01
2.156724526897039951e+01
2.162649594278624932e+01
2.192230738302006188e+01
2.198236849913792668e+01
2.204251177820533414e+01
2.210273722022228782e+01
2.216304482518878771e+01
2.222343459310483382e+01
2.228390652397042615e+01
2.234446061778556469e+01
2.240509687455024590e+01
2.262499606495134685e+01
2.268622744807706226e+01
2.274754157631510765e+01
2.280893844966548656e+01
2.287041806812819900e+01
2.293198043170323785e+01
2.299362554039061379e+01
2.305535339419031970e+01
2.311716399310235559e+01
2.199574162336611138e+01
2.205455376674409251e+01
2.211344443100776402e+01
2.217241361615711526e+01
2.223146132219215687e+01
2.229058754911287821e+01
2.234979229691928992e+01
2.240907556561138136e+01
2.246843735518915963e+01
1.983301757403870980e+01
1.988541656366628985e+01
1.993788468124852287e+01
1.999042192678540886e+01
2.004302830027694782e+01
2.009570380172314330e+01
2.014844843112399175e+01
2.020126218847949318e+01
2.025414507378964757e+01
1.838473770470972113e+01
1.843273963083167999e+01
1.848080414095118940e+01
1.852893123506824935e+01
1.857712091318285985e+01
1.862537317529502090e+01
1.867368802140473960e+01
1.872206545151200174e+01
1.877050546561682154e+01
1.589457981028057532e+01
1.593559808075872120e+01
1.597666920983284022e+01
1.601779319750293595e+01
1.605897004376901194e+01
1.610019974863106285e+01
1.614148231208909223e+01
1.618281773414309654e+01
1.622420601479307933e+01
1.350875095040549212e+01
1.354321204976876913e+01
1.357771704862168427e+01
1.361226594696423398e+01
1.364685874479641647e+01
1.368149544211823532e+01
1.371617603892968695e+01
1.375090053523077493e+01
1.378566893102149926e+01
1.000257476219830721e+01
1.002780193688228749e+01
1.005306088382657670e+01
1.007835160303117128e+01
1.010367409449607479e+01
1.012902835822128367e+01
1.015441439420679970e+01
1.017983220245262643e+01
1.020528178295875676e+01
6.442505592824027794e+00
6.458571691559249928e+00
6.474657797889409316e+00
6.490763911814508624e+00
6.506890033334544299e+00
6.523036162449518116e+00
6.539202299159430076e+00
6.555388443464280179e+00
6.571594595364068425e+00
1.827414517634626590e+00
1.831921088578238432e+00
1.836433209486066698e+00
1.840950880358110942e+00
1.845474101194371830e+00
1.850002871994848697e+00
1.854537192759541986e+00
1.859077063488451476e+00
1.863622484181577166e+00
-2.467573193053146596e+00
-2.473591664255715639e+00
-2.479617466117483016e+00
-2.485650598638450504e+00
-2.491691061818616770e+00
-2.497738855657982260e+00
-2.503793980156546972e+00
-2.509856435314311351e+00
-2.515926221131274509e+00
-7.383686343849665157e+00
-7.401499821156902748e+00
-7.419334760484990632e+00
-7.437191161833932362e+00
-7.455069025203725275e+00
-7.472968350594369369e+00
-7.490889138005867309e+00
-7.508831387438216431e+00
-7.526795098891417624e+00
-1.319786208100395086e+01
-1.322936055852424708e+01
-1.326089657892597451e+01
-1.329247014220912959e+01
-1.332408124837371766e+01
-1.335572989741973693e+01
-1.338741608934718386e+01
-1.341913982415606554e+01
-1.345090110184637489e+01
-2.104334066129433367e+01
-2.109302977737767293e+01
-2.114277748911677079e+01
-2.119258379651163082e+01
-2.124244869956224591e+01
-2.129237219826861960e+01
-2.134235429263075190e+01
-2.139239498264864281e+01
-2.144249426832229233e+01
-2.654442224093616787e+01
-2.660644191906919431e+01
-2.666853396555476863e+01
-2.673069838039289081e+01
-2.679293516358356086e+01
-2.685524431512677879e+01
-2.691762583502254813e+01
-2.698007972327085824e+01
-2.704260597987171622e+01
-3.493767457824715450e+01
-3.501845532871708855e+01
-3.509932935949935029e+01
-3.518029667059392551e+01
-3.526135726200082132e+01
-3.534251113372004482e+01
-3.542375828575158891e+01
-3.550509871809544649e+01
-3.558653243075162464e+01
-4.358529742088956027e+01
-4.368503494359182326e+01
-4.378488645203431417e+01
-4.388485194621704721e+01
-4.398493142614000107e+01
-4.408512489180318994e+01
-4.418543234320661384e+01
-4.428585378035026565e+01
-4.438638920323414538e+01
-5.259519989308142840e+01
-5.271432831866032132e+01
-5.283359150490163358e+01
-5.295298945180537231e+01
-5.307252215937151618e+01
-5.319218962760009362e+01
-5.331199185649108330e+01
-5.343192884604449944e+01
-5.355200059626032782e+01
-6.441221679939155820e+01
-6.455663881015252059e+01
-6.470122254768925529e+01
-6.484596801200176230e+01
-6.499087520309004162e+01
-6.513594412095407904e+01
-6.528117476559388876e+01
-6.542656713700947080e+01
-6.557212123520081093e+01
-7.585860081421706980e+01
-7.602698838539180315e+01
-7.619556263901795035e+01
-7.636432357509551139e+01
-7.653327119362448627e+01
-7.670240549460487500e+01
-7.687172647803666337e+01
-7.704123414391987978e+01
-7.721092849225451005e+01
-8.686953836576553556e+01
-8.706046042810787355e+01
-8.725159206461304962e+01
-8.744293327528106374e+01
-8.763448406011190173e+01
-8.782624441910557778e+01
-8.801821435226209189e+01
-8.821039385958144408e+01
-8.840278294106363433e+01
-9.913113892712517838e+01
-9.934687589976310562e+01
-9.956284736911041477e+01
-9.977905333516712005e+01
-9.999549379793320725e+01
-1.002121687574086906e+02
-1.004290782135935558e+02
-1.006462221664878030e+02
-1.008636006160914462e+02
-1.086207878015367925e+02
-1.088548843269711455e+02
-1.090892328400539526e+02
-1.093238333407852565e+02
-1.095586858291650429e+02
-1.097937903051932835e+02
-1.100291467688700209e+02
-1.102647552201952266e+02
-1.105006156591688864e+02
-1.190802592472685433e+02
-1.193344326928336869e+02
-1.195888771122213825e+02
-1.198435925054316584e+02
-1.200985788724644863e+02
-1.203538362133198945e+02
-1.206093645279978546e+02
-1.208651638164983808e+02
-1.211212340788214590e+02
-1.227134005116520683e+02
-1.229728368763701525e+02
-1.232325471971227842e+02
-1.234925314739099491e+02
-1.237527897067316758e+02
-1.240133218955879641e+02
-1.242741280404787858e+02
-1.245352081414041550e+02
-1.247965621983640858e+02
-1.232711496444094905e+02
-1.235293091201045996e+02
-1.237877386370922608e+02
-1.240464381953724882e+02
-1.243054077949452960e+02
-1.245646474358106559e+02
-1.248241571179685963e+02
-1.250839368414191028e+02
-1.253439866061621899e+02
-1.164587086987214235e+02
-1.167003242769345377e+02
-1.169421902339851727e+02
-1.171843065698733426e+02
-1.174266732845990475e+02
-1.176692903781622590e+02
-1.179121578505630197e+02
-1.181552757018012869e+02
-1.183986439318770891e+02
-1.017065826460671900e+02
-1.019156403699028886e+02
-1.021249127320587604e+02
-1.023343997325347630e+02
-1.025441013713309530e+02
-1.027540176484472738e+02
-1.029641485638837821e+02
-1.031744941176404353e+02
-1.033850543097172476e+02
-8.276000074086837799e+01
-8.292855471386404531e+01
-8.309728015580476779e+01
-8.326617706669054542e+01
-8.343524544652139241e+01
-8.360448529529729456e+01
-8.377389661301826607e+01
-8.394347939968429273e+01
-8.411323365529538876e+01
-5.512213033585931754e+01
-5.523337580576014005e+01
-5.534473341827175830e+01
-5.545620317339415095e+01
-5.556778507112734644e+01
-5.567947911147131634e+01
-5.579128529442608198e+01
-5.590320361999162913e+01
-5.601523408816796490e+01
-2.378832849503454128e+01
-2.383590515202461191e+01
-2.388352933814254442e+01
-2.393120105338833881e+01
-2.397892029776199152e+01
-2.402668707126350967e+01
-2.407450137389288969e+01
-2.412236320565013514e+01
-2.417027256653523892e+01
1.044395181662697958e+01
1.046465340595626969e+01
1.048537549190866081e+01
1.050611807448414581e+01
1.052688115368273181e+01
1.054766472950441525e+01
1.056846880194919613e+01
1.058929337101707802e+01
1.061013843670805556e+01
4.135524685174722492e+01
4.143649488092551536e+01
4.151782264320407023e+01
4.159923013858290375e+01
4.168071736706200880e+01
4.176228432864138540e+01
4.184393102332104064e+01
4.192565745110096032e+01
4.200746361198115864e+01
6.930199159080225968e+01
6.943695165232280431e+01
6.957204299794989311e+01
6.970726562768351187e+01
6.984261954152367480e+01
6.997810473947038190e+01
7.011372122152361896e+01
7.024946898768338599e+01
7.038534803794969719e+01
9.213694292214411519e+01
9.231481346832585189e+01
9.249285553866013743e+01
9.267106913314695760e+01
9.284945425178631240e+01
9.302801089457820183e+01
9.320673906152265431e+01
9.338563875261962721e+01
9.356470996786912053e+01
1.079820721807020902e+02
1.081887364336795230e+02
1.083955982624245991e+02
1.086026576669373469e+02
1.088099146472177665e+02
1.090173692032658437e+02
1.092250213350815926e+02
1.094328710426649991e+02
1.096409183260160773e+02
1.180871615352139656e+02
1.183112358455274773e+02
1.185355225485521657e+02
1.187600216442880594e+02
1.189847331327351441e+02
1.192096570138934482e+02
1.194347932877629290e+02
1.196601419543436009e+02
1.198857030136355064e+02
1.215564722148515528e+02
1.217851767721701748e+02
1.220140962773810287e+02
1.222432307304840862e+02
1.224725801314793756e+02
1.227021444803668544e+02
1.229319237771465652e+02
1.231619180218185079e+02
1.233921272143826542e+02
1.174368800278063674e+02
1.176559786845746629e+02
1.178752815339401252e+02
1.180947885759027685e+02
1.183144998104625927e+02
1.185344152376195836e+02
1.187545348573737556e+02
1.189748586697250943e+02
1.191953866746736281e+02
1.096583940834155015e+02
1.098612773287132143e+02
1.100643480816313513e+02
1.102676063421699126e+02
1.104710521103289125e+02
1.106746853861083082e+02
1.108785061695081424e+02
1.110825144605284009e+02
1.112867102591690696e+02
1.007230868280943383e+02
1.009078998314486455e+02
1.010928822326062004e+02
1.012780340315670173e+02
1.014633552283310962e+02
1.016488458228984371e+02
1.018345058152690115e+02
1.020203352054428620e+02
1.022063339934199746e+02
8.530016022358599059e+01
8.545539254428405229e+01
8.561076598527365888e+01
8.576628054655481037e+01
8.592193622812750675e+01
8.607773302999173382e+01
8.623367095214751998e+01
8.638974999459485105e+01
8.654597015733371279e+01
7.043870324710971431e+01
7.056584892084096339e+01
7.069310924351154313e+01
7.082048421512148195e+01
7.094797383567075144e+01
7.107557810515936580e+01
7.120329702358732504e+01
7.133113059095462916e+01
7.145907880726127814e+01
4.968483298208215615e+01
4.977379418706350123e+01
4.986283496378454316e+01
4.995195531224528196e+01
5.004115523244572472e+01
5.013043472438585724e+01
5.021979378806569372e+01
5.030923242348521995e+01
5.039875063064445015e+01
2.833681083882469665e+01
2.838714265203752873e+01
2.843751912524433934e+01
2.848794025844512845e+01
2.853840605163989608e+01
2.858891650482863867e+01
2.863947161801135977e+01
2.869007139118805583e+01
2.874071582435873395e+01
2.564308793683799603e+00
2.568827399487647600e+00
2.573349982937449987e+00
2.577876544033206319e+00
2.582407082774916596e+00
2.586941599162580818e+00
2.591480093196199430e+00
2.596022564875771987e+00
2.600569014201298490e+00
-2.353474964438422390e+01
-2.357589431159468418e+01
-2.361707491301231698e+01
-2.365829144863712230e+01
-2.369954391846909303e+01
-2.374083232250823983e+01
-2.378215666075455559e+01
-2.382351693320804387e+01
-2.386491313986869756e+01
-5.114775480382953532e+01
-5.123647597434788992e+01
-5.132527402629649771e+01
-5.141414895967536580e+01
-5.150310077448449420e+01
-5.159212947072387578e+01
-5.168123504839351767e+01
-5.177041750749342697e+01
-5.185967684802358946e+01
-8.134384630094334057e+01
-8.148385292108265787e+01
-8.162397992524617507e+01
-8.176422731343387795e+01
-8.190459508564578073e+01
-8.204508324188188340e+01
-8.218569178214217175e+01
-8.232642070642665999e+01
-8.246727001473534813e+01
-1.111624454772006771e+02
-1.113523044788696836e+02
-1.115423254762739020e+02
-1.117325084694133324e+02
-1.119228534582879746e+02
-1.121133604428978288e+02
-1.123040294232428806e+02
-1.124948603993231586e+02
-1.126858533711386485e+02
-1.425735815042613410e+02
-1.428152316424041715e+02
-1.430570863953972207e+02
-1.432991457632405456e+02
-1.435414097459340894e+02
-1.437838783434779089e+02
-1.440265515558719471e+02
-1.442694293831162611e+02
-1.445125118252108223e+02
-1.696716968061022612e+02
-1.699570991556499564e+02
-1.702427413391048105e+02
-1.705286233564668805e+02
-1.708147452077361095e+02
-1.711011068929125543e+02
-1.713877084119961580e+02
-1.716745497649869492e+02
-1.719616309518849278e+02
-1.978509597042257724e+02
-1.981812618072378314e+02
-1.985118393915701631e+02
-1.988426924572227676e+02
-1.991738210041956734e+02
-1.995052250324888519e+02
-1.998369045421023031e+02
-2.001688595330360272e+02
-2.005010900052900240e+02
-2.255070149562251913e+02
-2.258806802668403009e+02
-2.262546549030436722e+02
-2.266289388648353338e+02
-2.270035321522152003e+02
-2.273784347651833571e+02
-2.277536467037397756e+02
-2.281291679678844275e+02
-2.285049985576173412e+02
-2.434290660483687532e+02
-2.438294428017377697e+02
-2.442301485417571030e+02
-2.446311832684266392e+02
-2.450325469817464636e+02
-2.454342396817165195e+02
-2.458362613683368636e+02
-2.462386120416074675e+02
-2.466412917015283313e+02
-2.603298777112332800e+02
-2.607549060830066878e+02
-2.611802811337130947e+02
-2.616060028633523871e+02
-2.620320712719246217e+02
-2.624584863594297985e+02
-2.628852481258678608e+02
-2.633123565712389222e+02
-2.637398116955428691e+02
-2.705160519085093824e+02
-2.709544895939364437e+02
-2.713932822896351240e+02
-2.718324299956054233e+02
-2.722719327118472847e+02
-2.727117904383607652e+02
-2.731520031751458646e+02
-2.735925709222025830e+02
-2.740334936795308636e+02
-2.663122223869579557e+02
-2.667407215380230809e+02
-2.671695651417819590e+02
-2.675987531982345899e+02
-2.680282857073810305e+02
-2.684581626692212808e+02
-2.688883840837552839e+02
-2.693189499509830966e+02
-2.697498602709046622e+02
-2.480949604674634372e+02
-2.484912782956862145e+02
-2.488879124190632410e+02
-2.492848628375944031e+02
-2.496821295512798429e+02
-2.500797125601194466e+02
-2.504776118641132996e+02
-2.508758274632612881e+02
-2.512743593575635259e+02
-2.229489742844272939e+02
-2.233025809050211876e+02
-2.236564677210354546e+02
-2.240106347324702085e+02
-2.243650819393253641e+02
-2.247198093416009783e+02
-2.250748169392970510e+02
-2.254301047324135254e+02
-2.257856727209504868e+02
-1.726050742935998983e+02
-1.728768933082354806e+02
-1.731489261851957053e+02
-1.734211729244806293e+02
-1.736936335260901956e+02
-1.739663079900243758e+02
-1.742391963162832553e+02
-1.745122985048667488e+02
-1.747856145557749130e+02
-1.220923919498381167e+02
-1.222833104673515408e+02
-1.224743781399567695e+02
-1.226655949676538171e+02
-1.228569609504426836e+02
-1.230484760883233406e+02
-1.232401403812958023e+02
-1.234319538293600687e+02
-1.236239164325161539e+02
-5.188485793072320007e+01
-5.196542448030507444e+01
-5.204605353302859072e+01
-5.212674508889374181e+01
-5.220749914790055612e+01
-5.228831571004900525e+01
-5.236919477533911049e+01
-5.245013634377085054e+01
-5.253114041534423961e+01
1.956799568806393097e+01
1.959816992968006844e+01
1.962836741801547547e+01
1.965858815307015917e+01
1.968883213484411243e+01
1.971909936333733881e+01
1.974938983854983832e+01
1.977970356048161094e+01
1.981004052913265667e+01
8.646239214118980954e+01
8.659480009240142806e+01
8.672730935038521238e+01
8.685991991514114829e+01
8.699263178666925000e+01
8.712544496496950330e+01
8.725835945004192240e+01
8.739137524188650730e+01
8.752449234050322957e+01
1.646261080385759499e+02
1.648764899519426024e+02
1.651270621251218529e+02
1.653778245581136730e+02
1.656287772509180911e+02
1.658799202035351072e+02
1.661312534159647214e+02
1.663827768882069051e+02
1.666344906202616585e+02
2.213954831244333832e+02
2.217299173889718134e+02
2.220646040567287400e+02
2.223995431277042201e+02
2.227347346018981966e+02
2.230701784793106697e+02
2.234058747599416677e+02
2.237418234437912190e+02
2.240780245308592669e+02
2.804450861342973553e+02
2.808658589567044146e+02
2.812869472010173126e+02
2.817083508672360495e+02
2.821300699553606819e+02
2.825521044653911531e+02
2.829744543973274631e+02
2.833971197511696118e+02
2.838201005269175994e+02
3.047802279248945752e+02
3.052344458502670363e+02
3.056890019870507444e+02
3.061438963352457563e+02
3.065991288948520719e+02
3.070546996658696912e+02
3.075106086482986143e+02
3.079668558421387843e+02
3.084234412473903149e+02
3.322660518079146641e+02
3.327579334538182820e+02
3.332501789175073554e+02
3.337427881989819412e+02
3.342357612982418118e+02
3.347290982152872516e+02
3.352227989501180332e+02
3.357168635027342702e+02
3.362112918731359628e+02
3.441860075815377513e+02
3.446921634750399903e+02
3.451986912685375160e+02
3.457055909620302145e+02
3.462128625555181429e+02
3.467205060490013011e+02
3.472285214424796891e+02
3.477369087359533069e+02
3.482456679294221544e+02
3.334477739955265179e+02
3.339349146441686003e+02
3.344224108699265230e+02
3.349102626728002292e+02
3.353984700527897189e+02
3.358870330098950490e+02
3.363759515441161057e+02
3.368652256554530027e+02
3.373548553439056832e+02
3.144247549526443777e+02
3.148811043792809983e+02
3.153377847337106914e+02
3.157947960159334571e+02
3.162521382259492952e+02
3.167098113637582060e+02
3.171678154293601324e+02
3.176261504227551882e+02
3.180848163439432597e+02
2.927725023539250628e+02
2.931946689038226168e+02
2.936171396082949627e+02
2.940399144673421574e+02
2.944629934809642577e+02
2.948863766491611500e+02
2.953100639719330047e+02
2.957340554492795945e+02
2.961583510812010900e+02
2.547537271904865577e+02
2.551187038770058848e+02
2.554839418209958524e+02
2.558494410224565172e+02
2.562152014813877940e+02
2.565812231977898250e+02
2.569475061716624396e+02
2.573140504030058082e+02
2.576808558918197605e+02
2.132996124708512866e+02
2.136032418124468109e+02
2.139070871066323889e+02
2.142111483534079639e+02
2.145154255527736211e+02
2.148199187047292753e+02
2.151246278092750117e+02
2.154295528664107735e+02
2.157346938761365323e+02
1.630490756510546930e+02
1.632796966915795451e+02
1.635104807151718660e+02
1.637414277218317125e+02
1.639725377115590845e+02
1.642038106843539538e+02
1.644352466402163202e+02
1.646668455791462122e+02
1.648986075011436014e+02
1.110153043611155539e+02
1.111713343039983499e+02
1.113274738184702812e+02
1.114837229045312768e+02
1.116400815621813933e+02
1.117965497914206026e+02
1.119531275922489328e+02
1.121098149646663558e+02
1.122666119086728855e+02
4.370695802142635955e+01
4.376800125888644999e+01
4.382908709455831087e+01
4.389021552844193508e+01
4.395138656053732262e+01
4.401260019084448061e+01
4.407385641936340193e+01
4.413515524609408658e+01
4.419649667103653456e+01
-1.790118154936195438e+01
-1.792602704769555899e+01
-1.795088977591705159e+01
-1.797576973402642864e+01
-1.800066692202369723e+01
-1.802558133990885025e+01
-1.805051298768189127e+01
-1.807546186534282029e+01
-1.810042797289163374e+01
-8.552371789238053168e+01
-8.564168164119760718e+01
-8.575972668825646394e+01
-8.587785303355708777e+01
-8.599606067709949286e+01
-8.611434961888367923e+01
-8.623271985890963265e+01
-8.635117139717736734e+01
-8.646970423368686909e+01
-1.584172339635993580e+02
-1.586343926119387504e+02
-1.588516999990783916e+02
-1.590691561250182531e+02
-1.592867609897583918e+02
-1.595045145932987225e+02
-1.597224169356392736e+02
-1.599404680167801018e+02
-1.601586678367211505e+02
-2.386754719725138898e+02
-2.390006429152557246e+02
-2.393260352133023616e+02
-2.396516488666538010e+02
-2.399774838753100425e+02
-2.403035402392710580e+02
-2.406298179585368473e+02
-2.409563170331074673e+02
-2.412830374629828611e+02
-3.184234297053478713e+02
-3.188546056426604309e+02
-3.192860733092946361e+02
-3.197178327052503732e+02
-3.201498838305277559e+02
-3.205822266851267273e+02
-3.210148612690472305e+02
-3.214477875822894362e+02
-3.218810056248531168e+02
-3.984092430680388475e+02
-3.989454600842811374e+02
-3.994820377037623302e+02
-4.000189759264824261e+02
-4.005562747524414817e+02
-4.010939341816393835e+02
-4.016319542140761882e+02
-4.021703348497518959e+02
-4.027090760886665066e+02
-4.789852227438703380e+02
-4.796260056505510647e+02
-4.802672168880518484e+02
-4.809088564563725754e+02
-4.815509243555131889e+02
-4.821934205854738593e+02
-4.828363451462545299e+02
-4.834796980378551439e+02
-4.841234792602757011e+02
-5.746246345587920814e+02
-5.753887630621946983e+02
-5.761533992921777099e+02
-5.769185432487410026e+02
-5.776841949318846900e+02
-5.784503543416086586e+02
-5.792170214779129083e+02
-5.799841963407975527e+02
-5.807518789302625919e+02
-5.815200692463079122e+02
-5.822887672889335136e+02
-5.830579730581395097e+02
-5.838276865539259006e+02
-5.845979077762924589e+02
-5.853686367252395257e+02
-5.861398734007668736e+02
-5.869116178028745026e+02
-6.868463513123983830e+02
-6.877495023331904349e+02
-6.886532467514995233e+02
-6.895575845673255344e+02
-6.904625157806684683e+02
-6.913680403915283250e+02
-6.922741583999052182e+02
-6.931808698057989204e+02
-6.940881746092096591e+02
-6.949960728101374343e+02
-6.959045644085820186e+02
-6.968136494045436393e+02
-6.977233277980220691e+02
-6.986335995890176491e+02
-6.995444647775299245e+02
-7.004559233635593500e+02
-7.013679753471055847e+02
-7.530910797291948029e+02
-7.540703919265018840e+02
-7.550503404540218071e+02
-7.560309253117542312e+02
-7.570121464996994973e+02
-7.579940040178572644e+02
-7.589764978662277599e+02
-7.599596280448109837e+02
-7.609433945536068222e+02
-7.619277973926153891e+02
-7.629128365618366843e+02
-7.638985120612704804e+02
-7.648848238909171187e+02
-7.658717720507763715e+02
-7.668593565408482391e+02
-7.678475773611328350e+02
-7.688364345116301592e+02
-7.339742175379424225e+02
-7.349182358241648672e+02
-7.358628608059439102e+02
-7.368080924832797791e+02
-7.377539308561723601e+02
-7.387003759246215395e+02
-7.396474276886274311e+02
-7.405950861481901484e+02
-7.415433513033094641e+02
-7.424922231539854920e+02
-7.434417017002182320e+02
-7.443917869420075704e+02
-7.453424788793537346e+02
-7.462937775122564972e+02
-7.472456828407159719e+02
-7.481981948647322724e+02
-7.491513135843051714e+02
-6.169463597476349150e+02
-6.177312787803926994e+02
-6.185166968080854986e+02
-6.193026138307133124e+02
-6.200890298482761409e+02
-6.208759448607739841e+02
-6.216633588682067284e+02
-6.224512718705746011e+02
-6.232396838678773747e+02
-6.240285948601151631e+02
-6.248180048472879662e+02
-6.256079138293958977e+02
-6.263983218064387302e+02
-6.271892287784165774e+02
-6.279806347453293256e+02
-6.287725397071772022e+02
-6.295649436639599799e+02
-4.303570788982452200e+02
-4.308987492304016200e+02
-4.314407602357228484e+02
-4.319831119142089619e+02
-4.325258042658599607e+02
-4.330688372906758445e+02
-4.336122109886566136e+02
-4.341559253598023247e+02
-4.346999804041128073e+02
-4.352443761215882319e+02
-4.357891125122285416e+02
-4.363341895760336797e+02
-4.368796073130037030e+02
-4.374253657231386683e+02
-4.379714648064384619e+02
-4.385179045629030838e+02
-4.390646849925326478e+02
-1.654164857743554364e+02
-1.656224838886448083e+02
-1.658286101909331194e+02
-1.660348646812203413e+02
-1.662412473595065023e+02
-1.664477582257916026e+02
-1.666543972800756421e+02
-1.668611645223586208e+02
-1.670680599526405388e+02
-1.672750835709213675e+02
-1.674822353772011638e+02
-1.676895153714798425e+02
-1.678969235537575173e+02
-1.681044599240340744e+02
-1.683121244823096276e+02
-1.685199172285840916e+02
-1.687278381628574664e+02
1.129677970970185186e+02
1.131070057194424407e+02
1.132463000614614685e+02
1.133856801230755735e+02
1.135251459042847699e+02
1.136646974050890577e+02
1.138043346254884227e+02
1.139440575654828791e+02
1.140838662250724411e+02
1.142237606042570803e+02
1.143637407030367967e+02
1.145038065214116187e+02
1.146439580593815180e+02
1.147841953169465086e+02
1.149245182941066048e+02
1.150649269908617640e+02
1.152054214072120146e+02
3.389567408126123382e+02
3.393701026916521073e+02
3.397837164670228276e+02
3.401975821387244423e+02
3.406116997067570082e+02
3.410260691711204117e+02
3.414406905318148233e+02
3.418555637888400724e+02
3.422706889421962728e+02
3.426860659918834244e+02
3.431016949379014704e+02
3.435175757802504108e+02
3.439337085189303593e+02
3.443500931539411454e+02
3.447667296852828827e+02
3.451836181129555143e+02
3.456007584369590973e+02
5.115760101375688578e+02
5.121934826905411455e+02
5.128113276636298679e+02
5.134295450568350816e+02
5.140481348701564457e+02
5.146670971035943012e+02
5.152864317571486481e+02
5.159061388308193727e+02
5.165262183246063614e+02
5.171466702385097278e+02
5.177674945725295856e+02
5.183886913266658212e+02
5.190102605009184344e+02
5.196322020952874254e+02
5.202545161097727942e+02
5.208772025443745406e+02
5.215002613990926648e+02
5.817025026818006381e+02
5.823974877507156407e+02
5.830928877360895513e+02
5.837887026379225972e+02
5.844849324562146649e+02
5.851815771909658679e+02
5.858786368421760926e+02
5.865761114098453390e+02
5.872740008939736072e+02
5.879723052945610107e+02
5.886710246116074359e+02
5.893701588451128828e+02
5.900697079950774651e+02
5.907696720615010690e+02
5.914700510443835810e+02
5.921708449437253421e+02
5.928720537595261248e+02
5.817853493986593776e+02
5.824734456132055129e+02
5.831619485040013160e+02
5.838508580710466731e+02
5.845401743143419253e+02
5.852298972338868452e+02
5.859200268296815466e+02
5.866105631017259157e+02
5.873015060500200661e+02
5.879928556745639980e+02
5.886846119753575977e+02
5.893767749524008650e+02
5.900693446056940275e+02
5.907623209352367439e+02
5.914557039410293555e+02
5.921494936230716348e+02
5.928436899813635819e+02
5.061907378284164452e+02
5.067834670296207378e+02
5.073765430589122616e+02
5.079699659162910734e+02
5.085637356017572301e+02
5.091578521153107317e+02
5.097523154569514645e+02
5.103471256266795422e+02
5.109422826244949079e+02
5.115377864503975616e+02
5.121336371043876170e+02
5.127298345864647899e+02
5.133263788966294214e+02
5.139232700348812841e+02
5.145205080012204917e+02
5.151180927956470441e+02
5.157160244181608277e+02
3.762919817723669098e+02
3.767282623309435508e+02
3.771647956592528317e+02
3.776015817572948094e+02
3.780386206250694840e+02
3.784759122625768555e+02
3.789134566698168101e+02
3.793512538467894046e+02
3.797893037934947529e+02
3.802276065099326843e+02
3.806661619961033125e+02
3.811049702520065807e+02
3.815440312776425458e+02
3.819833450730111508e+02
3.824229116381124527e+02
3.828627309729463946e+02
3.833028030775129764e+02
2.263730815283816469e+02
2.266329817367953865e+02
2.268930310560573389e+02
2.271532294861675041e+02
2.274135770271258536e+02
2.276740736789324160e+02
2.279347194415871627e+02
2.281955143150901222e+02
2.284564582994412945e+02
2.287175513946406511e+02
2.289787936006882205e+02
2.292401849175839743e+02
2.295017253453279409e+02
2.297634148839201202e+02
2.300252535333604555e+02
2.302872412936490321e+02
2.305493781647857929e+02
6.747106046997372175e+01
6.754777571780768142e+01
6.762453455385065126e+01
6.770133697810261708e+01
6.777818299056356466e+01
6.785507259123352242e+01
6.793200578011247615e+01
6.800898255720042584e+01
6.808600292249735730e+01
6.816306687600329894e+01
6.824017441771823655e+01
6.831732554764217014e+01
6.839452026577509969e+01
6.847175857211702521e+01
6.854904046666794670e+01
6.862636594942786417e+01
6.870373502039677760e+01
-6.778916583365941051e+01
-6.786550498437298984e+01
-6.794188709465366571e+01
-6.801831216450140971e+01
-6.809478019391625025e+01
-6.817129118289818734e+01
-6.824784513144719256e+01
-6.832444203956330853e+01
-6.840108190724649262e+01
-6.847776473449677326e+01
-6.855449052131413623e+01
-6.863125926769858154e+01
-6.870807097365012339e+01
-6.878492563916874758e+01
-6.886182326425445410e+01
-6.893876384890725717e+01
-6.901574739312712836e+01
-2.110297360506974940e+02
-2.112651289520368323e+02
-2.115006530645809164e+02
-2.117363083883297463e+02
-2.119720949232833220e+02
-2.122080126694417004e+02
-2.124440616268048245e+02
-2.126802417953726945e+02
-2.129165531751453102e+02
-2.131529957661227286e+02
-2.133895695683048928e+02
-2.136262745816918027e+02
-2.138631108062834585e+02
-2.141000782420799169e+02
-2.143371768890810927e+02
-2.145744067472870711e+02
-2.148117678166977669e+02
-2.884567737828270424e+02
-2.887755105494378540e+02
-2.890944233164720458e+02
-2.894135120839295041e+02
-2.897327768518102857e+02
-2.900522176201143907e+02
-2.903718343888418190e+02
-2.906916271579925137e+02
-2.910115959275665318e+02
-2.913317406975638733e+02
-2.916520614679844812e+02
-2.919725582388284124e+02
-2.922932310100956670e+02
-2.926140797817862449e+02
-2.929351045539000893e+02
-2.932563053264372570e+02
-2.935776820993977481e+02
-3.322691742709774871e+02
-3.326329062625165420e+02
-3.329968372321692414e+02
-3.333609671799353578e+02
-3.337252961058150618e+02
-3.340898240098083534e+02
-3.344545508919151189e+02
-3.348194767521354152e+02
-3.351846015904692990e+02
-3.355499254069166568e+02
-3.359154482014775454e+02
-3.362811699741520215e+02
-3.366470907249399716e+02
-3.370132104538415092e+02
-3.373795291608565776e+02
-3.377460468459851199e+02
-3.381127635092272499e+02
-3.123652315916475573e+02
-3.127040225152827020e+02
-3.130429970654347471e+02
-3.133821552421037495e+02
-3.137214970452895386e+02
-3.140610224749922281e+02
-3.144007315312118180e+02
-3.147406242139482515e+02
-3.150807005232015854e+02
-3.154209604589717628e+02
-3.157614040212588407e+02
-3.161020312100628189e+02
-3.164428420253836407e+02
-3.167838364672213061e+02
-3.171250145355758718e+02
-3.174663762304473380e+02
-3.178079215518356477e+02
-2.462034649520718688e+02
-2.464680576065072160e+02
-2.467327923622607102e+02
-2.469976692193323800e+02
-2.472626881777222252e+02
-2.475278492374302459e+02
-2.477931523984564137e+02
-2.480585976608007570e+02
-2.483241850244633042e+02
-2.485899144894439985e+02
-2.488557860557428683e+02
-2.491217997233599135e+02
-2.493879554922951058e+02
-2.496542533625485021e+02
-2.499206933341200738e+02
-2.501872754070097926e+02
-2.504539995812176869e+02
-1.532076622871962002e+02
-1.533708227369163239e+02
-1.535340700202978041e+02
-1.536974041373406976e+02
-1.538608250880449191e+02
-1.540243328724105538e+02
-1.541879274904375450e+02
-1.543516089421258926e+02
-1.545153772274756250e+02
-1.546792323464867422e+02
-1.548431742991592159e+02
-1.550072030854930745e+02
-1.551713187054883178e+02
-1.553355211591449176e+02
-1.554998104464629023e+02
-1.556641865674422434e+02
-1.558286495220829408e+02
-4.164742995781017254e-01
-4.169138502900575083e-01
-4.173536328325575528e-01
-4.177936472056018591e-01
-4.182338934091904825e-01
-4.186743714433234231e-01
-4.191150813080006254e-01
-4.195560230032220894e-01
-4.199971965289878151e-01
-4.204386018852978579e-01
-4.208802390721521069e-01
-4.213221080895506732e-01
-4.217642089374936121e-01
-4.222065416159807572e-01
-4.226491061250121639e-01
-4.230919024645878879e-01
-4.235349306347078735e-01
1.252186749620630621e+02
1.253496568396384419e+02
1.254807071865695889e+02
1.256118260028564890e+02
1.257430132884991707e+02
1.258742690434976055e+02
1.260055932678517934e+02
1.261369859615617628e+02
1.262684471246274853e+02
1.263999767570489752e+02
1.265315748588262181e+02
1.266632414299592284e+02
1.267949764704480060e+02
1.269267799802925509e+02
1.270586519594928632e+02
1.271905924080489143e+02
1.273226013259607470e+02
2.346163634814301986e+02
2.348596152838992737e+02
2.351029931235717356e+02
2.353464970004474992e+02
2.355901269145266497e+02
2.358338828658091302e+02
2.360777648542949692e+02
2.363217728799841666e+02
2.365659069428767225e+02
2.368101670429726084e+02
2.370545531802718529e+02
2.372990653547744557e+02
2.375437035664804171e+02
2.377884678153897084e+02
2.380333581015023867e+02
2.382783744248183666e+02
2.385235167853377618e+02
3.299442172940579781e+02
3.302833172090569747e+02
3.306225912893949612e+02
3.309620395350719946e+02
3.313016619460879610e+02
3.316414585224429175e+02
3.319814292641368638e+02
3.323215741711698001e+02
3.326618932435417264e+02
3.330023864812525858e+02
3.333430538843024920e+02
3.336838954526913312e+02
3.340249111864191605e+02
3.343661010854860365e+02
3.347074651498917888e+02
3.350490033796365879e+02
3.353907157747203200e+02
3.780888172900690734e+02
3.784740325904155611e+02
3.788594440288986789e+02
3.792450516055184266e+02
3.796308553202748044e+02
3.800168551731678122e+02
3.804030511641974499e+02
3.807894432933637745e+02
3.811760315606666154e+02
3.815628159661061432e+02
3.819497965096823577e+02
3.823369731913951455e+02
3.827243460112445632e+02
3.831119149692306678e+02
3.834996800653533455e+02
3.838876412996127101e+02
3.842757986720086478e+02
3.857408581008479587e+02
3.861304953312528596e+02
3.865203292488008060e+02
3.869103598534918547e+02
3.873005871453258919e+02
3.876910111243030315e+02
3.880816317904232164e+02
3.884724491436865037e+02
3.888634631840928364e+02
3.892546739116422145e+02
3.896460813263346949e+02
3.900376854281701640e+02
3.904294862171487921e+02
3.908214836932703520e+02
3.912136778565350710e+02
3.916060687069428923e+02
3.919986562444936453e+02
3.123880937821253383e+02
3.127009511619772866e+02
3.130139651271043704e+02
3.133271356775066465e+02
3.136404628131841719e+02
3.139539465341368896e+02
3.142675868403647996e+02
3.145813837318679020e+02
3.148953372086461968e+02
3.152094472706997408e+02
3.155237139180284203e+02
3.158381371506323489e+02
3.161527169685114700e+02
3.164674533716657834e+02
3.167823463600952891e+02
3.170973959337999872e+02
3.174126020927799345e+02
2.272260940997102523e+02
2.274517406678331213e+02
2.276774992193644493e+02
2.279033697543042933e+02
2.281293522726526533e+02
2.283554467744095007e+02
2.285816532595748356e+02
2.288079717281486580e+02
2.290344021801309964e+02
2.292609446155218507e+02
2.294875990343211356e+02
2.297143654365289933e+02
2.299412438221453101e+02
2.301682341911701144e+02
2.303953365436034630e+02
2.306225508794452708e+02
2.308498771986955944e+02
2.310773155013544056e+02
2.313048657874217042e+02
2.315325280568975188e+02
2.317603023097818209e+02
2.319881885460746389e+02
2.322161867657759444e+02
2.324442969688857374e+02
2.326725191554040464e+02
2.329008533253308428e+02
2.331292994786660984e+02
2.333578576154098982e+02
2.335865277355622140e+02
2.338153098391229889e+02
2.340442039260922797e+02
2.342732099964700296e+02
2.345023280502563239e+02
1.088759751572784182e+02
1.089823512932405833e+02
1.090887793706753826e+02
1.091952593895828301e+02
1.093017913499629117e+02
1.094083752518156274e+02
1.095150110951409914e+02
1.096216988799389895e+02
1.097284386062096075e+02
1.098352302739528881e+02
1.099420738831687885e+02
1.100489694338573372e+02
1.101559169260185200e+02
1.102629163596523370e+02
1.103699677347588022e+02
1.104770710513379015e+02
1.105842263093896349e+02
1.106914335089140025e+02
1.107986926499110041e+02
1.109060037323806682e+02
1.110133667563229523e+02
1.111207817217378704e+02
1.112282486286254368e+02
1.113357674769856231e+02
1.114433382668184720e+02
1.115509609981239407e+02
1.116586356709020578e+02
1.117663622851527947e+02
1.118741408408761941e+02
1.119819713380722135e+02
1.120898537767408811e+02
1.121977881568821829e+02
1.123057744784961187e+02
-6.379802112839249695e+00
-6.385936537947749514e+00
-6.392073910881864940e+00
-6.398214231641597749e+00
-6.404357500226947941e+00
-6.410503716637913740e+00
-6.416652880874496923e+00
-6.422804992936696600e+00
-6.428960052824513660e+00
-6.435118060537947215e+00
-6.441279016076998154e+00
-6.447442919441663811e+00
-6.453609770631947740e+00
-6.459779569647849051e+00
-6.465952316489365970e+00
-6.472128011156500271e+00
-6.478306653649251068e+00
-6.484488243967618359e+00
-6.490672782111603034e+00
-6.496860268081204204e+00
-6.503050701876422757e+00
-6.509244083497256916e+00
-6.515440412943708459e+00
-6.521639690215776497e+00
-6.527841915313461918e+00
-6.534047088236762946e+00
-6.540255208985682245e+00
-6.546466277560217151e+00
-6.552680293960369440e+00
-6.558897258186138224e+00
-6.565117170237523503e+00
-6.571340030114526165e+00
-6.577565837817144434e+00
-5.813709778393551630e+01
-5.819212579887535952e+01
-5.824717984409661398e+01
-5.830225991959931520e+01
-5.835736602538342765e+01
-5.841249816144898688e+01
-5.846765632779595734e+01
-5.852284052442436035e+01
-5.857805075133420303e+01
-5.863328700852546405e+01
-5.868854929599815051e+01
-5.874383761375226953e+01
-5.879915196178781400e+01
-5.885449234010479813e+01
-5.890985874870320060e+01
-5.896525118758303563e+01
-5.902066965674429611e+01
-5.907611415618698913e+01
-5.913158468591110761e+01
-5.918708124591665865e+01
-5.924260383620363513e+01
-5.929815245677203706e+01
-5.935372710762186443e+01
-5.940932778875313147e+01
-5.946495450016582396e+01
-5.952060724185994189e+01
-5.957628601383549238e+01
-5.963199081609246122e+01
-5.968772164863086971e+01
-5.974347851145070365e+01
-5.979926140455195593e+01
-5.985507032793464788e+01
-5.991090528159877238e+01
-6.253091986501740251e+01
-6.258919658436970224e+01
-6.264750044704727117e+01
-6.270583145305010930e+01
-6.276418960237820954e+01
-6.282257489503158610e+01
-6.288098733101023186e+01
-6.293942691031414682e+01
-6.299789363294332389e+01
-6.305638749889777728e+01
-6.311490850817749276e+01
-6.317345666078248456e+01
-6.323203195671274557e+01
-6.329063439596826868e+01
-6.334926397854906810e+01
-6.340792070445512962e+01
-6.346660457368646036e+01
-6.352531558624306030e+01
-6.358405374212492944e+01
-6.364281904133206780e+01
-6.370161148386448247e+01
-6.376043106972215924e+01
-6.381927779890510521e+01
-6.387815167141332040e+01
-6.393705268724680479e+01
-6.399598084640555840e+01
-6.405493614888958120e+01
-6.411391859469887322e+01
-6.417292818383342023e+01
-6.423196491629326488e+01
-6.429102879207835031e+01
-6.435011981118871915e+01
-6.440923797362435721e+01
-2.375522879410078758e+01
-2.377703258372364203e+01
-2.379884637508485667e+01
-2.382067016818443150e+01
-2.384250396302236297e+01
-2.386434775959865462e+01
-2.388620155791330646e+01
-2.390806535796631493e+01
-2.392993915975768360e+01
-2.395182296328741600e+01
-2.397371676855550149e+01
-2.399562057556194716e+01
-2.401753438430675303e+01
-2.403945819478991552e+01
-2.406139200701144176e+01
-2.408333582097132464e+01
-2.410528963666956770e+01
-2.412725345410616740e+01
-2.414922727328112728e+01
-2.417121109419444380e+01
-2.419320491684612406e+01
-2.421520874123616096e+01
-2.423722256736455805e+01
-2.425924639523131177e+01
-2.428128022483642567e+01
-2.430332405617989977e+01
-2.432537788926173405e+01
-2.434744172408192497e+01
-2.436951556064047608e+01
-2.439159939893739093e+01
-2.441369323897265886e+01
-2.443579708074628343e+01
-2.445791092425827529e+01
2.443204930816143161e+01
2.445413976865705763e+01
2.447624021128575578e+01
2.449835063604752960e+01
2.452047104294238267e+01
2.454260143197030786e+01
2.456474180313130873e+01
2.458689215642538528e+01
2.460905249185253751e+01
2.463122280941276898e+01
2.465340310910606902e+01
2.467559339093244830e+01
2.469779365489189971e+01
2.472000390098443035e+01
2.474222412921003311e+01
2.476445433956871511e+01
2.478669453206046924e+01
2.480894470668529550e+01
2.483120486344320099e+01
2.485347500233418572e+01
2.487575512335823902e+01
2.489804522651537155e+01
2.492034531180557622e+01
2.494265537922885656e+01
2.496497542878521259e+01
2.498730546047464784e+01
2.500964547429715523e+01
2.503199547025273830e+01
2.505435544834139705e+01
2.507672540856313148e+01
2.509910535091793804e+01
2.512149527540582028e+01
2.514389518202678175e+01
6.332589010708832689e+01
6.338230515395432718e+01
6.343874531882872958e+01
6.349521060171152698e+01
6.355170100260273358e+01
6.360821652150233518e+01
6.366475715841033889e+01
6.372132291332673759e+01
6.377791378625154550e+01
6.383452977718474131e+01
6.389117088612633921e+01
6.394783711307634633e+01
6.400452845803474133e+01
6.406124492100154555e+01
6.411798650197674476e+01
6.417475320096035318e+01
6.423154501795234239e+01
6.428836195295275502e+01
6.434520400596154843e+01
6.440207117697875105e+01
6.445896346600434867e+01
6.451588087303835550e+01
6.457282339808074312e+01
6.462979104113153994e+01
6.468678380219074597e+01
6.474380168125834700e+01
6.480084467833434303e+01
6.485791279341873405e+01
6.491500602651153429e+01
6.497212437761274373e+01
6.502926784672233396e+01
6.508643643384033339e+01
6.514363013896672783e+01
7.655587650751211015e+01
7.662308974412977136e+01
7.669033247317244673e+01
7.675760469464015046e+01
7.682490640853285413e+01
7.689223761485058617e+01
7.695959831359333236e+01
7.702698850476110692e+01
7.709440818835389564e+01
7.716185736437171272e+01
7.722933603281452974e+01
7.729684419368237513e+01
7.736438184697523468e+01
7.743194899269312259e+01
7.749954563083602466e+01
7.756717176140394088e+01
7.763482738439688546e+01
7.770251249981484420e+01
7.777022710765781710e+01
7.783797120792580415e+01
7.790574480061881957e+01
7.797354788573686335e+01
7.804138046327990708e+01
7.810924253324797917e+01
7.817713409564106541e+01
7.824505515045918003e+01
7.831300569770229458e+01
7.838098573737043750e+01
7.844899526946360879e+01
7.851703429398178002e+01
7.858510281092497962e+01
7.865320082029320758e+01
7.872132832208644970e+01
7.628215910892107843e+01
7.634817568971635637e+01
7.641422082439602548e+01
7.648029451296014258e+01
7.654639675540867927e+01
7.661252755174164975e+01
7.667868690195905401e+01
7.674487480606086365e+01
7.681109126404710707e+01
7.687733627591778429e+01
7.694360984167288109e+01
7.700991196131241168e+01
7.707624263483637606e+01
7.714260186224476001e+01
7.720898964353756355e+01
7.727540597871480088e+01
7.734185086777647200e+01
7.740832431072254849e+01
7.747482630755307298e+01
7.754135685826801705e+01
7.760791596286739491e+01
7.767450362135119235e+01
7.774111983371940937e+01
7.780776459997206018e+01
7.787443792010914478e+01
7.794113979413064897e+01
7.800787022203658694e+01
7.807462920382694449e+01
7.814141673950173583e+01
7.820823282906094676e+01
7.827507747250459147e+01
7.834195066983265576e+01
7.840885242104515385e+01
5.742904223739016345e+01
5.747804312667120996e+01
5.752706491185387705e+01
5.757610759293814340e+01
5.762517116992403743e+01
5.767425564281153783e+01
5.772336101160064459e+01
5.777248727629137193e+01
5.782163443688370563e+01
5.787080249337765281e+01
5.791999144577322056e+01
5.796920129407038758e+01
5.801843203826917517e+01
5.806768367836956912e+01
5.811695621437158366e+01
5.816624964627520455e+01
5.821556397408044603e+01
5.826489919778728677e+01
5.831425531739574808e+01
5.836363233290582286e+01
5.841303024431750401e+01
5.846244905163080574e+01
5.851188875484571383e+01
5.856134935396224250e+01
5.861083084898037754e+01
5.866033323990011894e+01
5.870985652672147381e+01
5.875940070944444926e+01
5.880896578806903818e+01
5.885855176259522636e+01
5.890815863302303512e+01
5.895778639935246446e+01
5.900743506158349305e+01
2.885113921400146353e+01
2.887541446786263322e+01
2.889969992998867454e+01
2.892399560037958750e+01
2.894830147903536854e+01
2.897261756595602122e+01
2.899694386114154199e+01
2.902128036459193083e+01
2.904562707630719487e+01
2.906998399628732699e+01
2.909435112453232719e+01
2.911872846104219903e+01
2.914311600581693895e+01
2.916751375885655406e+01
2.919192172016103726e+01
2.921633988973038853e+01
2.924076826756460790e+01
2.926520685366370600e+01
2.928965564802766508e+01
2.931411465065650290e+01
2.933858386155020170e+01
2.936306328070877925e+01
2.938755290813222132e+01
2.941205274382053503e+01
2.943656278777371682e+01
2.946108303999177025e+01
2.948561350047469887e+01
2.951015416922248846e+01
2.953470504623515325e+01
2.955926613151268967e+01
2.958383742505509417e+01
2.960841892686236676e+01
2.963301063693451098e+01
1.686843448900736675e+01
1.688243318982812013e+01
1.689643769682922070e+01
1.691044801001067199e+01
1.692446412937247047e+01
1.693848605491461967e+01
1.695251378663711606e+01
1.696654732453995962e+01
1.698058666862315391e+01
1.699463181888669894e+01
1.700868277533059114e+01
1.702273953795482697e+01
1.703680210675941709e+01
1.705087048174435438e+01
1.706494466290964240e+01
1.707902465025527761e+01
1.709311044378125999e+01
1.710720204348759310e+01
1.712129944937427339e+01
1.713540266144130442e+01
1.714951167968868262e+01
1.716362650411641155e+01
1.717774713472448767e+01
1.719187357151291096e+01
1.720600581448168498e+01
1.722014386363080618e+01
1.723428771896027811e+01
1.724843738047009722e+01
1.726259284816026707e+01
1.727675412203078409e+01
1.729092120208164829e+01
1.730509408831286322e+01
1.731927278072442533e+01
1.001351016139179251e+01
1.002170787744696412e+01
1.002990894772310604e+01
1.003811337222022182e+01
1.004632115093830969e+01
1.005453228387736608e+01
1.006274677103739812e+01
1.007096461241839869e+01
1.007918580802037489e+01
1.008741035784331963e+01
1.009563826188723823e+01
1.010386952015212891e+01
1.011210413263798991e+01
1.012034209934482298e+01
1.012858342027262815e+01
1.013682809542140539e+01
1.014507612479115295e+01
1.015332750838187437e+01
1.016158224619356787e+01
1.016984033822623168e+01
1.017810178447986935e+01
1.018636658495447556e+01
1.019463473965005562e+01
1.020290624856660777e+01
1.021118111170413201e+01
1.021945932906262655e+01
1.022774090064209496e+01
1.023602582644253367e+01
1.024431410646394447e+01
1.025260574070632735e+01
1.026090072916968232e+01
1.026919907185400760e+01
1.027750076875930674e+01
1.622403344656287416e+01
1.623713848165703055e+01
1.625024880743955435e+01
1.626336442391044912e+01
1.627648533106971485e+01
1.628961152891735154e+01
1.630274301745335919e+01
1.631587979667773780e+01
1.632902186659048738e+01
1.634216922719160792e+01
1.635532187848109587e+01
1.636847982045895833e+01
1.638164305312518820e+01
1.639481157647979259e+01
1.640798539052276439e+01
1.642116449525410715e+01
1.643434889067382088e+01
1.644753857678190911e+01
1.646073355357836476e+01
1.647393382106319137e+01
1.648713937923638539e+01
1.650035022809795393e+01
1.651356636764789343e+01
1.652678779788620034e+01
1.654001451881288176e+01
1.655324653042793059e+01
1.656648383273135394e+01
1.657972642572314470e+01
1.659297430940330642e+01
1.660622748377183910e+01
1.661948594882874275e+01
1.663274970457401736e+01
1.664601875100766293e+01
