9.361143355663335933e-06
1.872228671132667187e-05
3.120381118554445537e-05
4.680571677831668305e-05
6.552800348964334814e-05
8.737067131952447774e-05
1.123337202679600312e-04
1.404171503349500492e-04
1.716209615204945045e-04
2.059451538245934109e-04
2.433897272472467410e-04
2.839546817884545222e-04
3.276400174482167814e-04
3.744457342265334644e-04
3.276964951263926728e-04
3.686585570171917636e-04
4.120301519603908010e-04
4.578112799559897850e-04
5.060019410039886612e-04
5.566021351043875381e-04
6.096118622571863616e-04
6.650311224623851316e-04
7.228599157199838482e-04
7.830982420299825112e-04
8.457461013923811208e-04
9.108034938071796769e-04
9.782704192743780711e-04
1.048146877793976629e-03
8.472253981907606991e-04
9.037070914034780068e-04
9.620107747198313776e-04
1.022136448139820920e-03
1.084084111663446417e-03
1.441526110794078821e-03
1.523899031410883226e-03
1.608560088711487790e-03
1.695509282695892512e-03
1.784746613364097392e-03
9.619446732210960079e-04
1.010041906882150906e-03
1.059312243803231263e-03
1.109755683984337514e-03
1.161372227425469658e-03
2.761813912289597280e-03
2.884561197280245855e-03
3.009976901509821799e-03
3.138061024978324679e-03
3.268813567685754928e-03
4.667179323654252303e-03
4.853866496600422326e-03
5.044214202349458359e-03
5.238222440901361271e-03
5.435891212256129326e-03
4.846706270467797568e-03
5.022950134848444895e-03
5.202341211093032027e-03
5.384879499201559831e-03
5.570564999174026574e-03
4.696113706262064480e-03
4.852650829804133412e-03
5.011754135699350403e-03
5.173423623947717188e-03
5.337659294549232034e-03
7.568344317586269202e-03
7.801216450435076964e-03
8.037616948933110073e-03
8.277545813080367659e-03
8.521003042876848857e-03
8.337278732512691179e-03
8.575486696298767128e-03
8.817049701828309424e-03
9.061967749101318068e-03
9.310240838117793058e-03
6.880171567350061058e-03
7.063642809146062837e-03
7.249528146228854421e-03
7.437827578598434942e-03
7.628541106254805269e-03
1.230310359737969012e-02
1.261068118731418185e-02
1.292205603144539611e-02
1.323722812977333463e-02
1.355619748229799221e-02
1.579545711610625888e-02
1.616711493060287580e-02
1.654309434759363914e-02
1.692339536707855238e-02
1.730801798905761205e-02
1.579671555091272453e-02
1.614775367426634148e-02
1.650264935941505098e-02
1.686140260635885652e-02
1.722401341509775460e-02
1.537373785202828663e-02
1.569739549101835385e-02
1.602442456374790491e-02
1.635482507021693288e-02
1.668859701042544122e-02
1.965240316582476249e-02
2.004545122914126037e-02
2.044239085744108467e-02
2.084322205072424578e-02
2.124794480899073676e-02
2.165655913224055762e-02
2.206906502047371182e-02
2.248546247369019591e-02
2.290575149189001333e-02
2.434039895342100454e-02
2.478701177825441693e-02
2.523768471967722735e-02
2.569241777768942886e-02
2.615121095229102494e-02
2.661406424348201905e-02
2.708097765126240425e-02
2.755195117563218402e-02
2.802698481659136182e-02
2.021282680455009986e-02
2.055541708937298415e-02
2.090088628415236183e-02
2.124923438888823637e-02
2.160046140358060085e-02
2.195456732822946566e-02
2.231155216283482387e-02
2.267141590739667201e-02
2.303415856191502048e-02
2.715604710471338987e-02
2.758370138982698880e-02
2.801469672404303252e-02
2.844903310736152796e-02
2.888671053978247513e-02
2.932772902130587056e-02
2.977208855193171771e-02
3.021978913166001660e-02
3.067083076049076373e-02
3.481534669853203479e-02
3.532733709115751242e-02
3.584306463993353065e-02
3.636252934486010335e-02
3.688573120593722360e-02
3.741267022316490526e-02
3.794334639654312752e-02
3.847775972607190426e-02
3.901591021175122853e-02
3.484248725598903390e-02
3.532307328710612704e-02
3.580695100336785119e-02
3.629412040477421331e-02
3.678458149132522031e-02
3.727833426302085834e-02
3.777537871986114126e-02
3.827571486184605520e-02
3.877934268897560710e-02
3.939151593993019118e-02
3.990309406902019934e-02
4.041797270216884730e-02
4.093615183937614199e-02
4.145763148064207648e-02
4.198241162596665771e-02
4.251049227534989261e-02
4.304187342879176731e-02
4.357655508629228180e-02
3.496081444761228035e-02
3.538978149604923851e-02
3.582136419722056764e-02
3.625556255112627468e-02
3.669237655776635271e-02
3.713180621714080171e-02
3.757385152924961474e-02
3.801851249409280570e-02
3.846578911167036763e-02
3.707311660954466792e-02
3.750419936081844652e-02
3.793777391990305059e-02
3.837384028679848708e-02
3.881239846150475598e-02
3.925344844402185729e-02
3.969699023434979102e-02
4.014302383248855022e-02
4.059154923843814183e-02
4.296143699953658412e-02
4.343614901058118205e-02
4.391346932937877784e-02
4.439339795592936455e-02
4.487593489023294219e-02
4.536108013228952462e-02
4.584883368209908411e-02
4.633919553966164145e-02
4.683216570497718972e-02
3.228620683416799642e-02
3.262606164294871297e-02
3.296769579627802094e-02
3.331110929415591337e-02
3.365630213658240416e-02
3.400327432355747248e-02
3.435202585508114609e-02
3.470255673115339723e-02
3.505486695177424672e-02
2.939676518720778925e-02
2.969221006346113231e-02
2.998913216409574214e-02
3.028753148911162221e-02
3.058740803850876558e-02
3.088876181228717918e-02
3.119159281044685608e-02
3.149590103298779975e-02
3.180168647991001019e-02
2.443308718728289669e-02
2.466802071792984982e-02
2.490407833245549679e-02
2.514126003085983066e-02
2.537956581314286530e-02
2.561899567930458685e-02
2.585954962934500917e-02
2.610122766326411839e-02
2.634402978106192492e-02
2.131240860158413464e-02
2.150883633063099473e-02
2.170616510430651083e-02
2.190439492261067947e-02
2.210352578554350064e-02
2.230355769310498129e-02
2.250449064529511448e-02
2.270632464211390714e-02
2.290905968356135233e-02
-1.708457498505091404e-02
-1.723576591412216003e-02
-1.738762288252852090e-02
-1.754014589027000012e-02
-1.769333493734659424e-02
-1.784719002375830671e-02
-1.800171114950513060e-02
-1.815689831458706938e-02
-1.831275151900412651e-02
-2.945370678960793423e-02
-2.970437663462587377e-02
-2.995610864000405882e-02
-3.020890280574249284e-02
-3.046275913184116890e-02
-3.071767761830008700e-02
-3.097365826511925407e-02
-3.123070107229866665e-02
-3.148880603983832821e-02
-8.249807011423908321e-02
-8.317428380370005259e-02
-8.385325754903638629e-02
-8.453499135024807043e-02
-8.521948520733509114e-02
-8.590673912029747616e-02
-8.659675308913521163e-02
-8.728952711384828367e-02
-8.798506119443672002e-02
-8.917595928924441917e-02
-8.988090758402104974e-02
-9.058863126578500791e-02
-9.129913033453626592e-02
-9.201240479027482377e-02
-9.272845463300069535e-02
-9.344727986271388065e-02
-9.416888047941436579e-02
-9.489325648310217853e-02
-1.689554984511853486e-01
-1.702452350805837011e-01
-1.715398756515387202e-01
-1.728394201640503780e-01
-1.741438686181186746e-01
-1.754532210137436377e-01
-1.767674773509252395e-01
-1.780866376296634801e-01
-1.794107018499583595e-01
-2.458362967123991494e-01
-2.476505867250367587e-01
-2.494715469215443848e-01
-2.512991773019219721e-01
-2.531334778661696316e-01
-2.549744486142871969e-01
-2.568220895462747788e-01
-2.586764006621323775e-01
-2.605373819618599374e-01
-3.106062098740156596e-01
-3.128248256588300746e-01
-3.150513368734836339e-01
-3.172857435179764485e-01
-3.195280455923084073e-01
-3.217782430964796214e-01
-3.240363360304899798e-01
-3.263023243943395935e-01
-3.285762081880283514e-01
-4.392152523387331531e-01
-4.422548042580323191e-01
-4.453048373908463642e-01
-4.483653517371752328e-01
-4.514363472970188695e-01
-4.545178240703773853e-01
-4.576097820572506691e-01
-4.607122212576387765e-01
-4.638251416715417630e-01
-6.223018101215462838e-01
-6.264783323371272417e-01
-6.306688228544323760e-01
-6.348732816734619089e-01
-6.390917087942158403e-01
-6.433241042166940593e-01
-6.475704679408966769e-01
-6.518307999668236929e-01
-6.561051002944749966e-01
-8.123950824986183594e-01
-8.176875586061013168e-01
-8.229972180775694257e-01
-8.283240609130230192e-01
-8.336680871124618752e-01
-8.390292966758859938e-01
-8.444076896032954860e-01
-8.498032658946904627e-01
-8.552160255500705910e-01
-1.033011643931097900e+00
-1.039549692310408613e+00
-1.046108365448013666e+00
-1.052687663343913282e+00
-1.059287585998107017e+00
-1.065908133410595093e+00
-1.072549305581377510e+00
-1.079211102510454490e+00
-1.085893524197825810e+00
-1.255666380621593525e+00
-1.263393558348495649e+00
-1.271144439074560095e+00
-1.278919022799786864e+00
-1.286717309524175734e+00
-1.294539299247726927e+00
-1.302384991970440442e+00
-1.310254387692316280e+00
-1.318147486413354441e+00
-1.668809302316949017e+00
-1.678802172390703173e+00
-1.688824871927363969e+00
-1.698877400926931625e+00
-1.708959759389405919e+00
-1.719071947314787074e+00
-1.729213964703075090e+00
-1.739385811554269523e+00
-1.749587487868370816e+00
-1.943342248700760555e+00
-1.954673690384146845e+00
-1.966038072304984841e+00
-1.977435394463274765e+00
-1.988865656859016173e+00
-2.000328859492209510e+00
-2.011825002362854331e+00
-2.023354085470950636e+00
-2.034916108816499314e+00
-2.215606484292467648e+00
-2.228195157498674916e+00
-2.240819492668638890e+00
-2.253479489802360014e+00
-2.266175148899838288e+00
-2.278906469961073711e+00
-2.291673452986065396e+00
-2.304476097974814230e+00
-2.317314404927320215e+00
-2.341195257632254112e+00
-2.354165868477862134e+00
-2.367172309740170899e+00
-2.380214581419180409e+00
-2.393292683514889774e+00
-2.406406616027300327e+00
-2.419556378956411180e+00
-2.432741972302222777e+00
-2.445963396064734674e+00
-2.519590534239779522e+00
-2.533209942532967496e+00
-2.546866060821554978e+00
-2.560558889105541969e+00
-2.574288427384928024e+00
-2.588054675659713588e+00
-2.601857633929899105e+00
-2.615697302195483243e+00
-2.629573680456467333e+00
-2.213400447119462378e+00
-2.225080660560725843e+00
-2.236791611405782199e+00
-2.248533299654631445e+00
-2.260305725307273583e+00
-2.272108888363708612e+00
-2.283942788823936088e+00
-2.295807426687956454e+00
-2.307702801955769711e+00
-1.729796514792543816e+00
-1.738712991672917818e+00
-1.747652390087688357e+00
-1.756614710036856097e+00
-1.765599951520420596e+00
-1.774608114538381853e+00
-1.783639199090740091e+00
-1.792693205177495086e+00
-1.801770132798646840e+00
-9.412612952749851436e-01
-9.460031657801487581e-01
-9.507569505328128390e-01
-9.555226495329772751e-01
-9.603002627806422886e-01
-9.650897902758075464e-01
-9.698912320184731595e-01
-9.747045880086393499e-01
-9.795298582463058956e-01
5.849265752471967741e-03
5.878079869479219122e-03
5.906964782842753087e-03
5.935920492562570504e-03
5.964946998638671373e-03
5.994044301071055694e-03
6.023212399859721733e-03
6.052451295004672091e-03
6.081760986505905034e-03
1.160041832615718471e+00
1.165632395664468968e+00
1.171236397566701948e+00
1.176853838322417412e+00
1.182484717931615581e+00
1.188129036394296456e+00
1.193786793710459593e+00
1.199457989880105657e+00
1.205142624903233983e+00
2.421807242275617167e+00
2.433230861342954743e+00
2.444681359513980468e+00
2.456158736788694341e+00
2.467662993167095475e+00
2.479194128649184758e+00
2.490752143234961746e+00
2.502337036924426439e+00
2.513948809717579724e+00
3.292559405612749845e+00
3.307767532197566140e+00
3.323010700548707064e+00
3.338288910666172171e+00
3.353602162549961907e+00
3.368950456200076271e+00
3.384333791616515263e+00
3.399752168799277996e+00
3.415205587748365801e+00
4.085583262589248754e+00
4.104070064682413310e+00
4.122598597705809276e+00
4.141168861659439315e+00
4.159780856543301653e+00
4.178434582357397176e+00
4.197130039101725885e+00
4.215867226776286891e+00
4.234646145381081972e+00
4.493831730906089561e+00
4.513760031264874684e+00
4.533732420783746164e+00
4.553748899462703115e+00
4.573809467301745535e+00
4.593914124300874313e+00
4.614062870460088561e+00
4.634255705779388279e+00
4.654492630258775243e+00
4.518539372546465316e+00
4.538185195905362512e+00
4.557873634933152118e+00
4.577604689629832357e+00
4.597378359995403230e+00
4.617194646029866512e+00
4.637053547733220427e+00
4.656955065105466751e+00
4.676899198146603709e+00
4.538888002601162874e+00
4.558243601759376595e+00
4.577640383043458883e+00
4.597078346453409736e+00
4.616557491989230044e+00
4.636077819650918030e+00
4.655639329438474583e+00
4.675242021351899702e+00
4.694885895391193387e+00
4.194556997448293245e+00
4.212107445136362038e+00
4.229694532589958200e+00
4.247318259809083507e+00
4.264978626793736183e+00
4.282675633543918003e+00
4.300409280059627193e+00
4.318179566340865527e+00
4.335986492387632119e+00
3.767814661772416418e+00
3.783288233278669033e+00
3.798793512923253957e+00
3.814330500706170746e+00
3.829899196627420732e+00
3.845499600687002584e+00
3.861131712884917633e+00
3.876795533221164547e+00
3.892491061695743770e+00
3.290514522311289269e+00
3.303782726030286554e+00
3.317077626336243146e+00
3.330399223229159933e+00
3.343747516709036027e+00
3.357122506775872317e+00
3.370524193429668358e+00
3.383952576670424151e+00
3.397407656498139250e+00
2.973768642308999954e+00
2.985545943862698781e+00
2.997346520715911122e+00
3.009170372868636534e+00
3.021017500320875460e+00
3.032887903072627012e+00
3.044781581123892522e+00
3.056698534474670659e+00
3.068638763124962754e+00
2.300560401522145693e+00
2.309511998415227918e+00
2.318480977049850011e+00
2.327467337426011973e+00
2.336471079543714247e+00
2.345492203402956388e+00
2.354530709003738398e+00
2.363586596346060720e+00
2.372659865429922910e+00
1.457689853770619770e+00
1.463264193555593229e+00
1.468849171393591835e+00
1.474444787284614922e+00
1.480051041228662934e+00
1.485667933225735871e+00
1.491295463275833288e+00
1.496933631378955409e+00
1.502582437535102455e+00
6.691092464533315853e-01
6.716246947482689134e-01
6.741448624583937788e-01
6.766697495837061815e-01
6.791993561242060107e-01
6.817336820798932662e-01
6.842727274507681701e-01
6.868164922368303893e-01
6.893649764380803679e-01
-2.408961572031318443e-01
-2.417867160097977863e-01
-2.426789179138929553e-01
-2.435727629154174068e-01
-2.444682510143711685e-01
-2.453653822107541849e-01
-2.462641565045664838e-01
-2.471645738958080374e-01
-2.480666343844788457e-01
-1.262066177093254193e+00
-1.266655508646320483e+00
-1.271253169294764618e+00
-1.275859159038586155e+00
-1.280473477877785315e+00
-1.285096125812362100e+00
-1.289727102842316731e+00
-1.294366408967648763e+00
-1.299014044188358419e+00
-2.628039066398509593e+00
-2.637441710643226855e+00
-2.646861145324095332e+00
-2.656297370441115469e+00
-2.665750385994286820e+00
-2.675220191983609386e+00
-2.684706788409083167e+00
-2.694210175270707719e+00
-2.703730352568484374e+00
-4.037511899773271296e+00
-4.051728490969656704e+00
-4.065970067387827847e+00
-4.080236629027784723e+00
-4.094528175889528221e+00
-4.108844707973057453e+00
-4.123186225278374195e+00
-4.137552727805476671e+00
-4.151944215554365769e+00
-5.103715704421258437e+00
-5.121406226793602023e+00
-5.139127355606037284e+00
-5.156879090858561554e+00
-5.174661432551178386e+00
-5.192474380683884227e+00
-5.210317935256680855e+00
-5.228192096269568268e+00
-5.246096863722546466e+00
-6.108277667528803967e+00
-6.129125031581803107e+00
-6.150007910735403982e+00
-6.170926304989605704e+00
-6.191880214344409161e+00
-6.212869638799814354e+00
-6.233894578355820393e+00
-6.254955033012428167e+00
-6.276051002769636789e+00
-7.465656388813547650e+00
-7.490751032137292320e+00
-7.515887780567283016e+00
-7.541066634103521515e+00
-7.566287592746007817e+00
-7.591550656494742810e+00
-7.616855825349724718e+00
-7.642203099310955317e+00
-7.667592478378433718e+00
-8.338596154218601342e+00
-8.366207399762371821e+00
-8.393864283728529330e+00
-8.421566806117072090e+00
-8.449314966928001880e+00
-8.477108766161316922e+00
-8.504948203817018992e+00
-8.532833279895108092e+00
-8.560763994395582444e+00
-9.186601106767781744e+00
-9.216573704179747750e+00
-9.246595116896946465e+00
-9.276665344919374334e+00
-9.306784388247034912e+00
-9.336952246879926420e+00
-9.367168920818050637e+00
-9.397434410061404009e+00
-9.427748714609988312e+00
-9.817790477180118103e+00
-9.849358935306097962e+00
-9.880978065114465636e+00
-9.912647866605215796e+00
-9.944368339778351995e+00
-9.976139484633874233e+00
-1.000796130117178251e+01
-1.003983378939207327e+01
-1.007175694929475185e+01
-8.645147326526005926e+00
-8.672548744359685813e+00
-8.699993518867152886e+00
-8.727481650048407147e+00
-8.755013137903450371e+00
-8.782587982432279006e+00
-8.810206183634896604e+00
-8.837867741511301389e+00
-8.865572656061493362e+00
-7.471825068369504663e+00
-7.495174521708159787e+00
-7.518560401651086522e+00
-7.541982708198286645e+00
-7.565441441349757490e+00
-7.588936601105503499e+00
-7.612468187465519343e+00
-7.636036200429809462e+00
-7.659640639998371192e+00
-5.435752095383455718e+00
-5.452503257464760722e+00
-5.469280190564652422e+00
-5.486082894683129929e+00
-5.502911369820195020e+00
-5.519765615975846806e+00
-5.536645633150084400e+00
-5.553551421342908689e+00
-5.570482980554320562e+00
-2.789411561192543854e+00
-2.797890015785834184e+00
-2.806381336015836947e+00
-2.814885521882551256e+00
-2.823402573385977998e+00
-2.831932490526117174e+00
-2.840475273302967896e+00
-2.849030921716531495e+00
-2.857599435766806639e+00
9.322860219096767986e-01
9.350814822452381270e-01
9.378811274016609634e-01
9.406849573789454189e-01
9.434929721770914934e-01
9.463051717960991871e-01
9.491215562359687219e-01
9.519421254966995427e-01
9.547668795782922047e-01
5.415123450988283516e+00
5.431144526287065233e+00
5.447189266394264706e+00
5.463257671309881935e+00
5.479349741033916921e+00
5.495465475566369662e+00
5.511604874907240159e+00
5.527767939056528412e+00
5.543954668014233533e+00
9.127589058814814749e+00
9.154238953877046114e+00
9.180927697182811542e+00
9.207655288732105703e+00
9.234421728524932149e+00
9.261227016561289105e+00
9.288071152841176570e+00
9.314954137364594544e+00
9.341875970131544804e+00
1.292862240996020162e+01
1.296588068779870362e+01
1.300319257467006651e+01
1.304055807057429028e+01
1.307797717551137673e+01
1.311544988948132406e+01
1.315297621248413051e+01
1.319055614451979963e+01
1.322818968558832964e+01
1.647219798096865873e+01
1.651906056412931179e+01
1.656598971345922067e+01
1.661298542895839603e+01
1.666004771062683432e+01
1.670717655846453553e+01
1.675437197247149612e+01
1.680163395264771964e+01
1.684896249899320608e+01
1.931000992600345256e+01
1.936425152691919038e+01
1.941856920301152911e+01
1.947296295428047230e+01
1.952743278072600930e+01
1.958197868234815076e+01
1.963660065914688957e+01
1.969129871112222929e+01
1.974607283827416992e+01
2.115339005572998232e+01
2.121206797544074263e+01
2.127082716650844674e+01
2.132966762893309109e+01
2.138858936271467570e+01
2.144759236785319700e+01
2.150667664434865856e+01
2.156584219220106391e+01
2.162508901141040596e+01
2.192088120736341494e+01
2.198093841615071042e+01
2.204107778254236649e+01
2.210129930653838315e+01
2.216160298813876040e+01
2.222198882734350178e+01
2.228245682415260021e+01
2.234300697856605566e+01
2.240363929058387527e+01
2.262352417524307668e+01
2.268475157490544092e+01
2.274606171429707402e+01
2.280745459341798664e+01
2.286893021226816813e+01
2.293048857084762560e+01
2.299212966915635903e+01
2.305385350719436133e+01
2.311566008496163604e+01
2.199431067037815524e+01
2.205311898767862999e+01
2.211200582075654353e+01
2.217097116961189229e+01
2.223001503424468339e+01
2.228913741465490617e+01
2.234833831084257127e+01
2.240761772280766806e+01
2.246697565055020718e+01
1.983172731903191988e+01
1.988412289979554615e+01
1.993658760401664409e+01
1.998912143169521016e+01
2.004172438283124791e+01
2.009439645742476088e+01
2.014713765547574553e+01
2.019994797698420186e+01
2.025282742195012986e+01
1.838354166886782792e+01
1.843154047218079938e+01
1.847960185541986178e+01
1.852772581858501866e+01
1.857591236167626647e+01
1.862416148469360877e+01
1.867247318763704200e+01
1.872084747050656617e+01
1.876928433330218837e+01
1.589354577392659351e+01
1.593456137592382404e+01
1.597562983307826556e+01
1.601675114538992162e+01
1.605792531285879221e+01
1.609915233548487379e+01
1.614043221326816635e+01
1.618176494620867345e+01
1.622315053430639509e+01
1.350787212631916034e+01
1.354233098378425915e+01
1.357683373788307257e+01
1.361138038861560062e+01
1.364597093598183974e+01
1.368060537998179527e+01
1.371528372061546186e+01
1.375000595788284308e+01
1.378477209178393714e+01
1.000192403559461063e+01
1.002714956910178401e+01
1.005240687280229395e+01
1.007769594669613511e+01
1.010301679078331105e+01
1.012836940506382177e+01
1.015375378953766550e+01
1.017916994420484400e+01
1.020461786906535551e+01
6.442086469759868095e+00
6.458151523300416308e+00
6.474236583134290512e+00
6.490341649261490709e+00
6.506466721682016008e+00
6.522611800395866410e+00
6.538776885403043693e+00
6.554961976703546078e+00
6.571167074297374455e+00
1.827295633520210183e+00
1.831801911284748341e+00
1.836313738652444849e+00
1.840831115623299485e+00
1.845354042197312472e+00
1.849882518374483809e+00
1.854416544154813273e+00
1.858956119538301310e+00
1.863501244524947476e+00
-2.467412662833498249e+00
-2.473430742498945900e+00
-2.479456152346690256e+00
-2.485488892376730874e+00
-2.491528962589067753e+00
-2.497576362983701781e+00
-2.503631093560631626e+00
-2.509693154319858621e+00
-2.515762545261381877e+00
-7.383205991415185743e+00
-7.401018309850446286e+00
-7.418852088910326437e+00
-7.436707328594827970e+00
-7.454584028903949999e+00
-7.472482189837692523e+00
-7.490401811396057319e+00
-7.508342893579041721e+00
-7.526305436386646619e+00
-1.319700348207588192e+01
-1.322849991043405993e+01
-1.326003387923127974e+01
-1.329160538846754491e+01
-1.332321443814285367e+01
-1.335486102825720778e+01
-1.338654515881060547e+01
-1.341826682980304852e+01
-1.345002604123453516e+01
-2.104197166761763782e+01
-2.109165755113031437e+01
-2.114140202648675171e+01
-2.119120509368695693e+01
-2.124106675273092648e+01
-2.129098700361866037e+01
-2.134096584635015859e+01
-2.139100328092542469e+01
-2.144109930734445157e+01
-2.654269536939121821e+01
-2.660471101277764205e+01
-2.666679901980862866e+01
-2.672895939048417446e+01
-2.679119212480427592e+01
-2.685349722276893658e+01
-2.691587468437816000e+01
-2.697832450963193551e+01
-2.704084669853027023e+01
-3.493540167603334368e+01
-3.501617717123804141e+01
-3.509704594068663397e+01
-3.517800798437910004e+01
-3.525906330231546093e+01
-3.534021189449570244e+01
-3.542145376091983167e+01
-3.550278890158784861e+01
-3.558421731649974618e+01
-4.358246193970217064e+01
-4.368219297388912992e+01
-4.378203798640087996e+01
-4.388199697723741366e+01
-4.398206994639872391e+01
-4.408225689388483204e+01
-4.418255781969571672e+01
-4.428297272383139216e+01
-4.438350160629184415e+01
-5.259177826448947002e+01
-5.271089894006022547e+01
-5.283015436752642557e+01
-5.294954454688807033e+01
-5.306906947814515263e+01
-5.318872916129767958e+01
-5.330852359634565119e+01
-5.342845278328906033e+01
-5.354851672212791414e+01
-6.440802640401098245e+01
-6.455243901926661465e+01
-6.469701335077672866e+01
-6.484174939854133868e+01
-6.498664716256041629e+01
-6.513170664283398992e+01
-6.527692783936205956e+01
-6.542231075214459679e+01
-6.556785538118163004e+01
-7.585366576390794080e+01
-7.602204238047599461e+01
-7.619060566735066686e+01
-7.635935562453195757e+01
-7.652829225201985253e+01
-7.669741554981438014e+01
-7.686672551791551200e+01
-7.703622215632326231e+01
-7.720590546503763107e+01
-8.686388698889382454e+01
-8.705479663062764928e+01
-8.724591583289029018e+01
-8.743724459568171881e+01
-8.762878291900193517e+01
-8.782053080285095348e+01
-8.801248824722877373e+01
-8.820465525213538172e+01
-8.839703181757079165e+01
-9.912468986067058552e+01
-9.934041279834342220e+01
-9.955637021747025983e+01
-9.977256211805108421e+01
-9.998898850008590955e+01
-1.002056493635747216e+02
-1.004225447085175205e+02
-1.006396745349143060e+02
-1.008570388427650926e+02
-1.086137213773388055e+02
-1.088478026734106550e+02
-1.090821359407377003e+02
-1.093167211793199272e+02
-1.095515583891573641e+02
-1.097866475702499685e+02
-1.100219887225977686e+02
-1.102575818462007646e+02
-1.104934269410589422e+02
-1.190725123726373624e+02
-1.193266692827177025e+02
-1.195810971489921428e+02
-1.198357959714606977e+02
-1.200907657501233956e+02
-1.203460064849801938e+02
-1.206015181760311066e+02
-1.208573008232761339e+02
-1.211133544267152757e+02
-1.227054172797096072e+02
-1.229648367665588893e+02
-1.232245301916202607e+02
-1.234844975548937072e+02
-1.237447388563792572e+02
-1.240052540960769107e+02
-1.242660432739866394e+02
-1.245271063901084574e+02
-1.247884434444423647e+02
-1.232631301275895623e+02
-1.235212728084850369e+02
-1.237796855131053064e+02
-1.240383682414503426e+02
-1.242973209935201737e+02
-1.245565437693147999e+02
-1.248160365688342068e+02
-1.250757993920783946e+02
-1.253358322390473774e+02
-1.164511323714467608e+02
-1.166927322311385495e+02
-1.169345824533792637e+02
-1.171766830381688607e+02
-1.174190339855073830e+02
-1.176616352953947882e+02
-1.179044869678311045e+02
-1.181475890028163320e+02
-1.183909414003504423e+02
-1.016999660317776488e+02
-1.019090101551728793e+02
-1.021182689029247825e+02
-1.023277422750333443e+02
-1.025374302714985788e+02
-1.027473328923204718e+02
-1.029574501374990376e+02
-1.031677820070342761e+02
-1.033783285009261732e+02
-8.275461671370649697e+01
-8.292315972127005352e+01
-8.309187418662359903e+01
-8.326076010976714770e+01
-8.342981749070068531e+01
-8.359904632942421188e+01
-8.376844662593774160e+01
-8.393801838024126027e+01
-8.410776159233476790e+01
-5.511854431550764843e+01
-5.522978254823319588e+01
-5.534113291627398468e+01
-5.545259541963002192e+01
-5.556417005830131473e+01
-5.567585683228784887e+01
-5.578765574158963148e+01
-5.589956678620666253e+01
-5.601158996613893493e+01
-2.378678092367610830e+01
-2.383435448552346259e+01
-2.388197557340662769e+01
-2.392964418732560361e+01
-2.397736032728039035e+01
-2.402512399327098436e+01
-2.407293518529739629e+01
-2.412079390335961904e+01
-2.416870014745765260e+01
1.044327237583757828e+01
1.046397261840613702e+01
1.048469335626436738e+01
1.050543458941226760e+01
1.052619631784984300e+01
1.054697854157708825e+01
1.056778126059400513e+01
1.058860447490059542e+01
1.060944818449685556e+01
4.135255644852936996e+01
4.143379919204318185e+01
4.151512166347015409e+01
4.159652386281029379e+01
4.167800579006359385e+01
4.175956744523005426e+01
4.184120882830968924e+01
4.192292993930247746e+01
4.200473077820843315e+01
6.929748308667321055e+01
6.943243436824414516e+01
6.956751692538080079e+01
6.970273075808319163e+01
6.983807586635131770e+01
6.997355225018517899e+01
7.010915990958476129e+01
7.024489884455006461e+01
7.038076905508111736e+01
9.213094886947585849e+01
9.230880784412735807e+01
9.248683833177274494e+01
9.266504033241199068e+01
9.284341384604512371e+01
9.302195887267212981e+01
9.320067541229302321e+01
9.337956346490778969e+01
9.355862303051642925e+01
1.079750473087305807e+02
1.081816981169769605e+02
1.083885464881375356e+02
1.085955924222122917e+02
1.088028359192012573e+02
1.090102769791043897e+02
1.092179156019217316e+02
1.094257517876532688e+02
1.096337855362990013e+02
1.180794792674585807e+02
1.183035390004139202e+02
1.185278111122630378e+02
1.187522956030059618e+02
1.189769924726426780e+02
1.192019017211732006e+02
1.194270233485975155e+02
1.196523573549156083e+02
1.198779037401275360e+02
1.215485642479326884e+02
1.217772539266682230e+02
1.220061585393123380e+02
1.222352780858650334e+02
1.224646125663263234e+02
1.226941619806961796e+02
1.229239263289746447e+02
1.231539056111616901e+02
1.233840998272573160e+02
1.174292400647061783e+02
1.176483244678119746e+02
1.178676130502310002e+02
1.180871058119632835e+02
1.183068027530087960e+02
1.185267038733675520e+02
1.187468091730395372e+02
1.189671186520247659e+02
1.191876323103232522e+02
1.096512601567970506e+02
1.098541302033406168e+02
1.100571877453061376e+02
1.102604327826935844e+02
1.104638653155029857e+02
1.106674853437343415e+02
1.108712928673876092e+02
1.110752878864628457e+02
1.112794704009600224e+02
1.007165341960206888e+02
1.009013351761968806e+02
1.010863055431560014e+02
1.012714452968980368e+02
1.014567544374230010e+02
1.016422329647309084e+02
1.018278808788217447e+02
1.020136981796955098e+02
1.021996848673522038e+02
8.529461094403781374e+01
8.544983316595600797e+01
8.560519649898500916e+01
8.576070094312485992e+01
8.591634649837553184e+01
8.607213316473703912e+01
8.622806094220939599e+01
8.638412983079257401e+01
8.654033983048660161e+01
7.043412079316937024e+01
7.056125819532310572e+01
7.068851023895759056e+01
7.081587692407282475e+01
7.094335825066882251e+01
7.107095421874556962e+01
7.119866482830305188e+01
7.132649007934129770e+01
7.145442997186030709e+01
4.968160069005848101e+01
4.977055610758768012e+01
4.985959109167996672e+01
4.994870564233533372e+01
5.003789975955379532e+01
5.012717344333533731e+01
5.021652669367995969e+01
5.030595951058766957e+01
5.039547189405847405e+01
2.833496736180873654e+01
2.838529590063965813e+01
2.843566909655916319e+01
2.848608694956724463e+01
2.853654945966390954e+01
2.858705662684915438e+01
2.863760845112298270e+01
2.868820493248539094e+01
2.873884607093637911e+01
2.564141970242024282e+00
2.568660282083860213e+00
2.573182571312881084e+00
2.577708837929086894e+00
2.582239081932477198e+00
2.586773303323051998e+00
2.591311502100811737e+00
2.595853678265756415e+00
2.600399831817885143e+00
-2.353321856982845262e+01
-2.357436056033514404e+01
-2.361553848271127620e+01
-2.365675233695684554e+01
-2.369800212307185205e+01
-2.373928784105629930e+01
-2.378060949091018372e+01
-2.382196707263350532e+01
-2.386336058622626410e+01
-5.114442734009465852e+01
-5.123314273877652880e+01
-5.132193501388706380e+01
-5.141080416542625642e+01
-5.149975019339412086e+01
-5.158877309779065712e+01
-5.167787287861585099e+01
-5.176704953586972380e+01
-5.185630306955226132e+01
-8.133855440299706174e+01
-8.147855191487830950e+01
-8.161866980295204144e+01
-8.175890806721827175e+01
-8.189926670767702888e+01
-8.203974572432827017e+01
-8.218034511717202406e+01
-8.232106488620827633e+01
-8.246190503143702699e+01
-1.111552137031493714e+02
-1.113450603533682397e+02
-1.115350689887835500e+02
-1.117252396093952882e+02
-1.119155722152034542e+02
-1.121060668062080623e+02
-1.122967233824090840e+02
-1.124875419438065478e+02
-1.126785224904004536e+02
-1.425643062501710006e+02
-1.428059406675441778e+02
-1.430477796864561810e+02
-1.432898233069070386e+02
-1.435320715288967506e+02
-1.437745243524252885e+02
-1.440171817774926524e+02
-1.442600438040988990e+02
-1.445031104322439717e+02
-1.696606586594608927e+02
-1.699460424418990101e+02
-1.702316660426416774e+02
-1.705175294616889516e+02
-1.708036326990407758e+02
-1.710899757546971784e+02
-1.713765586286581311e+02
-1.716633813209236905e+02
-1.719504438314938000e+02
-1.978380883299928144e+02
-1.981683689449009762e+02
-1.984989250232077325e+02
-1.988297565649130831e+02
-1.991608635700169998e+02
-1.994922460385195677e+02
-1.998239039704206732e+02
-2.001558373657203731e+02
-2.004880462244186674e+02
-2.254923443921499882e+02
-2.258659853936282502e+02
-2.262399357005713512e+02
-2.266141953129792626e+02
-2.269887642308519276e+02
-2.273636424541894314e+02
-2.277388299829917173e+02
-2.281143268172588137e+02
-2.284901329569906920e+02
-2.434132295489502837e+02
-2.438135802554452596e+02
-2.442142599271880101e+02
-2.446152685641784501e+02
-2.450166061664166364e+02
-2.454182727339025689e+02
-2.458202682666362193e+02
-2.462225927646176160e+02
-2.466252462278467590e+02
-2.603129417141318527e+02
-2.607379424352977821e+02
-2.611632898128431179e+02
-2.615889838467678601e+02
-2.620150245370720654e+02
-2.624414118837556771e+02
-2.628681458868186951e+02
-2.632952265462611194e+02
-2.637226538620829501e+02
-2.704984532405759410e+02
-2.709368624030404362e+02
-2.713756265526810125e+02
-2.718147456894976131e+02
-2.722542198134903515e+02
-2.726940489246591142e+02
-2.731342330230040147e+02
-2.735747721085249964e+02
-2.740156661812220591e+02
-2.662948972029794277e+02
-2.667233684776423388e+02
-2.671521841825903039e+02
-2.675813443178233797e+02
-2.680108488833415095e+02
-2.684406978791448068e+02
-2.688708913052332150e+02
-2.693014291616066771e+02
-2.697323114482652500e+02
-2.480788204240370760e+02
-2.484751124694429052e+02
-2.488717207894260639e+02
-2.492686453839865237e+02
-2.496658862531243699e+02
-2.500634433968395456e+02
-2.504613168151320508e+02
-2.508595065080018571e+02
-2.512580124754490498e+02
-2.229344701360154488e+02
-2.232880537524088140e+02
-2.236419175459942323e+02
-2.239960615167717606e+02
-2.243504856647413135e+02
-2.247051899899029479e+02
-2.250601744922566922e+02
-2.254154391718024613e+02
-2.257709840285403402e+02
-1.725938453134160682e+02
-1.728656466446182662e+02
-1.731376618242321399e+02
-1.734098908522576608e+02
-1.736823337286948572e+02
-1.739549904535436724e+02
-1.742278610268041348e+02
-1.745009454484762159e+02
-1.747742437185599726e+02
-1.220844491181717615e+02
-1.222753552153072860e+02
-1.224664104578312021e+02
-1.226576148457435096e+02
-1.228489683790442086e+02
-1.230404710577332850e+02
-1.232321228818107528e+02
-1.234239238512765979e+02
-1.236158739661308346e+02
-5.188148251407304912e+01
-5.196204382232471630e+01
-5.204266762965183091e+01
-5.212335393605438583e+01
-5.220410274153240238e+01
-5.228491404608585214e+01
-5.236578784971475642e+01
-5.244672415241910812e+01
-5.252772295419890725e+01
1.956672267429837220e+01
1.959689495290176353e+01
1.962709047671208751e+01
1.965730924572935479e+01
1.968755125995355115e+01
1.971781651938468727e+01
1.974810502402275958e+01
1.977841677386776809e+01
1.980875176891971279e+01
8.645676725158753584e+01
8.658916658887939377e+01
8.672166722635282099e+01
8.685426916400778907e+01
8.698697240184431223e+01
8.711977693986240467e+01
8.725268277806203798e+01
8.738568991644324058e+01
8.751879835500598404e+01
1.646153981373051352e+02
1.648657637618485694e+02
1.651163196338270609e+02
1.653670657532406096e+02
1.656180021200892440e+02
1.658691287343729073e+02
1.661204455960916846e+02
1.663719527052454907e+02
1.666236500618343541e+02
2.213810800398049423e+02
2.217154925474179379e+02
2.220501574418291284e+02
2.223850747230385139e+02
2.227202443910461227e+02
2.230556664458518981e+02
2.233913408874558684e+02
2.237272677158580905e+02
2.240634469310584507e+02
2.804268415240086370e+02
2.808475869726568135e+02
2.812686478226907525e+02
2.816900240741105108e+02
2.821117157269160884e+02
2.825337227811074285e+02
2.829560452366845880e+02
2.833786830936475098e+02
2.838016363519962511e+02
3.047604001698114189e+02
3.052145885456233714e+02
3.056691151108439612e+02
3.061239798654731885e+02
3.065791828095110532e+02
3.070347239429576121e+02
3.074906032658127515e+02
3.079468207780765852e+02
3.084033764797490562e+02
3.322444359375458021e+02
3.327362855836413473e+02
3.332284990238538285e+02
3.337210762581832455e+02
3.342140172866295984e+02
3.347073221091928872e+02
3.352009907258731687e+02
3.356950231366702724e+02
3.361894193415843688e+02
3.441636162475983838e+02
3.446697392126683894e+02
3.451762340535393605e+02
3.456831007702111833e+02
3.461903393626839716e+02
3.466979498309577252e+02
3.472059321750323875e+02
3.477142863949079583e+02
3.482230124905844946e+02
3.334260812471452482e+02
3.339131902044091476e+02
3.344006547156564579e+02
3.348884747808871793e+02
3.353766504001013118e+02
3.358651815732988553e+02
3.363540683004797529e+02
3.368433105816441184e+02
3.373329084167918381e+02
3.144042997640781891e+02
3.148606195024875660e+02
3.153172701471612527e+02
3.157742516980991354e+02
3.162315641553013279e+02
3.166892075187677165e+02
3.171471817884984148e+02
3.176054869644933660e+02
3.180641230467525702e+02
2.927534557723558919e+02
2.931755948578243078e+02
2.935980380780805490e+02
2.940207854331245585e+02
2.944438369229563932e+02
2.948671925475760531e+02
2.952908523069834814e+02
2.957148162011787349e+02
2.961390842301617568e+02
2.547371539549336319e+02
2.551021068975624928e+02
2.554673210806656414e+02
2.558327965042431629e+02
2.561985331682949436e+02
2.565645310728211257e+02
2.569307902178215386e+02
2.572973106032963528e+02
2.576640922292454547e+02
2.132857360704558687e+02
2.135893456591682593e+02
2.138931711864217107e+02
2.141972126522161943e+02
2.145014700565517387e+02
2.148059433994282870e+02
2.151106326808459528e+02
2.154155379008046225e+02
2.157206590593043245e+02
1.630384683450612329e+02
1.632690743823243906e+02
1.634998433920520711e+02
1.637307753742442173e+02
1.639618703289009147e+02
1.641931282560220495e+02
1.644245491556077070e+02
1.646561330276578587e+02
1.648878798721725047e+02
1.110080821594653600e+02
1.111641019516782336e+02
1.113202313083519499e+02
1.114764702294864662e+02
1.116328187150818252e+02
1.117892767651379984e+02
1.119458443796550000e+02
1.121025215586328301e+02
1.122593083020714744e+02
4.370411462549954251e+01
4.376515389173626858e+01
4.382623575341349920e+01
4.388736021053123437e+01
4.394852726308946700e+01
4.400973691108819708e+01
4.407098915452742460e+01
4.413228399340715669e+01
4.419362142772739332e+01
-1.790001697170442796e+01
-1.792486085369152704e+01
-1.794972196444560808e+01
-1.797460030396666752e+01
-1.799949587225471248e+01
-1.802440866930973229e+01
-1.804933869513173761e+01
-1.807428594972072489e+01
-1.809925043307669412e+01
-8.551815406908282569e+01
-8.563611014366087204e+01
-8.575414751119176060e+01
-8.587226617167549136e+01
-8.599046612511207854e+01
-8.610874737150150793e+01
-8.622710991084377952e+01
-8.634555374313887910e+01
-8.646407886838684931e+01
-1.584069279862788164e+02
-1.586240725071647262e+02
-1.588413657571745432e+02
-1.590588077363082391e+02
-1.592763984445658423e+02
-1.594941378819473528e+02
-1.597120260484527421e+02
-1.599300629440820387e+02
-1.601482485688352142e+02
-2.386599447224831465e+02
-2.389850945109334077e+02
-2.393104656402879584e+02
-2.396360581105468555e+02
-2.399618719217100988e+02
-2.402879070737776317e+02
-2.406141635667494825e+02
-2.409406414006256796e+02
-2.412673405754061662e+02
-3.184027143793541654e+02
-3.188338622661237309e+02
-3.192653018632362318e+02
-3.196970331706915545e+02
-3.201290561884898125e+02
-3.205613709166309491e+02
-3.209939773551149074e+02
-3.214268755039417442e+02
-3.218600653631114596e+02
-3.983833241921679473e+02
-3.989195063243242885e+02
-3.994560490362601399e+02
-3.999929523279755585e+02
-4.005302161994704875e+02
-4.010678406507449267e+02
-4.016058256817989331e+02
-4.021441712926324499e+02
-4.026828774832454769e+02
-4.789540619243151696e+02
-4.795948031442808315e+02
-4.802359726672009970e+02
-4.808775704930756660e+02
-4.815195966219048387e+02
-4.821620510536885718e+02
-4.828049337884268084e+02
-4.834482448261196623e+02
-4.840919841667669061e+02
-5.745872518302670642e+02
-5.753513306225945598e+02
-5.761159171084717627e+02
-5.768810112878986729e+02
-5.776466131608754040e+02
-5.784127227274017287e+02
-5.791793399874777606e+02
-5.799464649411036135e+02
-5.807140975882790599e+02
-5.814822379290043273e+02
-5.822508859632793019e+02
-5.830200416911039838e+02
-5.837897051124783729e+02
-5.845598762274024693e+02
-5.853305550358762730e+02
-5.861017415378998976e+02
-5.868734357334731158e+02
-6.868016678979652170e+02
-6.877047601634457124e+02
-6.886084457878392868e+02
-6.895127247711457130e+02
-6.904175971133649909e+02
-6.913230628144973480e+02
-6.922291218745425567e+02
-6.931357742935006172e+02
-6.940430200713717568e+02
-6.949508592081557481e+02
-6.958592917038527048e+02
-6.967683175584626269e+02
-6.976779367719854008e+02
-6.985881493444211401e+02
-6.994989552757697311e+02
-7.004103545660312875e+02
-7.013223472152058093e+02
-7.530420867036698382e+02
-7.540213351909308130e+02
-7.550012199670073869e+02
-7.559817410318996735e+02
-7.569628983856075592e+02
-7.579446920281309303e+02
-7.589271219594700142e+02
-7.599101881796248108e+02
-7.608938906885952065e+02
-7.618782294863813149e+02
-7.628632045729829088e+02
-7.638488159484002153e+02
-7.648350636126331210e+02
-7.658219475656816257e+02
-7.668094678075458432e+02
-7.677976243382256598e+02
-7.687864171577211891e+02
-7.339264681772835957e+02
-7.348704250495372889e+02
-7.358149885778785801e+02
-7.367601587623074693e+02
-7.377059356028239563e+02
-7.386523190994279275e+02
-7.395993092521194967e+02
-7.405469060608986638e+02
-7.414951095257654288e+02
-7.424439196467195643e+02
-7.433933364237615251e+02
-7.443433598568908565e+02
-7.452939899461078994e+02
-7.462452266914123129e+02
-7.471970700928044380e+02
-7.481495201502841610e+02
-7.491025768638513682e+02
-6.169062237407623570e+02
-6.176910917098982736e+02
-6.184764586415064969e+02
-6.192623245355871404e+02
-6.200486893921402043e+02
-6.208355532111658022e+02
-6.216229159926638204e+02
-6.224107777366342589e+02
-6.231991384430771177e+02
-6.239879981119923968e+02
-6.247773567433800963e+02
-6.255672143372402161e+02
-6.263575708935728699e+02
-6.271484264123779440e+02
-6.279397808936553247e+02
-6.287316343374052394e+02
-6.295239867436274608e+02
-4.303290816268383310e+02
-4.308707167201383754e+02
-4.314126924644403971e+02
-4.319550088597445097e+02
-4.324976659060507131e+02
-4.330406636033590075e+02
-4.335840019516693928e+02
-4.341276809509818122e+02
-4.346717006012963225e+02
-4.352160609026129237e+02
-4.357607618549316157e+02
-4.363058034582522851e+02
-4.368511857125751590e+02
-4.373969086179000669e+02
-4.379429721742270090e+02
-4.384893763815560419e+02
-4.390361212398871658e+02
-1.654057244543374452e+02
-1.656117091672320214e+02
-1.658178220597861241e+02
-1.660240631319997817e+02
-1.662304323838729943e+02
-1.664369298154057617e+02
-1.666435554265980841e+02
-1.668503092174499329e+02
-1.670571911879613367e+02
-1.672642013381322954e+02
-1.674713396679628090e+02
-1.676786061774528491e+02
-1.678860008666024726e+02
-1.680935237354115941e+02
-1.683011747838802989e+02
-1.685089540120085587e+02
-1.687168614197963450e+02
1.129604478741224511e+02
1.130996474402026877e+02
1.132389327203014631e+02
1.133783037144187631e+02
1.135177604225545736e+02
1.136573028447089087e+02
1.137969309808817826e+02
1.139366448310731528e+02
1.140764443952830760e+02
1.142163296735114955e+02
1.143563006657584395e+02
1.144963573720239083e+02
1.146364997923079017e+02
1.147767279266104339e+02
1.149170417749314765e+02
1.150574413372710438e+02
1.151979266136291074e+02
3.389346896733828203e+02
3.393480246607894060e+02
3.397616115281395537e+02
3.401754502754332634e+02
3.405895409026705920e+02
3.410038834098514258e+02
3.414184777969758784e+02
3.418333240640438930e+02
3.422484222110554697e+02
3.426637722380106652e+02
3.430793741449093659e+02
3.434952279317516854e+02
3.439113335985375670e+02
3.443276911452670106e+02
3.447443005719400730e+02
3.451611618785566975e+02
3.455782750651168840e+02
5.115427290946582275e+02
5.121601614773916253e+02
5.127779662560133147e+02
5.133961434305233524e+02
5.140146930009215112e+02
5.146336149672080182e+02
5.152529093293827600e+02
5.158725760874458501e+02
5.164926152413970613e+02
5.171130267912365071e+02
5.177338107369643012e+02
5.183549670785803301e+02
5.189764958160847073e+02
5.195983969494772055e+02
5.202206704787580520e+02
5.208433164039271333e+02
5.214663347249844492e+02
5.816646594961304118e+02
5.823595993521593073e+02
5.830549540976544449e+02
5.837507237326158247e+02
5.844469082570434466e+02
5.851435076709374243e+02
5.858405219742977579e+02
5.865379511671242199e+02
5.872357952494170377e+02
5.879340542211762113e+02
5.886327280824016270e+02
5.893318168330932849e+02
5.900313204732512986e+02
5.907312390028755544e+02
5.914315724219660524e+02
5.921323207305229062e+02
5.928334839285461157e+02
5.817475008233211611e+02
5.824355522731417523e+02
5.831240103727554924e+02
5.838128751221621542e+02
5.845021465213618512e+02
5.851918245703545836e+02
5.858819092691403512e+02
5.865724006177191541e+02
5.872632986160911059e+02
5.879546032642559794e+02
5.886463145622138882e+02
5.893384325099649459e+02
5.900309571075089252e+02
5.907238883548460535e+02
5.914172262519761034e+02
5.921109707988993023e+02
5.928051219956154227e+02
5.061578071293259882e+02
5.067504977699927053e+02
5.073435352161833976e+02
5.079369194678982353e+02
5.085306505251371618e+02
5.091247283879001770e+02
5.097191530561872810e+02
5.103139245299984736e+02
5.109090428093337550e+02
5.115045078941930683e+02
5.121003197845765271e+02
5.126964784804840747e+02
5.132929839819157678e+02
5.138898362888713791e+02
5.144870354013512497e+02
5.150845813193551521e+02
5.156824740428830864e+02
3.762675017550312759e+02
3.767037539309791327e+02
3.771402588602155106e+02
3.775770165427403526e+02
3.780140269785537157e+02
3.784512901676555998e+02
3.788888061100459481e+02
3.793265748057248175e+02
3.797645962546921510e+02
3.802028704569479487e+02
3.806413974124923243e+02
3.810801771213251641e+02
3.815192095834465249e+02
3.819584947988563499e+02
3.823980327675546960e+02
3.828378234895415062e+02
3.832778669648168375e+02
2.263583546215002116e+02
2.266182379218693086e+02
2.268782703233861184e+02
2.271384518260505274e+02
2.273987824298626208e+02
2.276592621348223702e+02
2.279198909409297755e+02
2.281806688481848653e+02
2.284415958565875826e+02
2.287026719661379559e+02
2.289638971768360136e+02
2.292252714886817273e+02
2.294867949016750686e+02
2.297484674158160942e+02
2.300102890311047759e+02
2.302722597475410851e+02
2.305343795651251071e+02
6.746667107873815894e+01
6.754338133579187797e+01
6.762013517821891639e+01
6.769693260601927420e+01
6.777377361919296561e+01
6.785065821773997641e+01
6.792758640166032080e+01
6.800455817095398459e+01
6.808157352562096776e+01
6.815863246566129874e+01
6.823573499107493490e+01
6.831288110186190465e+01
6.839007079802220801e+01
6.846730407955583075e+01
6.854458094646277289e+01
6.862190139874304862e+01
6.869926543639664374e+01
-6.778475574778136092e+01
-6.786108993218201135e+01
-6.793746707335498058e+01
-6.801388717130025441e+01
-6.809035022601784704e+01
-6.816685623750775846e+01
-6.824340520576997449e+01
-6.831999713080452352e+01
-6.839663201261136294e+01
-6.847330985119052116e+01
-6.855003064654199818e+01
-6.862679439866577980e+01
-6.870360110756188021e+01
-6.878045077323029943e+01
-6.885734339567102325e+01
-6.893427897488406586e+01
-6.901125751086941307e+01
-2.110160073191715071e+02
-2.112513849068114382e+02
-2.114868936971200242e+02
-2.117225336900973218e+02
-2.119583048857433027e+02
-2.121942072840579954e+02
-2.124302408850413713e+02
-2.126664056886934588e+02
-2.129027016950142013e+02
-2.131391289040036838e+02
-2.133756873156618497e+02
-2.136123769299886987e+02
-2.138491977469842311e+02
-2.140861497666485036e+02
-2.143232329889814309e+02
-2.145604474139830984e+02
-2.147977930416534207e+02
-2.884380079649010895e+02
-2.887567239958015080e+02
-2.890756160156753936e+02
-2.893946840245226895e+02
-2.897139280223434525e+02
-2.900333480091376828e+02
-2.903529439849053233e+02
-2.906727159496464310e+02
-2.909926639033609490e+02
-2.913127878460489342e+02
-2.916330877777102728e+02
-2.919535636983451923e+02
-2.922742156079534652e+02
-2.925950435065352053e+02
-2.929160473940903557e+02
-2.932372272706189733e+02
-2.935585831361210012e+02
-3.322475581974667875e+02
-3.326112665260902190e+02
-3.329751738198824000e+02
-3.333392800788434442e+02
-3.337035853029733516e+02
-3.340680894922720654e+02
-3.344327926467395855e+02
-3.347976947663759688e+02
-3.351627958511812153e+02
-3.355280959011552682e+02
-3.358935949162981274e+02
-3.362592928966097929e+02
-3.366251898420903217e+02
-3.369912857527397136e+02
-3.373575806285579120e+02
-3.377240744695449166e+02
-3.380907672757007845e+02
-3.123449103872407591e+02
-3.126836792705240669e+02
-3.130226317683782895e+02
-3.133617678808034270e+02
-3.137010876077994226e+02
-3.140405909493663330e+02
-3.143802779055041015e+02
-3.147201484762127279e+02
-3.150602026614922693e+02
-3.154004404613426686e+02
-3.157408618757639829e+02
-3.160814669047562120e+02
-3.164222555483192991e+02
-3.167632278064531874e+02
-3.171043836791580475e+02
-3.174457231664338224e+02
-3.177872462682804553e+02
-2.461874479616027145e+02
-2.464520234027221477e+02
-2.467167409359151975e+02
-2.469816005611818639e+02
-2.472466022785222037e+02
-2.475117460879361602e+02
-2.477770319894237900e+02
-2.480424599829850081e+02
-2.483080300686198996e+02
-2.485737422463284361e+02
-2.488395965161105892e+02
-2.491055928779664157e+02
-2.493717313318958588e+02
-2.496380118778989470e+02
-2.499044345159756801e+02
-2.501709992461260583e+02
-2.504377060683500815e+02
-1.531976952232972167e+02
-1.533608450584658272e+02
-1.535240817216467235e+02
-1.536874052128399626e+02
-1.538508155320455160e+02
-1.540143126792634405e+02
-1.541778966544936793e+02
-1.543415674577362324e+02
-1.545053250889911283e+02
-1.546691695482583384e+02
-1.548331008355378913e+02
-1.549971189508297869e+02
-1.551612238941339967e+02
-1.553254156654505493e+02
-1.554896942647794162e+02
-1.556540596921206259e+02
-1.558185119474741498e+02
-4.164472054578778892e-01
-4.168867275744561063e-01
-4.173264815064967048e-01
-4.177664672539995738e-01
-4.182066848169648243e-01
-4.186471341953923453e-01
-4.190878153892822477e-01
-4.195287283986344762e-01
-4.199698732234490306e-01
-4.204112498637259110e-01
-4.208528583194651174e-01
-4.212946985906666497e-01
-4.217367706773305081e-01
-4.221790745794566924e-01
-4.226216102970452582e-01
-4.230643778300960944e-01
-4.235073771786093122e-01
1.252105287472172535e+02
1.253415021036474002e+02
1.254725439249789645e+02
1.256036542112119605e+02
1.257348329623464025e+02
1.258660801783822478e+02
1.259973958593195249e+02
1.261287800051582337e+02
1.262602326158983743e+02
1.263917536915399324e+02
1.265233432320829223e+02
1.266550012375273297e+02
1.267867277078731689e+02
1.269185226431204399e+02
1.270503860432691425e+02
1.271823179083192485e+02
1.273143182382708005e+02
2.346011003004045392e+02
2.348443362779062511e+02
2.350876982844118572e+02
2.353311863199213292e+02
2.355748003844347238e+02
2.358185404779519843e+02
2.360624066004731390e+02
2.363063987519981595e+02
2.365505169325271027e+02
2.367947611420598832e+02
2.370391313805965865e+02
2.372836276481371840e+02
2.375282499446816757e+02
2.377729982702300049e+02
2.380178726247822851e+02
2.382628730083383743e+02
2.385079994208984147e+02
3.299227524727704690e+02
3.302618303273159199e+02
3.306010823358699326e+02
3.309405084984323935e+02
3.312801088150034161e+02
3.316198832855829437e+02
3.319598319101708626e+02
3.322999546887674001e+02
3.326402516213723857e+02
3.329807227079858194e+02
3.333213679486078149e+02
3.336621873432383154e+02
3.340031808918773208e+02
3.343443485945247744e+02
3.346856904511807329e+02
3.350272064618451964e+02
3.353688966265181648e+02
3.780642203780153068e+02
3.784494106178299262e+02
3.788347969830211923e+02
3.792203794735891620e+02
3.796061580895337784e+02
3.799921328308551551e+02
3.803783036975531786e+02
3.807646706896279056e+02
3.811512338070792794e+02
3.815379930499073566e+02
3.819249484181121375e+02
3.823120999116936218e+02
3.826994475306516961e+02
3.830869912749865875e+02
3.834747311446980689e+02
3.838626671397863106e+02
3.842507992602511990e+02
3.857157633782967991e+02
3.861053752604971123e+02
3.864951838170448468e+02
3.868851890479399458e+02
3.872753909531824092e+02
3.876657895327722940e+02
3.880563847867096001e+02
3.884471767149943275e+02
3.888381653176264194e+02
3.892293505946059327e+02
3.896207325459328104e+02
3.900123111716071094e+02
3.904040864716288866e+02
3.907960584459979145e+02
3.911882270947144775e+02
3.915805924177784050e+02
3.919731544151896969e+02
3.123677710904083824e+02
3.126806081170387301e+02
3.129936017187574748e+02
3.133067518955646733e+02
3.136200586474602119e+02
3.139335219744442043e+02
3.142471418765165936e+02
3.145609183536773799e+02
3.148748514059265062e+02
3.151889410332640864e+02
3.155031872356900635e+02
3.158175900132044944e+02
3.161321493658072654e+02
3.164468652934984902e+02
3.167617377962780552e+02
3.170767668741460739e+02
3.173919525271024895e+02
2.272113116993815822e+02
2.274369435878616059e+02
2.276626874524649224e+02
2.278885432931915886e+02
2.281145111100415477e+02
2.283405909030148280e+02
2.285667826721114295e+02
2.287930864173313239e+02
2.290195021386745395e+02
2.292460298361411049e+02
2.294726695097309630e+02
2.296994211594441424e+02
2.299262847852806146e+02
2.301532603872404081e+02
2.303803479653235513e+02
2.306075475195299873e+02
2.308348590498597162e+02
2.310622825563127947e+02
2.312898180388891660e+02
2.315174654975888586e+02
2.317452249324118725e+02
2.319730963433582076e+02
2.322010797304278356e+02
2.324291750936207848e+02
2.326573824329370552e+02
2.328857017483766469e+02
2.331141330399395315e+02
2.333426763076257373e+02
2.335713315514352928e+02
2.338000987713681411e+02
2.340289779674243107e+02
2.342579691396037447e+02
2.344870722879065852e+02
1.088688921316384466e+02
1.089752613472042952e+02
1.090816825008636641e+02
1.091881555926165817e+02
1.092946806224630336e+02
1.094012575904030342e+02
1.095078864964365550e+02
1.096145673405636387e+02
1.097213001227842426e+02
1.098280848430983951e+02
1.099349215015060679e+02
1.100418100980072893e+02
1.101487506326020593e+02
1.102557431052903496e+02
1.103627875160721743e+02
1.104698838649475618e+02
1.105770321519164696e+02
1.106842323769789118e+02
1.107914845401349027e+02
1.108987886413844421e+02
1.110061446807275019e+02
1.111135526581640960e+02
1.112210125736942388e+02
1.113285244273179160e+02
1.114360882190351276e+02
1.115437039488458737e+02
1.116513716167501684e+02
1.117590912227479976e+02
1.118668627668393754e+02
1.119746862490242734e+02
1.120825616693027200e+02
1.121904890276747011e+02
1.122984683241402166e+02
-6.379387069017887768e+00
-6.385521095045789686e+00
-6.391658068707534390e+00
-6.397797990003122770e+00
-6.403940858932554825e+00
-6.410086675495829667e+00
-6.416235439692948184e+00
-6.422387151523909488e+00
-6.428541810988714467e+00
-6.434699418087363121e+00
-6.440859972819854562e+00
-6.447023475186188790e+00
-6.453189925186367581e+00
-6.459359322820389160e+00
-6.465531668088253525e+00
-6.471706960989961566e+00
-6.477885201525513281e+00
-6.484066389694906896e+00
-6.490250525498145073e+00
-6.496437608935226926e+00
-6.502627640006150678e+00
-6.508820618710918104e+00
-6.515016545049530095e+00
-6.521215419021983983e+00
-6.527417240628281547e+00
-6.533622009868421898e+00
-6.539829726742406812e+00
-6.546040391250234514e+00
-6.552254003391905002e+00
-6.558470563167420053e+00
-6.564690070576777003e+00
-6.570912525619977629e+00
-6.577137928297021041e+00
-5.813331562214381165e+01
-5.818834005718607472e+01
-5.824339052081633383e+01
-5.829846701303460321e+01
-5.835356953384086864e+01
-5.840869808323515144e+01
-5.846385266121743030e+01
-5.851903326778771230e+01
-5.857423990294600458e+01
-5.862947256669230001e+01
-5.868473125902659859e+01
-5.874001597994890034e+01
-5.879532672945921234e+01
-5.885066350755752751e+01
-5.890602631424384583e+01
-5.896141514951817442e+01
-5.901683001338049905e+01
-5.907227090583083395e+01
-5.912773782686917201e+01
-5.918323077649552033e+01
-5.923874975470986470e+01
-5.929429476151221934e+01
-5.934986579690257003e+01
-5.940546286088093808e+01
-5.946108595344730929e+01
-5.951673507460168366e+01
-5.957241022434406119e+01
-5.962811140267443477e+01
-5.968383860959282572e+01
-5.973959184509921982e+01
-5.979537110919361709e+01
-5.985117640187601751e+01
-5.990700772314642819e+01
-6.252685185912445576e+01
-6.258512478723174866e+01
-6.264342485689847706e+01
-6.270175206812464097e+01
-6.276010642091023328e+01
-6.281848791525526821e+01
-6.287689655115973864e+01
-6.293533232862363747e+01
-6.299379524764697891e+01
-6.305228530822975586e+01
-6.311080251037195410e+01
-6.316934685407360206e+01
-6.322791833933467842e+01
-6.328651696615519029e+01
-6.334514273453514477e+01
-6.340379564447452765e+01
-6.346247569597334603e+01
-6.352118288903160703e+01
-6.357991722364929643e+01
-6.363867869982641423e+01
-6.369746731756298175e+01
-6.375628307685897767e+01
-6.381512597771440198e+01
-6.387399602012926891e+01
-6.393289320410357135e+01
-6.399181752963730929e+01
-6.405076899673048274e+01
-6.410974760538307748e+01
-6.416875335559512905e+01
-6.422778624736660902e+01
-6.428684628069751739e+01
-6.434593345558785416e+01
-6.440504777203764775e+01
-2.375368337607114810e+01
-2.377548574722862540e+01
-2.379729811947379048e+01
-2.381912049280664334e+01
-2.384095286722717688e+01
-2.386279524273540176e+01
-2.388464761933131442e+01
-2.390650999701491131e+01
-2.392838237578619953e+01
-2.395026475564517199e+01
-2.397215713659183223e+01
-2.399405951862617670e+01
-2.401597190174821250e+01
-2.403789428595792899e+01
-2.405982667125533681e+01
-2.408176905764043241e+01
-2.410372144511321224e+01
-2.412568383367367986e+01
-2.414765622332183526e+01
-2.416963861405767489e+01
-2.419163100588120230e+01
-2.421363339879242105e+01
-2.423564579279132047e+01
-2.425766818787791124e+01
-2.427970058405218623e+01
-2.430174298131414901e+01
-2.432379537966379957e+01
-2.434585777910113435e+01
-2.436793017962616048e+01
-2.439001258123887084e+01
-2.441210498393926898e+01
-2.443420738772735135e+01
-2.445631979260312505e+01
2.443045985896229055e+01
2.445254888234291002e+01
2.447464788720720463e+01
2.449675687355517795e+01
2.451887584138682996e+01
2.454100479070216068e+01
2.456314372150117009e+01
2.458529263378385821e+01
2.460745152755022502e+01
2.462962040280027054e+01
2.465179925953399476e+01
2.467398809775139767e+01
2.469618691745247929e+01
2.471839571863723606e+01
2.474061450130567508e+01
2.476284326545779280e+01
2.478508201109358922e+01
2.480733073821305723e+01
2.482958944681621105e+01
2.485185813690304357e+01
2.487413680847355124e+01
2.489642546152774116e+01
2.491872409606560623e+01
2.494103271208715000e+01
2.496335130959237247e+01
2.498567988858127720e+01
2.500801844905385707e+01
2.503036699101011564e+01
2.505272551445005291e+01
2.507509401937367244e+01
2.509747250578096356e+01
2.511986097367193693e+01
2.514225942304658901e+01
6.332177038367143496e+01
6.337818176040521223e+01
6.343461825351332806e+01
6.349107986299575401e+01
6.354756658885251142e+01
6.360407843108359316e+01
6.366061538968900635e+01
6.371717746466873677e+01
6.377376465602279865e+01
6.383037696375117065e+01
6.388701438785388120e+01
6.394367692833091610e+01
6.400036458518226823e+01
6.405707735840795181e+01
6.411381524800795262e+01
6.417057825398228488e+01
6.422736637633094858e+01
6.428417961505392952e+01
6.434101797015124191e+01
6.439788144162287153e+01
6.445477002946883260e+01
6.451168373368911091e+01
6.456862255428372066e+01
6.462558649125264765e+01
6.468257554459590608e+01
6.473958971431348175e+01
6.479662900040538887e+01
6.485369340287161322e+01
6.491078292171218322e+01
6.496789755692705626e+01
6.502503730851626074e+01
6.508220217647979666e+01
6.513939216081764982e+01
7.655089609529545669e+01
7.661810495929483977e+01
7.668534331380057267e+01
7.675261115881268381e+01
7.681990849433114477e+01
7.688723532035598396e+01
7.695459163688717297e+01
7.702197744392472600e+01
7.708939274146864307e+01
7.715683752951892416e+01
7.722431180807555506e+01
7.729181557713856421e+01
7.735934883670792317e+01
7.742691158678366037e+01
7.749450382736574738e+01
7.756212555845419843e+01
7.762977678004901350e+01
7.769745749215019259e+01
7.776516769475772151e+01
7.783290738787162866e+01
7.790067657149189984e+01
7.796847524561852083e+01
7.803630341025150585e+01
7.810416106539085490e+01
7.817204821103656798e+01
7.823996484718864508e+01
7.830791097384707200e+01
7.837588659101186295e+01
7.844389169868303213e+01
7.851192629686055113e+01
7.857999038554443416e+01
7.864808396473468122e+01
7.871620703443129230e+01
7.627719650364726078e+01
7.634320878967379542e+01
7.640924962772713513e+01
7.647531901780732255e+01
7.654141695991432925e+01
7.660754345404816945e+01
7.667369850020882893e+01
7.673988209839632191e+01
7.680609424861063417e+01
7.687233495085177992e+01
7.693860420511975917e+01
7.700490201141457192e+01
7.707122836973620394e+01
7.713758328008465526e+01
7.720396674245994006e+01
7.727037875686205837e+01
7.733681932329101016e+01
7.740328844174676703e+01
7.746978611222938582e+01
7.753631233473880968e+01
7.760286710927506704e+01
7.766945043583814368e+01
7.773606231442805381e+01
7.780270274504479744e+01
7.786937172768837456e+01
7.793606926235877097e+01
7.800279534905598666e+01
7.806954998778005006e+01
7.813633317853093274e+01
7.820314492130863471e+01
7.826998521611317017e+01
7.833685406294453912e+01
7.840375146180272736e+01
5.742530613878705026e+01
5.747430384027065742e+01
5.752332243629647479e+01
5.757236192686450238e+01
5.762142231197474018e+01
5.767050359162718820e+01
5.771960576582184643e+01
5.776872883455872199e+01
5.781787279783780065e+01
5.786703765565908952e+01
5.791622340802258861e+01
5.796543005492830503e+01
5.801465759637621744e+01
5.806390603236635428e+01
5.811317536289869423e+01
5.816246558797325150e+01
5.821177670759001899e+01
5.826110872174898958e+01
5.831046163045017749e+01
5.835983543369356852e+01
5.840923013147917686e+01
5.845864572380699542e+01
5.850808221067701709e+01
5.855753959208926318e+01
5.860701786804371238e+01
5.865651703854036469e+01
5.870603710357923433e+01
5.875557806316031417e+01
5.880513991728360423e+01
5.885472266594910451e+01
5.890432630915681500e+01
5.895395084690673571e+01
5.900359627919887373e+01
2.884926227688595901e+01
2.887353595149840046e+01
2.889781983371160123e+01
2.892211392352556842e+01
2.894641822094029493e+01
2.897073272595578786e+01
2.899505743857203655e+01
2.901939235878904810e+01
2.904373748660682963e+01
2.906809282202536693e+01
2.909245836504466709e+01
2.911683411566473012e+01
2.914122007388555247e+01
2.916561623970713768e+01
2.919002261312948932e+01
2.921443919415260027e+01
2.923886598277647408e+01
2.926330297900111077e+01
2.928775018282650677e+01
2.931220759425266920e+01
2.933667521327958738e+01
2.936115303990727554e+01
2.938564107413572302e+01
2.941013931596492981e+01
2.943464776539489947e+01
2.945916642242563199e+01
2.948369528705712739e+01
2.950823435928938565e+01
2.953278363912240323e+01
2.955734312655618723e+01
2.958191282159073054e+01
2.960649272422603673e+01
2.963108283446210223e+01
1.686733709765503519e+01
1.688133488777756952e+01
1.689533848370273006e+01
1.690934788543050971e+01
1.692336309296091201e+01
1.693738410629393698e+01
1.695141092542958461e+01
1.696544355036785134e+01
1.697948198110874429e+01
1.699352621765225990e+01
1.700757625999839462e+01
1.702163210814715555e+01
1.703569376209853559e+01
1.704976122185253828e+01
1.706383448740916720e+01
1.707791355876841521e+01
1.709199843593028589e+01
1.710608911889477923e+01
1.712018560766189523e+01
1.713428790223163389e+01
1.714839600260399166e+01
1.716250990877897564e+01
1.717662962075658228e+01
1.719075513853680803e+01
1.720488646211965644e+01
1.721902359150513107e+01
1.723316652669322480e+01
1.724731526768394119e+01
1.726146981447728024e+01
1.727563016707324195e+01
1.728979632547182632e+01
1.730396828967303335e+01
1.731814605967685949e+01
1.001285872337676430e+01
1.002105590612205788e+01
1.002925644287011231e+01
1.003746033362092582e+01
1.004566757837450020e+01
1.005387817713083365e+01
1.006209212988992796e+01
1.007030943665178135e+01
1.007853009741639561e+01
1.008675411218376894e+01
1.009498148095390313e+01
1.010321220372679640e+01
1.011144628050244876e+01
1.011968371128086375e+01
1.012792449606203604e+01
1.013616863484596919e+01
1.014441612763266143e+01
1.015266697442211630e+01
1.016092117521433025e+01
1.016917873000930150e+01
1.017743963880703539e+01
1.018570390160752837e+01
1.019397151841078042e+01
1.020224248921679333e+01
1.021051681402556532e+01
1.021879449283709818e+01
1.022707552565139189e+01
1.023535991246844468e+01
1.024364765328825655e+01
1.025193874811082928e+01
1.026023319693616109e+01
1.026853099976425376e+01
1.027683215659510552e+01
1.622297797730247026e+01
1.623608215983663783e+01
1.624919163271498945e+01
1.626230639593752159e+01
1.627542644950423067e+01
1.628855179341512027e+01
1.630168242767019038e+01
1.631481835226944099e+01
1.632795956721287212e+01
1.634110607250048375e+01
1.635425786813227589e+01
1.636741495410824854e+01
1.638057733042839814e+01
1.639374499709272825e+01
1.640691795410124243e+01
1.642009620145393356e+01
1.643327973915080520e+01
1.644646856719185735e+01
1.645966268557709000e+01
1.647286209430650317e+01
1.648606679338009329e+01
1.649927678279786392e+01
1.651249206255981861e+01
1.652571263266595025e+01
1.653893849311626596e+01
1.655216964391075507e+01
1.656540608504943179e+01
1.657864781653228547e+01
1.659189483835931611e+01
1.660514715053053081e+01
1.661840475304592246e+01
1.663166764590549818e+01
1.664493582910925085e+01
