1.359444046272316074e-03
4.913440347514376472e-03
3.343965070384950864e-03
1.369251645851822866e-02
3.273616073093919832e-03
2.045368888210200367e-02
2.118835942133220560e-02
7.137151387427465542e-03
2.303780714490276382e-02
2.964421414284933165e-02
2.701883999655484495e-02
2.058989311138889611e-02
4.373493094927057706e-02
6.419693562950962162e-02
4.825963828958779178e-02
4.285411387945545908e-02
1.381793971788431996e-01
1.712813070367312229e-01
1.319944674176844190e-01
1.744774522527941241e-01
3.300413113228093942e-01
3.086771215132009250e-01
4.485885493345567743e-01
4.491646537570415099e-01
5.176158907532830700e-01
4.586286638361901646e-01
4.194946754630283769e-01
2.986450186768162540e-01
4.371295326377389739e-02
-1.981891670765350277e-01
-6.799256723407854919e-01
-1.208395548158626376e+00
-1.684426097097590835e+00
-2.104697581422082298e+00
-2.808288131339744531e+00
-3.602146590766386769e+00
-4.025734114945881181e+00
-5.634481366770824451e+00
-6.096892346326948875e+00
-6.740904506726919543e+00
-7.264549753542883792e+00
-8.239586383390015811e+00
-8.769508806544475732e+00
-8.696737381859954041e+00
-9.758238851672350833e+00
-1.015099921942537087e+01
-1.018694113834195747e+01
-9.860827971857068164e+00
-9.152809621873492674e+00
-4.357088756801949181e+00
-4.759724603263014053e+00
-2.924089943663733468e-02
5.274472801006016454e+00
1.000777262767178577e+01
1.567120365295696516e+01
2.241956602551734434e+01
2.996639132470895461e+01
3.555892195499409780e+01
3.686740867243062070e+01
3.696741737277663731e+01
3.882519827917516864e+01
3.493375277264411238e+01
2.745493660664289948e+01
1.725635418575506108e+01
6.970008968568775387e+00
-2.499907047593522780e+00
-1.315385774346747283e+01
-1.983651602960863869e+01
-2.855074613485759372e+01
-3.592018705880498430e+01
-4.728677948582478763e+01
-4.648557986986818236e+01
-5.358463525653212400e+01
-5.542564869966756902e+01
-6.125549526241261589e+01
-5.877773930578021577e+01
-5.399924656485528374e+01
-5.120393658947899951e+01
-3.599821959206487065e+01
-2.961240136327957728e+01
-1.044066914018229220e+01
-4.621412943430667220e-01
2.542237758132603531e+01
4.153183468611723583e+01
6.739342544838940796e+01
9.837045815611141109e+01
1.346230809170516522e+02
1.592340457626726788e+02
1.711880965788593301e+02
1.814861024562963507e+02
1.821248054379519488e+02
1.804971843242858824e+02
1.556482348239081830e+02
1.421962229332093557e+02
1.143184760314767914e+02
7.022840592768191925e+01
3.360355715074012295e+01
-2.062176988480980810e+01
-7.556970769981566605e+01
-1.285635659431361262e+02
-1.931248607383706712e+02
-2.578509205975775558e+02
-3.328045661407688840e+02
-4.063409247887576043e+02
-4.621007400060055375e+02
-5.457242848023153101e+02
-5.814387569625411061e+02
-6.481173743800812872e+02
-6.864674606049943577e+02
-7.353436243484255783e+02
-7.520425070802668870e+02
-7.414078628975893253e+02
-7.206938047274552446e+02
-6.366666725328042276e+02
-5.422871019736305698e+02
-4.077010644422625774e+02
-2.568968525520389221e+02
-9.766823478036485540e+01
1.386011873514645458e+02
3.071595010898255396e+02
4.854025231413754113e+02
6.380703318902651517e+02
7.242430881086273757e+02
8.117686525004575060e+02
8.696843141175149867e+02
7.837211330604924342e+02
7.337484511473988960e+02
6.465089253886770848e+02
5.569809818575228064e+02
3.995348750820011219e+02
2.734191735668861725e+02
9.024626515268344917e+01
-1.198017133517427197e+02
-2.782026033102559381e+02
-4.574509957786020777e+02
-6.832691977175511511e+02
-9.273429418009169467e+02
-1.111326538175824680e+03
-1.277204475487870695e+03
-1.460910313053523396e+03
-1.562709240814213672e+03
-1.666547435163770160e+03
-1.743249672789701435e+03
-1.660700124265576051e+03
-1.613708274091233534e+03
-1.436459902845061833e+03
-1.200247118169172154e+03
-7.926776351635330684e+02
-3.953243182958208877e+02
1.704482601713151979e+01
4.579096400780424005e+02
9.056714360182342034e+02
1.269522939377404555e+03
1.625503658475732436e+03
1.896679816737504552e+03
2.077003090731137945e+03
2.131497292712868784e+03
2.134106534405911589e+03
2.084144758100354466e+03
1.985520321356985505e+03
1.735141633784333180e+03
1.403868748733396387e+03
1.162783529365455252e+03
8.199172216232863093e+02
3.849421116751310024e+02
-6.252846274342734034e+01
-4.296669411993860876e+02
-1.002922340654651521e+03
-1.488041630773149109e+03
-1.960110300145136534e+03
-2.536674689549673076e+03
-2.967051803249386921e+03
-6.876529765099737233e+03
-8.253347612439516524e+03
-8.823422288404028222e+03
-8.593807716936113138e+03
-7.494722685724430448e+03
-5.205894674029696944e+03
-1.885188071747636286e+03
1.112434465650662332e+03
3.805871398986667373e+03
5.871438462236356827e+03
6.784576107896389658e+03
6.785460443300038605e+03
5.852963362465733553e+03
4.336424423246393417e+03
2.763646123448412709e+03
7.670402818088377899e+02
-7.567408278619909652e+02
-2.505373908751060299e+03
-3.383545656504363251e+03
-3.872835467273931954e+03
-3.474724637249946227e+03
-2.750941419536668946e+03
-1.767734996358694843e+03
-1.241517119251025214e+01
1.436113605396606999e+03
2.656822226768781093e+03
3.653056892297468949e+03
4.344312598543389868e+03
4.323705086516451047e+03
3.595926664305352006e+03
5.015682462646363092e+03
2.505048741357687959e+03
-1.578496851898238162e+02
-1.377436876110580897e+03
-1.384921697000099584e+03
-6.784672989634011628e+02
6.713104588564880260e+02
1.549730317289290497e+03
2.059164098888182252e+03
1.944935302866326083e+03
1.563848005728324324e+03
9.315214986472843748e+02
6.463139718750061320e+02
3.434416014426229253e+02
3.436902051736904582e+02
-3.518086793641881510e-02
-8.767544834576943558e-01
-1.138025146458640224e-01
-4.511224415835892176e-01
-2.115447519073329619e-01
-8.556634868740645716e-01
-9.272320101016592320e-01
-1.327665584514262642e+00
-1.202641488220676180e+00
-1.531015732267696050e+00
-1.996159587914158706e+00
1.016340790366924429e-01
-1.125331755082688456e+00
-9.848432424589503853e-01
-3.747131936444948241e+00
-1.430055220496628587e+00
-1.888874459968005404e+00
-2.605108524864854225e+00
8.148135629616383824e+00
7.126474739617289167e+00
1.270823556101145790e+01
2.316401934138264451e+01
3.941058177799300921e+01
4.675117860465502417e+01
5.679998824533547719e+01
6.801664515564968383e+01
8.512831062716976760e+01
8.899829790538947805e+01
9.402032937066049101e+01
9.980978286651422593e+01
9.867646872739955199e+01
9.673790030864806511e+01
7.916365503778018820e+01
6.101631037958972570e+01
4.403563455853838349e+01
3.503649430997813141e+01
9.924644248175503947e+00
-3.514486409010194023e+01
-7.208672410057469904e+01
-9.106192045926432854e+01
-1.422845458308495097e+02
-1.659382747961871303e+02
-2.217646644884310945e+02
-2.520514539924019743e+02
-3.014237027702616842e+02
-3.535844033181450641e+02
-4.082175095708091135e+02
-4.439504174842244311e+02
-4.420595312631575098e+02
-4.771063730403378145e+02
-4.392980640992202552e+02
-4.110048185365964741e+02
-3.251118858759555224e+02
-2.288696351737517602e+02
-7.614289899305775577e+01
8.041975668749699935e+01
2.372570674685834149e+02
3.989346383514893546e+02
6.014349815559658055e+02
8.040907460136277223e+02
9.166574881328059519e+02
9.235385018529817671e+02
9.313339550685436734e+02
8.643003765885329130e+02
7.739713781740410923e+02
6.543798905252998566e+02
4.802195124474633303e+02
3.056498392569810107e+02
8.035252801723243010e+01
-1.472972798183356531e+02
-3.436379520188835386e+02
-5.577513180216943738e+02
-7.005245058142248809e+02
-8.695230452220425832e+02
-1.065353743508146408e+03
-1.201907454934340649e+03
-1.319746440661451061e+03
-1.416100040969824022e+03
-1.403530434889689332e+03
-1.462061496930225985e+03
-1.371529270551560103e+03
-1.239275813934379812e+03
-1.044813912285459537e+03
-7.907130061705857997e+02
-4.516213671989775094e+02
-3.397684890192689977e+01
3.225381697590078147e+02
7.790211443080828531e+02
1.116267208478294378e+03
1.510385338633925812e+03
1.797525021303402127e+03
2.106364900294002382e+03
2.443745635711012710e+03
2.509953088089434004e+03
2.644710791020484521e+03
2.706007354726052654e+03
2.694395315952285273e+03
2.583014443907281930e+03
2.516041264895997756e+03
2.245420516943415805e+03
2.040140804261804078e+03
1.762800455065897722e+03
1.349793369865430122e+03
9.826593131070861773e+02
4.296583628116928253e+02
-7.053670295469012785e+01
-6.249124535344390097e+02
-1.198830038465718872e+03
-1.907629383615288589e+03
-2.557779893969679506e+03
-3.041342886181384529e+03
-3.474038017851617951e+03
-3.881174109891479020e+03
-4.032502622704673740e+03
-3.507001660516643824e+03
-3.373343078952163978e+03
-3.004230799414819103e+03
-2.611557454787491224e+03
-1.958361127203840169e+03
-1.270358702000238281e+03
-5.461469383025502111e+02
1.926985493007006411e+01
7.968524294604247871e+02
1.253573924762097022e+03
1.717077747293930543e+03
2.082441506455426406e+03
2.435815794629595530e+03
2.649486888036244636e+03
2.759538023204631372e+03
2.831773418557214882e+03
2.745475074829678306e+03
2.765360513436611654e+03
2.531331936071292603e+03
2.437578143072154489e+03
2.056163952207005877e+03
1.605491482081461982e+03
1.145955181014069694e+03
6.652428338396576919e+02
1.468178919911525782e+02
-5.129152098382091935e+02
-1.158979930562732989e+03
-1.687355741192248388e+03
-2.175219966488192767e+03
-2.587810776535589866e+03
-3.065497670490124619e+03
-3.366467036145503698e+03
-3.271328180323082506e+03
-3.254353583069980232e+03
-2.918076469783679386e+03
-2.411912007943736626e+03
-2.115550368220883229e+03
-1.466757143827825303e+03
-7.951998580760986215e+02
-4.274052797313892142e+02
1.226247001587019412e+02
7.797887535283210809e+02
1.071700081466520942e+03
1.694616046329811525e+03
1.815223904632084441e+03
2.180696577031655579e+03
2.535354488587945070e+03
2.444579625595734342e+03
2.506075288101013030e+03
2.585698265489147616e+03
2.593022616021215072e+03
2.531184098588587858e+03
2.239943256019648743e+03
2.073512379804101784e+03
1.960886991299895953e+03
1.639301339246432917e+03
2.451523553607901249e+03
8.987402030720157882e+02
-1.325122746727001015e+02
-1.862070495210231002e+03
-2.973396307095332304e+03
-3.403705670231321164e+03
-3.734563504211036616e+03
-3.189734498151004118e+03
-2.292780476983449262e+03
-1.461893289197329523e+03
-2.991470516627584857e+02
3.143915996620837632e+02
1.252645288791450412e+03
1.666522459995713007e+03
1.867059797942720252e+03
1.587463997380877572e+03
1.477451441369233407e+03
1.106585344498590075e+03
8.280591920430985056e+02
5.616332379791601852e+02
-7.712567685311840648e+01
-4.111197671852610824e+02
-7.278061894839454453e+02
-7.824409627955900532e+02
-5.047112430665216039e+02
-6.736006671470739775e+02
-4.070085129832203279e+02
-1.160405044418447886e+02
1.990943974038622244e+01
1.140255333011415928e+01
3.301366203090630780e+00
7.612469805116184318e+00
3.291330555988746198e+01
4.630567672342240826e+01
3.922250064503642619e+01
5.361940735565578109e+01
4.776876138517737758e+01
5.357046586706209013e+01
3.569598010407503352e+01
7.276067214121438553e+01
9.299791093159133482e+01
9.863854244809469662e+01
4.148876313123147952e+01
7.927963315929395094e+01
7.013021804216799637e+01
8.464700433797997192e+00
-8.261045954554059989e+00
-2.776917934249721398e+01
-1.348797980823875946e+02
-8.550962728375286304e+01
3.030225095819342584e+01
1.110810235854648198e+01
-8.233001877433467541e+01
4.830580025768389163e+01
1.476971665112960750e+02
4.787636122931951377e+02
5.191404575509907318e+02
8.415524880068180664e+02
1.021246816274590856e+03
1.061599114540673554e+03
1.268133224487568668e+03
1.539131866208665315e+03
1.758894723352376104e+03
1.915036368762622260e+03
1.871425470809076842e+03
1.906540775306427577e+03
1.999719094484812331e+03
1.988032027875582799e+03
1.852141444264431357e+03
1.795281352641781950e+03
1.620937304466439855e+03
1.435021410448455754e+03
1.230061211237568386e+03
9.806457510039972476e+02
5.912270083425729581e+02
1.243430126324075218e+02
-2.234687091400902546e+02
-7.151262840957057279e+02
-1.169538954138501140e+03
-1.598206742464506760e+03
-2.078004338210536389e+03
-2.558794569853977009e+03
-2.514408296121936473e+03
-2.646236809535377688e+03
-2.632847162685476633e+03
-2.383392477381515619e+03
-1.968476579743063439e+03
-1.230724004087557660e+03
-8.272979509407043679e+02
3.021556945326972610e+01
1.116878624106014513e+03
2.127078299430768311e+03
3.054593814622139234e+03
3.892775045976749425e+03
4.370700066748418067e+03
4.815066891577824208e+03
5.138316374541458572e+03
5.408522321351042592e+03
5.174998264199595724e+03
4.837737684838863970e+03
4.386745304359448710e+03
3.933408094630719916e+03
3.436508423330320966e+03
2.603598753097932786e+03
1.759326978040913673e+03
8.909483509565984605e+02
1.577567781783745602e+02
-7.334369721368030923e+02
-1.550762389850285672e+03
-2.332796601954391008e+03
-2.778790395344664375e+03
-3.698584603605443590e+03
-3.989995271334426889e+03
-4.168753262506568717e+03
-4.198333913640179162e+03
-4.185533805004866736e+03
-3.772135189847772381e+03
-3.417931379417033895e+03
-2.643268598512458539e+03
-2.179755830829046317e+03
-1.562862858901448817e+03
-8.559104452623863608e+02
-6.038172780281948917e+02
-1.931435377100123318e+01
1.109384720162624035e+03
1.248167084856726660e+03
2.173448189626017211e+03
2.623940452096167064e+03
2.917961786299961659e+03
3.245010761074679522e+03
3.735546755921831846e+03
3.853629921275097331e+03
3.812419596197057217e+03
3.937295119268386770e+03
3.897603732336783196e+03
3.661507559642749584e+03
3.344869847169140485e+03
2.860977753060942177e+03
2.398966526556621830e+03
1.703771471617207681e+03
1.141564821179055798e+03
2.971914207779224171e+02
-7.135142186992975439e+02
-9.174504354600682063e+02
-1.674731926887190866e+03
-1.832722923038243607e+03
-2.245983780591453979e+03
-2.115212822004479222e+03
-2.463225591972520306e+03
-2.500964435484114347e+03
-2.144687806986615669e+03
-1.880493489870709709e+03
-1.923333698033903147e+03
-1.496403545899488108e+03
-1.455836024100132363e+03
-8.863311860711518193e+02
-7.875633487441292573e+02
-5.352938573332210126e+02
-3.465624991899315610e+00
1.060178215315258967e+02
4.328412249756533470e+02
5.575921913746914242e+02
5.321894130108486252e+02
7.244577242215453907e+02
7.686593392676684289e+02
1.048201115409990507e+03
1.039761187354738468e+03
1.245970636965722179e+03
9.050011852203504077e+02
1.002103290165157432e+03
8.150958514874747607e+02
6.580951085098598696e+02
5.180307221727371143e+02
3.837764785706900170e+02
2.743756231882107954e+02
-1.236706741347214944e+02
-2.906462809249675843e+02
-4.244481919984040132e+02
-5.416010330489151556e+02
-5.603915836379363782e+02
-6.416713410913489497e+02
-6.026385040394027328e+02
-7.421861832335912368e+02
-7.239746798599829845e+02
-4.704230696688819080e+02
-4.411198586124862118e+02
-4.851737818949899292e+02
-3.817781728728265307e+02
-3.226671484620633237e+02
-3.503416372938019663e+02
-2.557139526328521413e+02
-8.686332934056086685e+01
-4.605492106103989158e+01
-1.659296450464903572e+01
-1.145878472090233942e+02
6.611051771383059439e+00
9.496244466110186977e+01
1.987761915798743360e+02
1.929173124451803005e+02
3.797891941177943522e+02
3.644890334197763195e+02
3.504920609908106712e+02
2.901453263915456660e+02
1.190519555254756483e+02
2.343968153304908526e+02
3.829633057589888701e+00
-1.827241418346017952e+02
-2.907129324573713802e+02
-2.367028999148324431e+02
-4.112021612422599333e+02
-2.275530559633435530e+02
-1.272550988969673256e+02
-1.258945044278411558e+02
-8.889235811390387099e+00
-5.671438067408702466e+01
-5.136885439347157245e+01
7.044379487177218380e+01
6.431696485170233757e+01
8.913631919275321991e+01
1.108471317598238670e+02
1.138053414985809653e+01
3.540454518312319721e+01
5.768481897484527821e+01
2.695833544108642599e+01
-3.714818772243045686e+01
1.854655589062851462e+01
3.760484275794925058e+00
-3.616537088544775003e+01
