5.473752819387189307e-03
1.207575235249219205e-02
9.047355438198838307e-03
2.045064659686305839e-02
2.435742079995042303e-02
4.683451222529781861e-03
2.865995347964195999e-02
4.154604434848589711e-02
4.830040693305157062e-02
5.275701985181005527e-02
7.392783689265480795e-02
7.848060012870741731e-02
7.981407936922647883e-02
7.815239506872870279e-02
2.129546413970781205e-01
1.941598588401300673e-01
2.389926531664438303e-01
2.745550238416953337e-01
3.074418610441596034e-01
3.234484136597776671e-01
3.589416687420419749e-01
3.821561361342892260e-01
3.878432381775080984e-01
2.807451722045203324e-01
2.694340453394591384e-01
2.416355497975778699e-01
1.126564182665385355e-01
1.679114973315149195e-01
-1.314267869236631081e-01
-3.554211705175242542e-01
-5.019512468125540972e-01
-9.910178955196943251e-01
-1.505574597370529899e+00
-2.455049289779866140e+00
-3.021969216303644679e+00
-4.458028868872714767e+00
-5.890332158191957213e+00
-7.879849008533443389e+00
-9.865745170344675685e+00
-1.250392794618320735e+01
-1.588525338764317496e+01
-1.820735507634444161e+01
-2.137344605826169541e+01
-2.308172675972043919e+01
-2.335360653799085995e+01
-2.090877561876587976e+01
-1.698640725605437751e+01
-6.387327109394271396e+00
8.111629673279857622e-01
1.197742261205019787e+01
2.267347507487830782e+01
3.188682370769074481e+01
3.676107762323056249e+01
4.094092886943224130e+01
4.148180271648561046e+01
4.296861136863866193e+01
3.928996142705038608e+01
3.674546237507303914e+01
3.350050647129337733e+01
2.797128857769902766e+01
2.020508018838085462e+01
1.145979132943447532e+01
5.728929817344041275e+00
-3.792140808505652938e+00
-1.425945445502925502e+01
-2.157570424130870634e+01
-3.320821161020249690e+01
-4.488742898524426295e+01
-5.858863095982029989e+01
-6.827728876054096929e+01
-7.741726043604967344e+01
-8.476679777157482931e+01
-8.909964046035342733e+01
-8.361968049163034777e+01
-7.048468870723233692e+01
-5.149543821585266556e+01
-1.972941767400723379e+01
1.224977158747976169e+01
5.352656374836536202e+01
8.613453552621336939e+01
1.239131601642213099e+02
1.494100377587798789e+02
1.756089505848799490e+02
1.866351624476880033e+02
2.023503821841646868e+02
2.124349828604345873e+02
1.991766438267356705e+02
1.897614965441390211e+02
1.716728542413355285e+02
1.478257812313968032e+02
1.191769442946358737e+02
9.748542978625926025e+01
5.870867673748374926e+01
1.781256274704091069e+01
-1.788754086673967336e+01
-6.870178892263538728e+01
-1.253970484016118547e+02
-1.835359340790386398e+02
-2.461369957646946034e+02
-3.177734927357647621e+02
-4.030364687218101949e+02
-4.990449583263624049e+02
-5.902264787151250403e+02
-7.061346453719605734e+02
-8.009945026605075782e+02
-9.113468970250791017e+02
-9.975469755831270504e+02
-1.074126898523066302e+03
-1.121360549420738380e+03
-1.130725194783258758e+03
-1.070136952940765468e+03
-9.316767620499950908e+02
-7.342608703480394752e+02
-4.892142213768912029e+02
-2.245602199107316039e+02
6.147838567322081360e+01
3.813225140528614361e+02
6.215591200347629410e+02
8.547367902136381872e+02
1.012564802834259353e+03
1.086545059395491990e+03
1.131071786326743450e+03
1.134721901578254347e+03
1.024536672759616522e+03
9.157105075594845403e+02
7.983333634808324177e+02
6.302466470610594342e+02
4.263747372401932694e+02
2.550702087037219599e+02
3.967043892678518091e+01
-2.258494353664248990e+02
-4.431869716567949240e+02
-6.787399241800533218e+02
-9.781780646233573862e+02
-1.249782862334401671e+03
-1.553064675908319032e+03
-1.766256785423011479e+03
-1.988908635794408838e+03
-2.154758625368295725e+03
-2.320912059389643673e+03
-2.379247670343322625e+03
-2.338212734834990897e+03
-2.224119792013048027e+03
-1.956415018713018753e+03
-1.612725209006409159e+03
-1.031516117427387144e+03
-4.454293938128663513e+02
1.604661302434358277e+02
8.155558782423656794e+02
1.424743967911741265e+03
1.926316012419672688e+03
2.411557741548454487e+03
2.706736005570142424e+03
2.917143502015251215e+03
3.008153494857667283e+03
2.943801147424063856e+03
2.842767179668887820e+03
2.609441816195399952e+03
2.340264184616115017e+03
1.851124017144634308e+03
1.478593167544069274e+03
1.018348564367137783e+03
4.403069697529530799e+02
-1.406657736534734227e+02
-6.790022028026656926e+02
-1.412977968889924568e+03
-2.108441049571763870e+03
-2.737996738342967546e+03
-3.516121401910725126e+03
-4.092768525610415054e+03
-9.559936014993998469e+03
-1.137016797535170008e+04
-1.221713701654467150e+04
-1.201842155280944280e+04
-1.036596849666080016e+04
-7.127995286469648818e+03
-2.669707686508521419e+03
1.796393199378379450e+03
5.452912599211207635e+03
8.153205662639932598e+03
9.343071614400911130e+03
9.319554363452079997e+03
8.109371669027920689e+03
6.038926956349411739e+03
3.658966436717889792e+03
9.214170083375852300e+02
-1.181240872005489109e+03
-3.307930362614979913e+03
-4.586936831767117837e+03
-5.457080160287242506e+03
-4.800444872540614597e+03
-3.994202555964830481e+03
-2.358782143621364412e+03
-1.166887224524834892e+02
2.119980900903886322e+03
3.733254997610716146e+03
5.028748510224769234e+03
5.973375885676915459e+03
5.964746346844922300e+03
4.906602549220545370e+03
7.298050903710313833e+03
3.596229458595025335e+03
-6.124518343761004502e+01
-1.995911486282968553e+03
-2.056900141277863440e+03
-1.097152897473112716e+03
7.914852295665464226e+02
2.075314582713631353e+03
2.813974226080996687e+03
2.533536113348287472e+03
2.144632124330249553e+03
1.242111029171231621e+03
1.013052040092474726e+03
5.158278551095546618e+02
4.160540550056677489e+02
