9.021511027755567175e-06
1.804302205551113435e-05
3.007170342585188945e-05
4.510755513877783587e-05
6.315057719428897700e-05
8.420076959238528911e-05
1.082581323330668061e-04
1.353226654163335008e-04
1.653943688421853869e-04
1.984732426106224643e-04
2.345592867216447330e-04
2.736525011752521659e-04
3.157528859714448443e-04
3.608604411102226870e-04
3.127565577704803819e-04
3.518511274917904296e-04
3.932453777849422385e-04
4.369393086499358085e-04
4.829329200867711939e-04
5.312262120954482861e-04
5.818191846759672480e-04
6.347118378283278083e-04
6.899041715525301840e-04
7.473961858485743751e-04
8.071878807164602730e-04
8.692792561561880947e-04
9.336703121677576234e-04
1.000361048751168859e-03
9.622429496199554587e-04
1.026392479594619113e-03
1.092611349245884876e-03
1.160899558573752748e-03
1.231257107578222513e-03
2.161147273213712486e-03
2.284641403111639137e-03
2.411565925506729911e-03
2.541920840398985675e-03
2.675706147788405997e-03
1.641229631739357566e-03
1.723291113326325379e-03
1.807354094464194661e-03
1.893418575152965846e-03
1.981484555392638933e-03
3.749347782587386484e-03
3.915985461813492260e-03
4.086245699283644513e-03
4.260128494997842373e-03
4.437633848956084974e-03
4.503804107066487761e-03
4.683956271349147549e-03
4.867640831009898382e-03
5.054857786048741128e-03
5.245607136465674052e-03
8.720743080364454442e-04
9.037861010559525158e-04
9.360641760936650553e-04
9.689085331495831711e-04
1.002319172223706647e-03
5.367898390231556557e-03
5.546828336572608500e-03
5.728691560722529337e-03
5.913488062681321669e-03
6.101217842448982027e-03
7.820147176687596360e-03
8.060767089816444145e-03
8.305032759204822659e-03
8.552944184852728435e-03
8.804501366760159736e-03
9.130380392729954900e-03
9.391248403950811646e-03
9.655790612512805265e-03
9.924007018415939227e-03
1.019589762166021180e-02
1.000984751440826478e-02
1.027677678145915222e-02
1.054721827570807846e-02
1.082117199715504005e-02
1.109863794580004219e-02
1.407232098860122273e-02
1.442412901331625343e-02
1.478028034697838333e-02
1.514077498958761245e-02
1.550561294114393904e-02
1.498189004081962837e-02
1.533440510060362152e-02
1.569101917271068306e-02
1.605173225714081123e-02
1.641654435389401298e-02
1.527542854841719422e-02
1.561488251615979900e-02
1.595806674728418931e-02
1.630498124179036862e-02
1.665562599967832999e-02
1.499167753765846822e-02
1.530729180160917205e-02
1.562619371414269639e-02
1.594838327525904126e-02
1.627386048495820317e-02
2.187008944189023849e-02
2.230749123072804652e-02
2.274922373034642120e-02
2.319528694074537295e-02
2.364568086192489482e-02
2.410040549388499029e-02
2.455946083662565588e-02
2.502284689014689159e-02
2.549056365444870437e-02
2.006782978209218499e-02
2.043604684231405816e-02
2.080761133035613497e-02
2.118252324621840502e-02
2.156078258990087523e-02
2.194238936140354909e-02
2.232734356072641618e-02
2.271564518786948345e-02
2.310729424283275435e-02
2.483621708748143253e-02
2.525716991947264331e-02
2.568166017022008654e-02
2.610968783972375529e-02
2.654125292798364955e-02
2.697635543499977626e-02
2.741499536077212848e-02
2.785717270530070969e-02
2.830288746858552335e-02
2.866554645045055888e-02
2.911697237880411099e-02
2.957192507222292446e-02
3.003040453070699931e-02
3.049241075425633898e-02
3.095794374287094003e-02
3.142700349655080244e-02
3.189959001529592969e-02
3.237570329910631484e-02
3.222986234472820927e-02
3.270383090862127168e-02
3.318125909706829552e-02
3.366214691006928772e-02
3.414649434762424135e-02
3.463430140973315641e-02
3.512556809639603983e-02
3.562029440761288468e-02
3.611848034338369789e-02
3.402895415758699915e-02
3.449831904251923764e-02
3.497089875543045456e-02
3.544669329632066379e-02
3.592570266518986533e-02
3.640792686203805223e-02
3.689336588686522450e-02
3.738201973967138908e-02
3.787388842045653903e-02
3.788232459026659449e-02
3.837430283169862566e-02
3.886945512630119587e-02
3.936778147407429124e-02
3.986928187501791176e-02
4.037395632913205745e-02
4.088180483641674218e-02
4.139282739687195206e-02
4.190702401049768711e-02
4.044577130752689126e-02
4.094203844013458854e-02
4.144133159184354431e-02
4.194365076265377246e-02
4.244899595256525909e-02
4.295736716157801810e-02
4.346876438969203560e-02
4.398318763690733241e-02
4.450063690322388771e-02
4.115112180670958686e-02
4.162962322306667379e-02
4.211089054356455252e-02
4.259492376820323001e-02
4.308172289698269236e-02
4.357128792990295346e-02
4.406361886696400637e-02
4.455871570816584415e-02
4.505657845350848068e-02
2.985542265832459227e-02
3.018531683134475369e-02
3.051702360971118161e-02
3.085054299342387257e-02
3.118587498248282658e-02
3.152301957688805056e-02
3.186197677663953065e-02
3.220274658173728072e-02
3.254532899218129383e-02
2.871153031277792061e-02
2.901375694764926627e-02
2.931756592092308114e-02
2.962295723259936175e-02
2.992993088267811505e-02
3.023848687115933062e-02
3.054862519804301887e-02
3.086034586332916940e-02
3.117364886701778914e-02
2.579749616088039543e-02
2.605676747908019716e-02
2.631733515387100000e-02
2.657919918525280048e-02
2.684235957322559860e-02
2.710681631778940129e-02
2.737256941894419815e-02
2.763961887668999612e-02
2.790796469102678826e-02
1.204802203185277587e-02
1.216386839754366768e-02
1.228026905206561735e-02
1.239722399541862315e-02
1.251473322760268680e-02
1.263279674861780486e-02
1.275141455846398250e-02
1.287058665714121454e-02
1.299031304464950617e-02
1.798548586906503072e-02
1.815125071578452265e-02
1.831777595170915388e-02
1.848506157683891746e-02
1.865310759117381686e-02
1.882191399471385210e-02
1.899148078745901969e-02
1.916180796940932657e-02
1.933289554056476581e-02
-1.409787480927533060e-02
-1.422263476333971224e-02
-1.434794432072596625e-02
-1.447380348143408914e-02
-1.460021224546408092e-02
-1.472717061281594332e-02
-1.485467858348967288e-02
-1.498273615748527479e-02
-1.511134333480274386e-02
-3.817625406799291660e-02
-3.850115835793328084e-02
-3.882743936096661602e-02
-3.915509707709291520e-02
-3.948413150631218532e-02
-3.981454264862441944e-02
-4.014633050402962450e-02
-4.047949507252779355e-02
-4.081403635411893355e-02
-5.398204173192700656e-02
-5.442451748382804572e-02
-5.486879925920623569e-02
-5.531488705806156952e-02
-5.576278088039404723e-02
-5.621248072620368269e-02
-5.666398659549045508e-02
-5.711729848825437827e-02
-5.757241640449545228e-02
-1.067011282821659773e-01
-1.075446154622621414e-01
-1.083914234580279912e-01
-1.092415522694635127e-01
-1.100950018965686922e-01
-1.109517723393435434e-01
-1.118118635977880665e-01
-1.126752756719022613e-01
-1.135420085616861280e-01
-1.622764229225831800e-01
-1.635151742426028953e-01
-1.647586356436873123e-01
-1.660068071258364863e-01
-1.672596886890503343e-01
-1.685172803333289115e-01
-1.697795820586721904e-01
-1.710465938650801987e-01
-1.723183157525529086e-01
-2.648794464578497210e-01
-2.668342763210073132e-01
-2.687962930586617616e-01
-2.707654966708131217e-01
-2.727418871574613934e-01
-2.747254645186065769e-01
-2.767162287542486721e-01
-2.787141798643876234e-01
-2.807193178490234864e-01
-3.263511802267841655e-01
-3.286822600855469068e-01
-3.310216356021700168e-01
-3.333693067766534956e-01
-3.357252736089973433e-01
-3.380895360992015597e-01
-3.404620942472660894e-01
-3.428429480531910434e-01
-3.452320975169763662e-01
-4.818589465215842305e-01
-4.851936105113529574e-01
-4.885397733424657329e-01
-4.918974350149225572e-01
-4.952665955287233746e-01
-4.986472548838682961e-01
-5.020394130803571553e-01
-5.054430701181901187e-01
-5.088582259973670752e-01
-6.372000437384313098e-01
-6.414765540990918780e-01
-6.457673671699888374e-01
-6.500724829511220770e-01
-6.543919014424917080e-01
-6.587256226440976192e-01
-6.630736465559398107e-01
-6.674359731780183935e-01
-6.718126025103332566e-01
-8.530842756510441660e-01
-8.586418279354158800e-01
-8.642174242207106838e-01
-8.698110645069289104e-01
-8.754227487940704489e-01
-8.810524770821350771e-01
-8.867002493711231281e-01
-8.923660656610344910e-01
-8.980499259518690547e-01
-1.068864891214031942e+00
-1.075629858879943335e+00
-1.082416167137861152e+00
-1.089223815987784727e+00
-1.096052805429714505e+00
-1.102903135463650042e+00
-1.109774806089591781e+00
-1.116667817307539723e+00
-1.123582169117493423e+00
-1.355628494025078234e+00
-1.363970823219078587e+00
-1.372338742379932031e+00
-1.380732251507637898e+00
-1.389151350602196633e+00
-1.397596039663608236e+00
-1.406066318691872485e+00
-1.414562187686989603e+00
-1.423083646648959366e+00
-1.723350142117226147e+00
-1.733669604046071733e+00
-1.744019870338884282e+00
-1.754400940995663127e+00
-1.764812816016408936e+00
-1.775255495401121486e+00
-1.785728979149800555e+00
-1.796233267262446587e+00
-1.806768359739059138e+00
-1.976498548663565558e+00
-1.988023321542070176e+00
-1.999581596667314720e+00
-2.011173374039299411e+00
-2.022798653658023582e+00
-2.034457435523487678e+00
-2.046149719635691699e+00
-2.057875505994635201e+00
-2.069634794600319072e+00
-2.321564176091453380e+00
-2.334754881637427282e+00
-2.347982954621208762e+00
-2.361248395042797821e+00
-2.374551202902193570e+00
-2.387891378199397341e+00
-2.401268920934407802e+00
-2.414683831107225398e+00
-2.428136108717851016e+00
-2.508523740571698024e+00
-2.522421379023618737e+00
-2.536357408741981789e+00
-2.550331829726785848e+00
-2.564344641978031802e+00
-2.578395845495719652e+00
-2.592485440279849396e+00
-2.606613426330421035e+00
-2.620779803647434125e+00
-2.539427680349823468e+00
-2.553154316459822049e+00
-2.566917951588985503e+00
-2.580718585737313830e+00
-2.594556218904805700e+00
-2.608430851091462443e+00
-2.622342482297283617e+00
-2.636291112522269220e+00
-2.650276741766419253e+00
-2.274738584848345013e+00
-2.286742482393718578e+00
-2.298777969143159350e+00
-2.310845045096666883e+00
-2.322943710254241179e+00
-2.335073964615882236e+00
-2.347235808181589611e+00
-2.359429240951364193e+00
-2.371654262925205092e+00
-1.848907645131677047e+00
-1.858438096910706383e+00
-1.867993048565774306e+00
-1.877572500096880814e+00
-1.887176451504025909e+00
-1.896804902787209812e+00
-1.906457853946432301e+00
-1.916135304981693377e+00
-1.925837255892993038e+00
-6.955592341009217972e-01
-6.990633108470222234e-01
-7.025761918060524636e-01
-7.060978769780125175e-01
-7.096283663629027183e-01
-7.131676599607226219e-01
-7.167157577714724503e-01
-7.202726597951522036e-01
-7.238383660317619928e-01
8.837215953156542236e-02
8.880749036669628727e-02
8.924389081075867480e-02
8.968136086375259886e-02
9.011990052567804554e-02
9.055950979653501487e-02
9.100018867632349295e-02
9.144193716504350755e-02
9.188475526269505866e-02
1.305433655845427809e+00
1.311724902379622693e+00
1.318031272102601514e+00
1.324352765014364497e+00
1.330689381114911862e+00
1.337041120404243166e+00
1.343407982882358631e+00
1.349789968549258257e+00
1.356187077404941821e+00
2.472212596102933535e+00
2.483873976273230699e+00
2.495562794985104471e+00
2.507279052238555739e+00
2.519022748033584058e+00
2.530793882370189429e+00
2.542592455248372296e+00
2.554418466668132215e+00
2.566271916629469185e+00
3.478147398041056437e+00
3.494212743990437797e+00
3.510315106865970147e+00
3.526454486667652155e+00
3.542630883395485597e+00
3.558844297049469585e+00
3.575094727629604119e+00
3.591382175135889199e+00
3.607706639568325269e+00
4.011318023772836305e+00
4.029468784061402076e+00
4.047660516720821278e+00
4.065893221751094799e+00
4.084166899152223529e+00
4.102481548924206578e+00
4.120837171067043947e+00
4.139233765580736524e+00
4.157671332465283420e+00
4.469019447775468556e+00
4.488837715836557329e+00
4.508699829623445510e+00
4.528605789136131321e+00
4.548555594374616540e+00
4.568549245338900278e+00
4.588586742028983423e+00
4.608668084444865087e+00
4.628793272586545271e+00
4.529620278587515259e+00
4.549314279798764460e+00
4.569051001186178240e+00
4.588830442749754823e+00
4.608652604489494209e+00
4.628517486405398174e+00
4.648425088497463165e+00
4.668375410765693623e+00
4.688368453210085995e+00
4.693527784800838099e+00
4.713542828659263328e+00
4.733600457717387577e+00
4.753700671975211733e+00
4.773843471432734020e+00
4.794028856089954438e+00
4.814256825946873874e+00
4.834527381003493218e+00
4.854840521259809805e+00
4.293072047377018308e+00
4.311034691926713514e+00
4.329034836778181017e+00
4.347072481931424370e+00
4.365147627386440021e+00
4.383260273143230634e+00
4.401410419201794433e+00
4.419598065562133193e+00
4.437823212224244251e+00
4.016277291136778338e+00
4.032771243051097798e+00
4.049298994047209277e+00
4.065860544125110998e+00
4.082455893284805626e+00
4.099085041526292272e+00
4.115747988849570049e+00
4.132444735254638957e+00
4.149175280741499883e+00
3.662687951472145986e+00
3.677456854502275441e+00
3.692255473635081220e+00
3.707083808870563768e+00
3.721941860208722197e+00
3.736829627649556951e+00
3.751747111193068029e+00
3.766694310839255877e+00
3.781671226588119605e+00
3.059039092495295264e+00
3.071154098802207244e+00
3.083293047809330556e+00
3.095455939516665200e+00
3.107642773924211621e+00
3.119853551031968486e+00
3.132088270839937127e+00
3.144346933348116657e+00
3.156629538556507963e+00
2.210308069753741833e+00
2.218908490258620247e+00
2.227525610609138784e+00
2.236159430805298332e+00
2.244809950847098445e+00
2.253477170734539126e+00
2.262161090467619928e+00
2.270861710046341742e+00
2.279579029470703677e+00
1.253962394765300248e+00
1.258757662049297510e+00
1.263562080606737581e+00
1.268375650437620239e+00
1.273198371541945928e+00
1.278030243919714204e+00
1.282871267570925289e+00
1.287721442495578961e+00
1.292580768693675664e+00
6.270367264472193058e-01
6.293940073737126495e-01
6.317557109661093850e-01
6.341218372244094015e-01
6.364923861486128098e-01
6.388673577387194991e-01
6.412467519947296912e-01
6.436305689166431643e-01
6.460188085044600292e-01
-4.151565572638030166e-01
-4.166913319671812221e-01
-4.182289383582040165e-01
-4.197693764368713998e-01
-4.213126462031834274e-01
-4.228587476571400994e-01
-4.244076807987413602e-01
-4.259594456279872099e-01
-4.275140421448776484e-01
-1.561474169309608362e+00
-1.567152257198006993e+00
-1.572840650146094088e+00
-1.578539348153869870e+00
-1.584248351221334117e+00
-1.589967659348486828e+00
-1.595697272535328448e+00
-1.601437190781858311e+00
-1.607187414088076860e+00
-2.363186342483330815e+00
-2.371641392009210314e+00
-2.380111539837814316e+00
-2.388596785969143710e+00
-2.397097130403197607e+00
-2.405612573139976451e+00
-2.414143114179479799e+00
-2.422688753521707650e+00
-2.431249491166660892e+00
-3.638114601964780981e+00
-3.650924864647755896e+00
-3.663757640973407170e+00
-3.676612930941734803e+00
-3.689490734552738793e+00
-3.702391051806420030e+00
-3.715313882702777626e+00
-3.728259227241811580e+00
-3.741227085423522336e+00
-4.918701564608426224e+00
-4.935750790135664978e+00
-4.952829512592882288e+00
-4.969937731980076379e+00
-4.987075448297249913e+00
-5.004242661544400228e+00
-5.021439371721528211e+00
-5.038665578828634750e+00
-5.055921282865718958e+00
-6.421419481383070504e+00
-6.443335588828063898e+00
-6.465289032060868024e+00
-6.487279811081483771e+00
-6.509307925889910251e+00
-6.531373376486147464e+00
-6.553476162870194521e+00
-6.575616285042053200e+00
-6.597793743001722611e+00
-7.484850563167460891e+00
-7.510009724724326929e+00
-7.535211099639509413e+00
-7.560454687913008343e+00
-7.585740489544823717e+00
-7.611068504534957313e+00
-7.636438732883406466e+00
-7.661851174590173841e+00
-7.687305829655257661e+00
-8.488504647691891947e+00
-8.516612278975641104e+00
-8.544766369154071839e+00
-8.572966918227187705e+00
-8.601213926194988701e+00
-8.629507393057471276e+00
-8.657847318814638982e+00
-8.686233703466490041e+00
-8.714666547013024456e+00
-9.296150807916177428e+00
-9.326480826865331863e+00
-9.356860243239486508e+00
-9.387289057038639584e+00
-9.417767268262791092e+00
-9.448294876911941031e+00
-9.478871882986091180e+00
-9.509498286485237983e+00
-9.540174087409383219e+00
-9.773157601684202334e+00
-9.804582545741064692e+00
-9.836057931120651077e+00
-9.867583757822961488e+00
-9.899160025847994149e+00
-9.930786735195752613e+00
-9.962463885866233326e+00
-9.994191477859436290e+00
-1.002596951117536506e+01
-9.173745786052789342e+00
-9.202822634819993297e+00
-9.231945491259295977e+00
-9.261114355370699158e+00
-9.290329227154204617e+00
-9.319590106609807023e+00
-9.348896993737511707e+00
-9.378249888537315115e+00
-9.407648791009219025e+00
-7.734103991081189733e+00
-7.758273066053318345e+00
-7.782479846290613956e+00
-7.806724331793077454e+00
-7.831006522560707062e+00
-7.855326418593504556e+00
-7.879684019891468161e+00
-7.904079326454600540e+00
-7.928512338282899030e+00
-5.651436763198759650e+00
-5.668852592977492222e+00
-5.686295216340500502e+00
-5.703764633287782715e+00
-5.721260843819340636e+00
-5.738783847935172489e+00
-5.756333645635280938e+00
-5.773910236919662431e+00
-5.791513621788320521e+00
-2.165594952889383418e+00
-2.172177308369290571e+00
-2.178769652249015198e+00
-2.185371984528557743e+00
-2.191984305207917760e+00
-2.198606614287095695e+00
-2.205238911766091547e+00
-2.211881197644905317e+00
-2.218533471923536560e+00
1.344812827225389862e+00
1.348845249495930876e+00
1.352883708326756862e+00
1.356928203717868264e+00
1.360978735669264861e+00
1.365035304180946651e+00
1.369097909252913858e+00
1.373166550885166259e+00
1.377241229077703855e+00
5.877223703031978275e+00
5.894611938839765308e+00
5.912025858895422203e+00
5.929465463198948960e+00
5.946930751750343802e+00
5.964421724549610282e+00
5.981938381596745735e+00
5.999480722891750162e+00
6.017048748434625338e+00
9.459046719065035802e+00
9.486664373719239762e+00
9.514322287345242657e+00
9.542020459943046262e+00
9.569758891512648802e+00
9.597537582054048499e+00
9.625356531567248908e+00
9.653215740052248250e+00
9.681115207509046527e+00
1.360983767329226879e+01
1.364905910750925067e+01
1.368833697544452832e+01
1.372767127709810353e+01
1.376706201246997985e+01
1.380650918156015017e+01
1.384601278436861982e+01
1.388557282089538703e+01
1.392518929114045179e+01
1.641266381792167550e+01
1.645935702935246070e+01
1.650611656636766611e+01
1.655294242896729173e+01
1.659983461715133402e+01
1.664679313091979651e+01
1.669381797027267567e+01
1.674090913520997859e+01
1.678806662573169461e+01
1.929337133941140081e+01
1.934756620272435512e+01
1.940183707566327342e+01
1.945618395822815572e+01
1.951060685041900200e+01
1.956510575223581583e+01
1.961968066367859720e+01
1.967433158474733901e+01
1.972905851544204481e+01
2.050763472239233565e+01
2.056452136517289730e+01
2.062148679831741660e+01
2.067853102182590419e+01
2.073565403569835297e+01
2.079285583993475939e+01
2.085013643453513055e+01
2.090749581949946645e+01
2.096493399482775999e+01
2.223746462440610827e+01
2.229838918502091971e+01
2.235939708976789930e+01
2.242048833864704704e+01
2.248166293165836294e+01
2.254292086880184698e+01
2.260426215007749917e+01
2.266568677548531596e+01
2.272719474502530446e+01
2.334882214931629107e+01
2.341201246636450861e+01
2.347528817573305915e+01
2.353864927742194979e+01
2.360209577143117343e+01
2.366562765776073007e+01
2.372924493641062682e+01
2.379294760738085657e+01
2.385673567067141931e+01
2.189443113310317202e+01
2.195297239281735102e+01
2.201159181175678370e+01
2.207028938992146649e+01
2.212906512731140296e+01
2.218791902392659310e+01
2.224685107976703691e+01
2.230586129483273083e+01
2.236494966912367843e+01
2.086211479103295829e+01
2.091723266366448186e+01
2.097242325116755879e+01
2.102768655354217486e+01
2.108302257078833719e+01
2.113843130290604577e+01
2.119391274989530061e+01
2.124946691175610169e+01
2.130509378848844904e+01
1.887580799667792419e+01
1.892509209066403031e+01
1.897444044031373878e+01
1.902385304562705670e+01
1.907332990660398053e+01
1.912287102324451027e+01
1.917247639554864591e+01
1.922214602351638746e+01
1.927187990714773846e+01
1.625573276578091253e+01
1.629768304388615618e+01
1.633968738162812784e+01
1.638174577900683815e+01
1.642385823602228001e+01
1.646602475267445342e+01
1.650824532896336194e+01
1.655051996488900556e+01
1.659284866045138074e+01
1.310689612788836556e+01
1.314033208739828318e+01
1.317381064048719708e+01
1.320733178715510370e+01
1.324089552740200304e+01
1.327450186122789688e+01
1.330815078863278167e+01
1.334184230961666273e+01
1.337557642417953829e+01
1.072253333948543741e+01
1.074957629872751852e+01
1.077665331711222407e+01
1.080376439463954874e+01
1.083090953130949785e+01
1.085808872712206963e+01
1.088530198207726229e+01
1.091254929617507763e+01
1.093983066941551563e+01
6.458162185113360820e+00
6.474267327719628540e+00
6.490392526543337759e+00
6.506537781584491142e+00
6.522703092843086026e+00
6.538888460319123297e+00
6.555093884012602956e+00
6.571319363923525003e+00
6.587564900051890326e+00
1.959660954084299300e+00
1.964493656807072108e+00
1.969332311134182945e+00
1.974176917065632253e+00
1.979027474601420256e+00
1.983883983741546286e+00
1.988746444486010789e+00
1.993614856834813986e+00
1.998489220787955212e+00
-1.968121923256152650e+00
-1.972922220629948153e+00
-1.977728364894576485e+00
-1.982540356050037644e+00
-1.987358194096331854e+00
-1.992181879033459113e+00
-1.997011410861418979e+00
-2.001846789580211894e+00
-2.006688015189837415e+00
-7.559885519433970025e+00
-7.578124085222713191e+00
-7.596384625187105222e+00
-7.614667139327146117e+00
-7.632971627642836765e+00
-7.651298090134175389e+00
-7.669646526801163766e+00
-7.688016937643801008e+00
-7.706409322662088002e+00
-1.380000737121508614e+01
-1.383294294966667515e+01
-1.386591778387326990e+01
-1.389893187383487216e+01
-1.393198521955148372e+01
-1.396507782102310280e+01
-1.399820967824972762e+01
-1.403138079123136350e+01
-1.406459115996800691e+01
-2.020026146329076511e+01
-2.024795983746618333e+01
-2.029571445972435839e+01
-2.034352533006529029e+01
-2.039139244848897192e+01
-2.043931581499541039e+01
-2.048729542958459859e+01
-2.053533129225654719e+01
-2.058342340301124551e+01
-2.709291529050408087e+01
-2.715621649445385444e+01
-2.721959156211885755e+01
-2.728304049349908666e+01
-2.734656328859454533e+01
-2.741015994740523354e+01
-2.747383046993114419e+01
-2.753757485617228440e+01
-2.760139310612865060e+01
-3.498151209104118209e+01
-3.506239419992220263e+01
-3.514336970615758560e+01
-3.522443860974733809e+01
-3.530560091069146011e+01
-3.538685660898994456e+01
-3.546820570464279854e+01
-3.554964819765001494e+01
-3.563118408801159376e+01
-4.437173984389541204e+01
-4.447327700600958877e+01
-4.457493021059475069e+01
-4.467669945765090489e+01
-4.477858474717804427e+01
-4.488058607917617593e+01
-4.498270345364529277e+01
-4.508493687058539479e+01
-4.518728632999648198e+01
-5.494676766553186553e+01
-5.507122240543114344e+01
-5.519581793123528257e+01
-5.532055424294429002e+01
-5.544543134055815869e+01
-5.557044922407689569e+01
-5.569560789350049390e+01
-5.582090734882895333e+01
-5.594634759006228109e+01
-6.499212199200972861e+01
-6.513784423862857409e+01
-6.528372966805440569e+01
-6.542977828028718079e+01
-6.557599007532692781e+01
-6.572236505317364674e+01
-6.586890321382732338e+01
-6.601560455728795773e+01
-6.616246908355556400e+01
-7.776215907603517508e+01
-7.793477208175333715e+01
-7.810757645444016362e+01
-7.828057219409561185e+01
-7.845375930071972448e+01
-7.862713777431247308e+01
-7.880070761487387188e+01
-7.897446882240390664e+01
-7.914842139690259160e+01
-8.821619525601914802e+01
-8.841007700383457291e+01
-8.860417157464431170e+01
-8.879847896844835020e+01
-8.899299918524670261e+01
-8.918773222503936893e+01
-8.938267808782633495e+01
-8.957783677360761487e+01
-8.977320828238320871e+01
-1.003782825475617955e+02
-1.005967336521266873e+02
-1.008154222035443439e+02
-1.010343482018147938e+02
-1.012535116469380512e+02
-1.014729125389140734e+02
-1.016925508777428888e+02
-1.019124266634244975e+02
-1.021325398959588853e+02
-1.098818418719027932e+02
-1.101186561862818962e+02
-1.103557254138088695e+02
-1.105930495544837413e+02
-1.108306286083064833e+02
-1.110684625752770813e+02
-1.113065514553955779e+02
-1.115448952486619589e+02
-1.117834939550761959e+02
-1.183270395770776418e+02
-1.185796052965591372e+02
-1.188324402758694873e+02
-1.190855445150087206e+02
-1.193389180139768229e+02
-1.195925607727738083e+02
-1.198464727913996484e+02
-1.201006540698543716e+02
-1.203551046081379496e+02
-1.235403511497984397e+02
-1.238015358245337438e+02
-1.240629963014599042e+02
-1.243247325805768924e+02
-1.245867446618847509e+02
-1.248490325453834515e+02
-1.251115962310730083e+02
-1.253744357189534213e+02
-1.256375510090246763e+02
-1.245819481410378273e+02
-1.248428527444745555e+02
-1.251040302606763817e+02
-1.253654806896433058e+02
-1.256272040313753422e+02
-1.258892002858724766e+02
-1.261514694531347089e+02
-1.264140115331620393e+02
-1.266768265259544961e+02
-1.179155977743731967e+02
-1.181602359440295658e+02
-1.184051276247425903e+02
-1.186502728165122420e+02
-1.188956715193385349e+02
-1.191413237332214692e+02
-1.193872294581610447e+02
-1.196333886941572473e+02
-1.198798014412100912e+02
-1.026668841560589840e+02
-1.028779157781680453e+02
-1.030891640651868784e+02
-1.033006290171154546e+02
-1.035123106339538168e+02
-1.037242089157019223e+02
-1.039363238623597994e+02
-1.041486554739274339e+02
-1.043612037504048402e+02
-8.091855476692450111e+01
-8.108335834078789617e+01
-8.124832956833782305e+01
-8.141346844957428175e+01
-8.157877498449727227e+01
-8.174424917310679461e+01
-8.190989101540286299e+01
-8.207570051138546319e+01
-8.224167766105459521e+01
-5.391738605563997311e+01
-5.402620015464227521e+01
-5.413512394527663929e+01
-5.424415742754305114e+01
-5.435330060144153208e+01
-5.446255346697206789e+01
-5.457191602413465858e+01
-5.468138827292931836e+01
-5.479097021335602591e+01
-2.475107284122907458e+01
-2.480057498691153128e+01
-2.485012658528698282e+01
-2.489972763635541853e+01
-2.494937814011684551e+01
-2.499907809657126023e+01
-2.504882750571866623e+01
-2.509862636755906351e+01
-2.514847468209244497e+01
6.776642043712261199e+00
6.790074436266696267e+00
6.803520128219700425e+00
6.816979119571271895e+00
6.830451410321413341e+00
6.843937000470122101e+00
6.857435890017400837e+00
6.870948078963247774e+00
6.884473567307663799e+00
4.203537060431571604e+01
4.211795482947154312e+01
4.220062009900927080e+01
4.228336641292889198e+01
4.236619377123042085e+01
4.244910217391384322e+01
4.253209162097917329e+01
4.261516211242639685e+01
4.269831364825552100e+01
6.852273477421125847e+01
6.865617729568002403e+01
6.878974962504905477e+01
6.892345176231833648e+01
6.905728370748788336e+01
6.919124546055769542e+01
6.932533702152777266e+01
6.945955839039810087e+01
6.959390956716869425e+01
9.423536914214496107e+01
9.441729070419542325e+01
9.459938769687470028e+01
9.478166012018273534e+01
9.496410797411957105e+01
9.514673125868517900e+01
9.532952997387958760e+01
9.551250411970276843e+01
9.569565369615473571e+01
1.116434262030445126e+02
1.118570978321412497e+02
1.120709737362180078e+02
1.122850539152747729e+02
1.124993383693115589e+02
1.127138270983283519e+02
1.129285201023251659e+02
1.131434173813020010e+02
1.133585189352588429e+02
1.198081521199551958e+02
1.200354920670518908e+02
1.202630475022500889e+02
1.204908184255498043e+02
1.207188048369510227e+02
1.209470067364537869e+02
1.211754241240580399e+02
1.214040569997637959e+02
1.216329053635710977e+02
1.247258920935137638e+02
1.249605598114695653e+02
1.251954480817918807e+02
1.254305569044806958e+02
1.256658862795360108e+02
1.259014362069578112e+02
1.261372066867461257e+02
1.263731977189009257e+02
1.266094093034222539e+02
1.251362803451143293e+02
1.253697435547134234e+02
1.256034243441909837e+02
1.258373227135470245e+02
1.260714386627815315e+02
1.263057721918945049e+02
1.265403233008859445e+02
1.267750919897558646e+02
1.270100782585042651e+02
1.129921343669108893e+02
1.132011854943242355e+02
1.134104298298035758e+02
1.136198673733489102e+02
1.138294981249602671e+02
1.140393220846376181e+02
1.142493392523809490e+02
1.144595496281903166e+02
1.146699532120656500e+02
1.009962754034279016e+02
1.011815896702231896e+02
1.013670737942749298e+02
1.015527277755831079e+02
1.017385516141477666e+02
1.019245453099688916e+02
1.021107088630464403e+02
1.022970422733804696e+02
1.024835455409709652e+02
8.805569787404508020e+01
8.821594482195052933e+01
8.837633744889951970e+01
8.853687575489207973e+01
8.869755973992818099e+01
8.885838940400782349e+01
8.901936474713103564e+01
8.918048576929777482e+01
8.934175247050808366e+01
6.951993051376184951e+01
6.964541775295636228e+01
6.977101814565781979e+01
6.989673169186620783e+01
7.002255839158154060e+01
7.014849824480380391e+01
7.027455125153301196e+01
7.040071741176916476e+01
7.052699672551224808e+01
4.703438175799436749e+01
4.711859730277143399e+01
4.720288817451163510e+01
4.728725437321495662e+01
4.737169589888141985e+01
4.745621275151099638e+01
4.754080493110371464e+01
4.762547243765955329e+01
4.771021527117851946e+01
2.813898967220472969e+01
2.818897011567223387e+01
2.823899490735932005e+01
2.828906404726598467e+01
2.833917753539223128e+01
2.838933537173805632e+01
2.843953755630346691e+01
2.848978408908845239e+01
2.854007497009302341e+01
4.376633328408342294e+00
4.384345457621396491e+00
4.392064375680589272e+00
4.399790082585920636e+00
4.407522578337389696e+00
4.415261862934996451e+00
4.423007936378741789e+00
4.430760798668626599e+00
4.438520449804648216e+00
-2.491817194983161343e+01
-2.496173518750614306e+01
-2.500533647167646123e+01
-2.504897580234256083e+01
-2.509265317950444896e+01
-2.513636860316212207e+01
-2.518012207331558372e+01
-2.522391358996482680e+01
-2.526774315310985841e+01
-4.889987980198950623e+01
-4.898470179644222355e+01
-4.906959729348978527e+01
-4.915456629313219139e+01
-4.923960879536944191e+01
-4.932472480020153682e+01
-4.940991430762848324e+01
-4.949517731765028117e+01
-4.958051383026691639e+01
-7.489407719260859153e+01
-7.502298266109845315e+01
-7.515199896834023718e+01
-7.528112611433394363e+01
-7.541036409907958671e+01
-7.553971292257715220e+01
-7.566917258482664010e+01
-7.579874308582805043e+01
-7.592842442558139737e+01
-1.079406210740939400e+02
-1.081249773867738639e+02
-1.083094910000618825e+02
-1.084941619139579672e+02
-1.086789901284621607e+02
-1.088639756435744346e+02
-1.090491184592948031e+02
-1.092344185756232520e+02
-1.094198759925597955e+02
-1.379190076098919064e+02
-1.381527686397391790e+02
-1.383867276044127266e+02
-1.386208845039125777e+02
-1.388552393382387322e+02
-1.390897921073911618e+02
-1.393245428113698665e+02
-1.395594914501748747e+02
-1.397946380238061863e+02
-1.713962535471933961e+02
-1.716845567491230611e+02
-1.719731022226509936e+02
-1.722618899677771935e+02
-1.725509199845016610e+02
-1.728401922728243676e+02
-1.731297068327453701e+02
-1.734194636642646117e+02
-1.737094627673820924e+02
-1.949339652149763822e+02
-1.952593975442167391e+02
-1.955851012932479591e+02
-1.959110764620700422e+02
-1.962373230506829884e+02
-1.965638410590867977e+02
-1.968906304872814701e+02
-1.972176913352669771e+02
-1.975450236030433473e+02
-2.195179670622241304e+02
-2.198817085155169480e+02
-2.202457510792843891e+02
-2.206100947535263685e+02
-2.209747395382429431e+02
-2.213396854334340844e+02
-2.217049324390998208e+02
-2.220704805552401524e+02
-2.224363297818550222e+02
-2.378346420958177418e+02
-2.382258174940016602e+02
-2.386173143181495959e+02
-2.390091325682614922e+02
-2.394012722443373775e+02
-2.397937333463772802e+02
-2.401865158743811719e+02
-2.405796198283490526e+02
-2.409730452082809506e+02
-2.561864196466792123e+02
-2.566046831889595410e+02
-2.570232878923673070e+02
-2.574422337569025103e+02
-2.578615207825652647e+02
-2.582811489693553995e+02
-2.587011183172730853e+02
-2.591214288263182084e+02
-2.595420804964907688e+02
-2.626380838743073127e+02
-2.630637533781554680e+02
-2.634897675536666384e+02
-2.639161264008408807e+02
-2.643428299196781381e+02
-2.647698781101784107e+02
-2.651972709723416983e+02
-2.656250085061680579e+02
-2.660530907116574895e+02
-2.581204425946498873e+02
-2.585357610863548530e+02
-2.589514134353682948e+02
-2.593673996416901559e+02
-2.597837197053204932e+02
-2.602003736262592497e+02
-2.606173614045064824e+02
-2.610346830400620775e+02
-2.614523385329262055e+02
-2.455368011586791965e+02
-2.459290324704342936e+02
-2.463215768159577408e+02
-2.467144341952495097e+02
-2.471076046083096855e+02
-2.475010880551382115e+02
-2.478948845357350876e+02
-2.482889940501003139e+02
-2.486834165982339186e+02
-2.159927432610920448e+02
-2.163353170013951399e+02
-2.166781621947412191e+02
-2.170212788411303677e+02
-2.173646669405625289e+02
-2.177083264930377311e+02
-2.180522574985559743e+02
-2.183964599571172300e+02
-2.187409338687215268e+02
-1.780565772452263218e+02
-1.783369813038802079e+02
-1.786176059794173909e+02
-1.788984512718378710e+02
-1.791795171811416481e+02
-1.794608037073286653e+02
-1.797423108503989795e+02
-1.800240386103525907e+02
-1.803059869871894705e+02
-1.138919069290830208e+02
-1.140700021705671219e+02
-1.142482365489586300e+02
-1.144266100642575594e+02
-1.146051227164638959e+02
-1.147837745055776395e+02
-1.149625654315987759e+02
-1.151414954945273337e+02
-1.153205646943632985e+02
-4.918295871853896983e+01
-4.925932977244974609e+01
-4.933576007465680391e+01
-4.941224962516014330e+01
-4.948879842395977846e+01
-4.956540647105568809e+01
-4.964207376644788638e+01
-4.971880031013636625e+01
-4.979558610212113479e+01
1.771894368145669674e+01
1.774626664781206742e+01
1.777361066421855540e+01
1.780097573067617134e+01
1.782836184718490102e+01
1.785576901374475511e+01
1.788319723035573006e+01
1.791064649701782585e+01
1.793811681373104250e+01
9.005888867561880318e+01
9.019680427849110060e+01
9.033482540210012246e+01
9.047295204644584032e+01
9.061118421152825420e+01
9.074952189734739250e+01
9.088796510390322680e+01
9.102651383119575712e+01
9.116516807922499765e+01
1.573359074079950517e+02
1.575752015637486636e+02
1.578146775539671296e+02
1.580543353786504213e+02
1.582941750377986239e+02
1.585341965314116521e+02
1.587743998594895629e+02
1.590147850220322994e+02
1.592553520190399183e+02
2.127337870865888760e+02
2.130551372181396346e+02
2.133767298780915382e+02
2.136985650664446155e+02
2.140206427831988663e+02
2.143429630283542622e+02
2.146655258019108601e+02
2.149883311038686315e+02
2.153113789342275481e+02
2.663325668035254239e+02
2.667321655534181559e+02
2.671320638525987192e+02
2.675322617010670569e+02
2.679327590988231123e+02
2.683335560458669988e+02
2.687346525421986030e+02
2.691360485878180384e+02
2.695377441827252483e+02
2.989440720066602353e+02
2.993895922331977317e+02
2.998354441948256977e+02
3.002816278915442467e+02
3.007281433233532084e+02
3.011749904902526964e+02
3.016221693922426539e+02
3.020696800293231377e+02
3.025175224014941477e+02
3.221951833802597207e+02
3.226721562646123971e+02
3.231494819395600757e+02
3.236271604051026998e+02
3.241051916612401556e+02
3.245835757079726704e+02
3.250623125453000739e+02
3.255414021732223659e+02
3.260208445917396602e+02
3.322601215223572240e+02
3.327487393481253548e+02
3.332377161877258800e+02
3.337270520411586290e+02
3.342167469084237155e+02
3.347068007895210826e+02
3.351972136844508441e+02
3.356879855932128294e+02
3.361791165158070953e+02
3.251647436926243699e+02
3.256397834934900857e+02
3.261151700387360961e+02
3.265909033283622307e+02
3.270669833623686031e+02
3.275434101407551566e+02
3.280201836635218910e+02
3.284973039306688634e+02
3.289747709421959598e+02
3.140167456309334284e+02
3.144725028814863208e+02
3.149285906304079958e+02
3.153850088776983966e+02
3.158417576233576369e+02
3.162988368673856598e+02
3.167562466097824085e+02
3.172139868505480536e+02
3.176720575896824244e+02
2.882540740502370795e+02
2.886697252024364388e+02
2.890856758151200552e+02
2.895019258882879285e+02
2.899184754219401725e+02
2.903353244160766735e+02
2.907524728706974884e+02
2.911699207858026170e+02
2.915876681613920027e+02
2.585287422725086799e+02
2.588991272900910872e+02
2.592697774365335590e+02
2.596406927118362091e+02
2.600118731159989238e+02
2.603833186490218168e+02
2.607550293109047743e+02
2.611270051016478533e+02
2.614992460212510537e+02
2.045009675889666880e+02
2.047920721691645269e+02
2.050833837938717181e+02
2.053749024630883184e+02
2.056666281768142994e+02
2.059585609350496327e+02
2.062507007377944035e+02
2.065430475850485550e+02
2.068356014768120588e+02
1.633519220823490059e+02
1.635829714770906662e+02
1.638141841576236857e+02
1.640455601239480075e+02
1.642770993760636600e+02
1.645088019139706716e+02
1.647406677376690141e+02
1.649726968471586872e+02
1.652048892424396911e+02
1.125090644302679976e+02
1.126671938251102461e+02
1.128254342658758560e+02
1.129837857525647991e+02
1.131422482851770894e+02
1.133008218637127271e+02
1.134595064881717121e+02
1.136183021585540445e+02
1.137772088748597241e+02
4.864765687112134174e+01
4.871560052596927193e+01
4.878359159439352055e+01
4.885163007639406629e+01
4.891971597197092336e+01
4.898784928112408465e+01
4.905603000385355728e+01
4.912425814015932701e+01
4.919253369004141518e+01
-1.554210807091260982e+01
-1.556367935206585429e+01
-1.558526559249867738e+01
-1.560686679221108086e+01
-1.562848295120306297e+01
-1.565011406947462369e+01
-1.567176014702576303e+01
-1.569342118385648455e+01
-1.571509717996678290e+01
-7.502527557649861478e+01
-7.512875871522481930e+01
-7.523231317244773209e+01
-7.533593894816735315e+01
-7.543963604238369669e+01
-7.554340445509673430e+01
-7.564724418630649438e+01
-7.575115523601294854e+01
-7.585513760421612517e+01
-1.561300695893481247e+02
-1.563440929883739727e+02
-1.565582629787689939e+02
-1.567725795605332166e+02
-1.569870427336666410e+02
-1.572016524981692669e+02
-1.574164088540410944e+02
-1.576313118012820951e+02
-1.578463613398922973e+02
-2.329845873360224005e+02
-2.333020050299406591e+02
-2.336196388012544105e+02
-2.339374886499635977e+02
-2.342555545760682492e+02
-2.345738365795683364e+02
-2.348923346604638596e+02
-2.352110488187548754e+02
-2.355299790544412986e+02
-3.025610678937713374e+02
-3.029707646681704887e+02
-3.033807386393046386e+02
-3.037909898071739008e+02
-3.042015181717782184e+02
-3.046123237331175346e+02
-3.050234064911919063e+02
-3.054347664460013334e+02
-3.058464035975458160e+02
-3.885600929104564898e+02
-3.890830540045486714e+02
-3.896063667873388567e+02
-3.901300312588272163e+02
-3.906540474190136933e+02
-3.911784152678982878e+02
-3.917031348054809996e+02
-3.922282060317617720e+02
-3.927536289467407187e+02
-4.522989290725046203e+02
-4.529040112518658248e+02
-4.535094978979244615e+02
-4.541153890106805306e+02
-4.547216845901340321e+02
-4.553283846362849658e+02
-4.559354891491333319e+02
-4.565429981286791872e+02
-4.571509115749224179e+02
-5.563747398668330106e+02
-5.571145998932516932e+02
-5.578549515210168011e+02
-5.585957947501283343e+02
-5.593371295805864065e+02
-5.600789560123909041e+02
-5.608212740455418270e+02
-5.615640836800392890e+02
-5.623073849158830626e+02
-5.630511777530734889e+02
-5.637954621916102269e+02
-5.645402382314933902e+02
-5.652855058727230926e+02
-5.660312651152993340e+02
-5.667775159592218870e+02
-5.675242584044909790e+02
-5.682714924511064964e+02
-6.618060505833183242e+02
-6.626762755019025235e+02
-6.635470721845595108e+02
-6.644184406312890587e+02
-6.652903808420912810e+02
-6.661628928169660639e+02
-6.670359765559136349e+02
-6.679096320589337665e+02
-6.687838593260266862e+02
-6.696586583571921665e+02
-6.705340291524303211e+02
-6.714099717117411501e+02
-6.722864860351246534e+02
-6.731635721225808311e+02
-6.740412299741095694e+02
-6.749194595897109821e+02
-6.757982609693850691e+02
-7.111866511662127550e+02
-7.121114712587565236e+02
-7.130368922740376547e+02
-7.139629142120559209e+02
-7.148895370728113221e+02
-7.158167608563039721e+02
-7.167445855625337572e+02
-7.176730111915006773e+02
-7.186020377432049600e+02
-7.195316652176463776e+02
-7.204618936148249304e+02
-7.213927229347407319e+02
-7.223241531773937822e+02
-7.232561843427839676e+02
-7.241888164309112881e+02
-7.251220494417758573e+02
-7.260558833753776753e+02
-6.996982479382412521e+02
-7.005981813761038666e+02
-7.014986931773585184e+02
-7.023997833420050938e+02
-7.033014518700435929e+02
-7.042036987614740156e+02
-7.051065240162964756e+02
-7.060099276345108592e+02
-7.069139096161171665e+02
-7.078184699611152837e+02
-7.087236086695055519e+02
-7.096293257412876301e+02
-7.105356211764617456e+02
-7.114424949750276710e+02
-7.123499471369856337e+02
-7.132579776623355201e+02
-7.141665865510773301e+02
-6.035612890364001260e+02
-6.043291787171079932e+02
-6.050975565667165483e+02
-6.058664225852256777e+02
-6.066357767726354950e+02
-6.074056191289460003e+02
-6.081759496541570797e+02
-6.089467683482688471e+02
-6.097180752112811888e+02
-6.104898702431941047e+02
-6.112621534440078221e+02
-6.120349248137221139e+02
-6.128081843523370935e+02
-6.135819320598526474e+02
-6.143561679362688892e+02
-6.151308919815857053e+02
-6.159061041958032092e+02
-4.150744564999811246e+02
-4.155968913099245015e+02
-4.161196546952199924e+02
-4.166427466558676542e+02
-4.171661671918674301e+02
-4.176899163032194338e+02
-4.182139939899236083e+02
-4.187384002519799537e+02
-4.192631350893884701e+02
-4.197881985021491005e+02
-4.203135904902619586e+02
-4.208393110537269308e+02
-4.213653601925440739e+02
-4.218917379067134448e+02
-4.224184441962349297e+02
-4.229454790611085855e+02
-4.234728425013343553e+02
-1.554778161074961815e+02
-1.556714372981655572e+02
-1.558651789749523289e+02
-1.560590411378564681e+02
-1.562530237868780603e+02
-1.564471269220170484e+02
-1.566413505432734041e+02
-1.568356946506472127e+02
-1.570301592441384173e+02
-1.572247443237469895e+02
-1.574194498894730145e+02
-1.576142759413164072e+02
-1.578092224792772242e+02
-1.580042895033554373e+02
-1.581994770135510748e+02
-1.583947850098640799e+02
-1.585902134922945095e+02
1.046288070565070285e+02
1.047577396591644572e+02
1.048867516538185924e+02
1.050158430404694485e+02
1.051450138191170112e+02
1.052742639897612946e+02
1.054035935524022705e+02
1.055330025070399671e+02
1.056624908536743845e+02
1.057920585923054944e+02
1.059217057229333108e+02
1.060514322455578480e+02
1.061812381601790918e+02
1.063111234667970564e+02
1.064410881654117276e+02
1.065711322560231054e+02
1.067012557386311755e+02
3.176308123370754402e+02
3.180181669862669764e+02
3.184057576833861276e+02
3.187935844284328937e+02
3.191816472214072746e+02
3.195699460623092136e+02
3.199584809511387675e+02
3.203472518878959363e+02
3.207362588725806631e+02
3.211255019051930617e+02
3.215149809857330183e+02
3.219046961142005330e+02
3.222946472905957194e+02
3.226848345149184070e+02
3.230752577871688231e+02
3.234659171073467405e+02
3.238568124754523296e+02
4.749695820859772084e+02
4.755428706581992628e+02
4.761165050015746374e+02
4.766904851161033889e+02
4.772648110017854037e+02
4.778394826586207955e+02
4.784145000866095643e+02
4.789898632857515963e+02
4.795655722560469485e+02
4.801416269974956208e+02
4.807180275100976701e+02
4.812947737938530395e+02
4.818718658487617859e+02
4.824493036748237955e+02
4.830270872720391253e+02
4.836052166404078321e+02
4.841836917799298590e+02
5.443390753111233380e+02
5.449894206818654538e+02
5.456401543185005494e+02
5.462912762210285109e+02
5.469427863894495658e+02
5.475946848237636004e+02
5.482469715239706147e+02
5.488996464900704950e+02
5.495527097220634687e+02
5.502061612199494220e+02
5.508600009837283551e+02
5.515142290134001541e+02
5.521688453089650466e+02
5.528238498704229187e+02
5.534792426977737705e+02
5.541350237910176020e+02
5.547911931501544132e+02
5.430209200981328195e+02
5.436631683773736086e+02
5.443057962359757767e+02
5.449488036739390964e+02
5.455921906912636814e+02
5.462359572879495317e+02
5.468801034639966474e+02
5.475246292194050284e+02
5.481695345541745610e+02
5.488148194683054726e+02
5.494604839617976495e+02
5.501065280346509780e+02
5.507529516868656856e+02
5.513997549184415448e+02
5.520469377293786692e+02
5.526945001196770590e+02
5.533424420893367142e+02
4.725517504018621366e+02
4.731050896880470304e+02
4.736587527538024460e+02
4.742127395991285539e+02
4.747670502240252404e+02
4.753216846284925623e+02
4.758766428125305197e+02
4.764319247761390557e+02
4.769875305193182271e+02
4.775434600420679772e+02
4.780997133443884195e+02
4.786562904262794405e+02
4.792131912877410969e+02
4.797704159287733319e+02
4.803279643493762023e+02
4.808858365495497083e+02
4.814440325292937928e+02
3.519345472479333807e+02
3.523425873027135822e+02
3.527508637654050290e+02
3.531593766360077211e+02
3.535681259145216018e+02
3.539771116009467846e+02
3.543863336952830991e+02
3.547957921975306590e+02
3.552054871076895211e+02
3.556154184257595148e+02
3.560255861517408107e+02
3.564359902856332951e+02
3.568466308274370249e+02
3.572575077771519432e+02
3.576686211347781637e+02
3.580799709003155726e+02
3.584915570737641701e+02
2.132552468519768354e+02
2.135000864006013899e+02
2.137450664194201977e+02
2.139901869084332873e+02
2.142354478676406586e+02
2.144808492970423117e+02
2.147263911966382466e+02
2.149720735664284348e+02
2.152178964064129332e+02
2.154638597165916849e+02
2.157099634969647184e+02
2.159562077475320336e+02
2.162025924682936022e+02
2.164491176592494810e+02
2.166957833203996131e+02
2.169425894517440270e+02
2.171895360532827226e+02
5.370762441796794207e+01
5.376869050599292166e+01
5.382979129065882518e+01
5.389092677196565262e+01
5.395209694991339688e+01
5.401330182450206507e+01
5.407454139573166429e+01
5.413581566360218034e+01
5.419712462811362030e+01
5.425846828926598420e+01
5.431984664705927202e+01
5.438125970149348376e+01
5.444270745256861943e+01
5.450418990028467192e+01
5.456570704464165544e+01
5.462725888563955579e+01
5.468884542327838716e+01
-6.885823223654186620e+01
-6.893577529086229561e+01
-6.901336198224198881e+01
-6.909099231068096003e+01
-6.916866627617919505e+01
-6.924638387873669387e+01
-6.932414511835347071e+01
-6.940194999502951134e+01
-6.947979850876481578e+01
-6.955769065955939823e+01
-6.963562644741325869e+01
-6.971360587232636874e+01
-6.979162893429875680e+01
-6.986969563333040867e+01
-6.994780596942132433e+01
-7.002595994257151801e+01
-7.010415755278097549e+01
-1.928460436293567568e+02
-1.930611535497464502e+02
-1.932763833753314486e+02
-1.934917331061117522e+02
-1.937072027420873894e+02
-1.939227922832583317e+02
-1.941385017296245792e+02
-1.943543310811861602e+02
-1.945702803379430179e+02
-1.947863494998952092e+02
-1.950025385670427056e+02
-1.952188475393855072e+02
-1.954352764169236139e+02
-1.956518251996570825e+02
-1.958684938875857995e+02
-1.960852824807098784e+02
-1.963021909790292341e+02
-2.674320248774016591e+02
-2.677275298772661927e+02
-2.680231980494111781e+02
-2.683190293938365585e+02
-2.686150239105423907e+02
-2.689111815995286747e+02
-2.692075024607953537e+02
-2.695039864943424845e+02
-2.698006337001700672e+02
-2.700974440782780448e+02
-2.703944176286664742e+02
-2.706915543513353555e+02
-2.709888542462846317e+02
-2.712863173135143597e+02
-2.715839435530245396e+02
-2.718817329648151144e+02
-2.721796855488861411e+02
-3.181900469677325418e+02
-3.185383666688466064e+02
-3.188868769168431641e+02
-3.192355777117221578e+02
-3.195844690534835877e+02
-3.199335509421275106e+02
-3.202828233776538127e+02
-3.206322863600626079e+02
-3.209819398893538391e+02
-3.213317839655275634e+02
-3.216818185885836670e+02
-3.220320437585222635e+02
-3.223824594753432393e+02
-3.227330657390467650e+02
-3.230838625496326699e+02
-3.234348499071010110e+02
-3.237860278114518451e+02
-2.799256484406257641e+02
-2.802292554345960411e+02
-2.805330269852026390e+02
-2.808369630924455578e+02
-2.811410637563247406e+02
-2.814453289768402442e+02
-2.817497587539920687e+02
-2.820543530877801572e+02
-2.823591119782045666e+02
-2.826640354252652401e+02
-2.829691234289622344e+02
-2.832743759892955495e+02
-2.835797931062651287e+02
-2.838853747798710287e+02
-2.841911210101131928e+02
-2.844970317969916778e+02
-2.848031071405064836e+02
-2.329300944387045149e+02
-2.331804223209599911e+02
-2.334308846435389171e+02
-2.336814814064412644e+02
-2.339322126096670615e+02
-2.341830782532162800e+02
-2.344340783370889767e+02
-2.346852128612850947e+02
-2.349364818258046910e+02
-2.351878852306477086e+02
-2.354394230758141759e+02
-2.356910953613040931e+02
-2.359429020871174316e+02
-2.361948432532542483e+02
-2.364469188597145148e+02
-2.366991289064982027e+02
-2.369514733936053403e+02
-1.375678785614893513e+02
-1.377143832244941279e+02
-1.378609658569842509e+02
-1.380076264589597770e+02
-1.381543650304206494e+02
-1.383011815713669250e+02
-1.384480760817985470e+02
-1.385950485617155152e+02
-1.387420990111178583e+02
-1.388892274300055760e+02
-1.390364338183786685e+02
-1.391837181762371358e+02
-1.393310805035809494e+02
-1.394785208004101378e+02
-1.396260390667246725e+02
-1.397736353025246103e+02
-1.399213095078098945e+02
-6.805988035175279727e+00
-6.813171136003960626e+00
-6.820358025387930567e+00
-6.827548703327190438e+00
-6.834743169821740238e+00
-6.841941424871578192e+00
-6.849143468476706964e+00
-6.856349300637124777e+00
-6.863558921352830744e+00
-6.870772330623827528e+00
-6.877989528450112466e+00
-6.885210514831687334e+00
-6.892435289768552131e+00
-6.899663853260705082e+00
-6.906896205308147962e+00
-6.914132345910880773e+00
-6.921372275068902624e+00
1.236592888785413606e+02
1.237886395991256023e+02
1.239180579363959822e+02
1.240475438903525145e+02
1.241770974609951850e+02
1.243067186483239936e+02
1.244364074523389405e+02
1.245661638730400256e+02
1.246959879104272488e+02
1.248258795645005961e+02
1.249558388352601099e+02
1.250858657227057478e+02
1.252159602268375096e+02
1.253461223476554380e+02
1.254763520851595047e+02
1.256066494393496811e+02
1.257370144102260241e+02
2.177781878479176214e+02
2.180039817181590820e+02
2.182298925800432130e+02
2.184559204335699008e+02
2.186820652787392305e+02
2.189083271155511738e+02
2.191347059440057308e+02
2.193612017641028729e+02
2.195878145758426570e+02
2.198145443792250546e+02
2.200413911742500375e+02
2.202683549609176623e+02
2.204954357392279007e+02
2.207226335091807243e+02
2.209499482707761899e+02
2.211773800240142407e+02
2.214049287688949335e+02
2.933715616570486304e+02
2.936730740534073334e+02
2.939747413097539379e+02
2.942765634260883871e+02
2.945785404024106811e+02
2.948806722387208765e+02
2.951829589350188598e+02
2.954854004913047447e+02
2.957879969075785311e+02
2.960907481838400486e+02
2.963936543200895244e+02
2.966967153163268449e+02
2.969999311725520101e+02
2.973033018887650769e+02
2.976068274649659315e+02
2.979105079011546877e+02
2.982143431973312317e+02
3.485048038074378951e+02
3.488598774740781892e+02
3.492151319317911202e+02
3.495705671805766315e+02
3.499261832204348366e+02
3.502819800513656219e+02
3.506379576733689873e+02
3.509941160864451035e+02
3.513504552905937430e+02
3.517069752858150196e+02
3.520636760721089331e+02
3.524205576494755405e+02
3.527776200179146713e+02
3.531348631774264959e+02
3.534922871280109575e+02
3.538498918696680562e+02
3.542076774023977350e+02
3.480256108300173423e+02
3.483771518510577607e+02
3.487288703284439748e+02
3.490807662621760414e+02
3.494328396522538469e+02
3.497850904986774481e+02
3.501375188014469018e+02
3.504901245605621511e+02
3.508429077760232531e+02
3.511958684478301507e+02
3.515490065759827871e+02
3.519023221604812193e+02
3.522558152013255608e+02
3.526094856985155843e+02
3.529633336520515172e+02
3.533173590619332458e+02
3.536715619281607133e+02
2.863056309687038947e+02
2.865923667032744788e+02
2.868792459492236731e+02
2.871662687065515343e+02
2.874534349752581193e+02
2.877407447553433144e+02
2.880281980468072334e+02
2.883157948496497625e+02
2.886035351638709585e+02
2.888914189894708215e+02
2.891794463264493515e+02
2.894676171748065485e+02
2.897559315345424125e+02
2.900443894056569434e+02
2.903329907881501413e+02
2.906217356820220061e+02
2.909106240872725380e+02
2.176628105290095050e+02
2.178789602912031569e+02
2.180952173237502620e+02
2.183115816266508205e+02
2.185280531999048037e+02
2.187446320435122402e+02
2.189613181574731300e+02
2.191781115417874446e+02
2.193950121964552125e+02
2.196120201214764620e+02
2.198291353168511080e+02
2.200463577825792356e+02
2.202636875186607881e+02
2.204811245250957938e+02
2.206986688018842528e+02
2.209163203490261651e+02
2.211340791665215022e+02
2.213519452543702926e+02
2.215699186125725078e+02
2.217879992411281762e+02
2.220061871400373263e+02
2.222244823092999013e+02
2.224428847489159295e+02
2.226613944588853826e+02
2.228800114392083174e+02
2.230987356898846485e+02
2.233175672109144614e+02
2.235365060022976991e+02
2.237555520640344184e+02
2.239747053961245626e+02
2.241939659985681317e+02
2.244133338713651540e+02
2.246328090145156580e+02
1.072840995127232020e+02
1.073889203231899643e+02
1.074937923156930708e+02
1.075987154902325500e+02
1.077036898468083876e+02
1.078087153854205837e+02
1.079137921060691383e+02
1.080189200087540655e+02
1.081240990934753370e+02
1.082293293602329811e+02
1.083346108090269837e+02
1.084399434398573590e+02
1.085453272527240784e+02
1.086507622476271564e+02
1.087562484245665928e+02
1.088617857835424019e+02
1.089673743245545694e+02
1.090730140476030954e+02
1.091787049526879798e+02
1.092844470398092369e+02
1.093902403089668383e+02
1.094960847601608123e+02
1.096019803933911447e+02
1.097079272086578214e+02
1.098139252059608850e+02
1.099199743853002929e+02
1.100260747466760591e+02
1.101322262900881981e+02
1.102384290155366955e+02
1.103446829230215371e+02
1.104509880125427657e+02
1.105573442841003384e+02
1.106637517376942697e+02
-1.827540571078911880e+00
-1.829297821628026233e+00
-1.831055916603161249e+00
-1.832814856004316928e+00
-1.834574639831493492e+00
-1.836335268084690719e+00
-1.838096740763908610e+00
-1.839859057869147385e+00
-1.841622219400406602e+00
-1.843386225357686703e+00
-1.845151075740987689e+00
-1.846916770550308895e+00
-1.848683309785651208e+00
-1.850450693447014405e+00
-1.852218921534398044e+00
-1.853987994047802346e+00
-1.855757910987227532e+00
-1.857528672352673160e+00
-1.859300278144139895e+00
-1.861072728361627071e+00
-1.862846023005135132e+00
-1.864620162074663856e+00
-1.866395145570213243e+00
-1.868170973491783515e+00
-1.869947645839374228e+00
-1.871725162612985605e+00
-1.873503523812618088e+00
-1.875282729438271012e+00
-1.877062779489944822e+00
-1.878843673967639294e+00
-1.880625412871354429e+00
-1.882407996201090228e+00
-1.884191423956846689e+00
-5.957172129381972070e+01
-5.962810721080393250e+01
-5.968451980040734384e+01
-5.974095906262995470e+01
-5.979742499747175799e+01
-5.985391760493276081e+01
-5.991043688501296316e+01
-5.996698283771235793e+01
-6.002355546303095934e+01
-6.008015476096875318e+01
-6.013678073152573944e+01
-6.019343337470193234e+01
-6.025011269049731766e+01
-6.030681867891190961e+01
-6.036355133994569400e+01
-6.042031067359867080e+01
-6.047709667987085425e+01
-6.053390935876223011e+01
-6.059074871027280551e+01
-6.064761473440257333e+01
-6.070450743115154779e+01
-6.076142680051971467e+01
-6.081837284250707398e+01
-6.087534555711363993e+01
-6.093234494433940540e+01
-6.098937100418436330e+01
-6.104642373664852784e+01
-6.110350314173187769e+01
-6.116060921943442708e+01
-6.121774196975618310e+01
-6.127490139269713154e+01
-6.133208748825727952e+01
-6.138930025643662702e+01
-6.140626469910415608e+01
-6.146349327757489789e+01
-6.152074851118232601e+01
-6.157803039992644756e+01
-6.163533894380724831e+01
-6.169267414282474959e+01
-6.175003599697893009e+01
-6.180742450626980400e+01
-6.186483967069736423e+01
-6.192228149026161788e+01
-6.197974996496255073e+01
-6.203724509480017701e+01
-6.209476687977449672e+01
-6.215231531988549563e+01
-6.220989041513319506e+01
-6.226749216551757371e+01
-6.232512057103864578e+01
-6.238277563169641127e+01
-6.244045734749085597e+01
-6.249816571842199409e+01
-6.255590074448982563e+01
-6.261366242569434348e+01
-6.267145076203554055e+01
-6.272926575351343104e+01
-6.278710740012801494e+01
-6.284497570187928517e+01
-6.290287065876724881e+01
-6.296079227079189167e+01
-6.301874053795322794e+01
-6.307671546025125764e+01
-6.313471703768596655e+01
-6.319274527025736887e+01
-6.325080015796545752e+01
-3.276153096717264646e+01
-3.279160121129120853e+01
-3.282168524909972973e+01
-3.285178308059821717e+01
-3.288189470578666374e+01
-3.291202012466507654e+01
-3.294215933723345557e+01
-3.297231234349178663e+01
-3.300247914344009104e+01
-3.303265973707835457e+01
-3.306285412440657723e+01
-3.309306230542476612e+01
-3.312328428013292125e+01
-3.315352004853102841e+01
-3.318376961061910890e+01
-3.321403296639714853e+01
-3.324431011586514728e+01
-3.327460105902311227e+01
-3.330490579587103639e+01
-3.333522432640892674e+01
-3.336555665063677623e+01
-3.339590276855459194e+01
-3.342626268016236679e+01
-3.345663638546010787e+01
-3.348702388444780809e+01
-3.351742517712547453e+01
-3.354784026349310011e+01
-3.357826914355069192e+01
-3.360871181729824286e+01
-3.363916828473576004e+01
-3.366963854586323635e+01
-3.370012260068067889e+01
-3.373062044918808056e+01
2.363929426730326000e+01
2.366066795108924836e+01
2.368205129311463253e+01
2.370344429337941605e+01
2.372484695188359538e+01
2.374625926862717051e+01
2.376768124361014856e+01
2.378911287683251885e+01
2.381055416829428850e+01
2.383200511799545396e+01
2.385346572593601522e+01
2.387493599211597584e+01
2.389641591653533581e+01
2.391790549919408804e+01
2.393940474009223962e+01
2.396091363922979056e+01
2.398243219660673731e+01
2.400396041222307986e+01
2.402549828607882176e+01
2.404704581817395947e+01
2.406860300850849299e+01
2.409016985708242942e+01
2.411174636389575454e+01
2.413333252894848258e+01
2.415492835224060642e+01
2.417653383377212961e+01
2.419814897354304506e+01
2.421977377155336342e+01
2.424140822780307758e+01
2.426305234229218399e+01
2.428470611502069332e+01
2.430636954598859489e+01
2.432804263519589938e+01
6.199654857843924560e+01
6.205177935668284306e+01
6.210703472565585059e+01
6.216231468535824689e+01
6.221761923579006748e+01
6.227294837695128393e+01
6.232830210884191047e+01
6.238368043146193997e+01
6.243908334481137246e+01
6.249451084889020791e+01
6.254996294369844634e+01
6.260543962923610195e+01
6.266094090550315343e+01
6.271646677249961499e+01
6.277201723022547242e+01
6.282759227868073992e+01
6.288319191786541751e+01
6.293881614777949807e+01
6.299446496842298160e+01
6.305013837979586100e+01
6.310583638189815758e+01
6.316155897472985714e+01
6.321730615829095967e+01
6.327307793258146518e+01
6.332887429760138076e+01
6.338469525335069932e+01
6.344054079982942085e+01
6.349641093703755246e+01
6.355230566497508704e+01
6.360822498364202460e+01
6.366416889303836513e+01
6.372013739316411574e+01
6.377613048401926932e+01
8.408004143427194776e+01
8.415386061024585729e+01
8.422771217725791359e+01
8.430159613530814511e+01
8.437551248439652340e+01
8.444946122452309112e+01
8.452344235568779141e+01
8.459745587789068111e+01
8.467150179113171760e+01
8.474558009541092929e+01
8.481969079072828777e+01
8.489383387708382145e+01
8.496800935447751613e+01
8.504221722290937180e+01
8.511645748237940268e+01
8.519073013288758034e+01
8.526503517443393321e+01
8.533937260701844707e+01
8.541374243064110772e+01
8.548814464530195778e+01
8.556257925100095463e+01
8.563704624773812668e+01
8.571154563551344552e+01
8.578607741432693956e+01
8.586064158417859460e+01
8.593523814506841063e+01
8.600986709699637345e+01
8.608452843996252568e+01
8.615922217396682470e+01
8.623394829900929892e+01
8.630870681508993414e+01
8.638349772220873035e+01
8.645832102036568756e+01
7.571581230229948289e+01
7.578133875171731404e+01
7.584689354302501840e+01
7.591247667622262441e+01
7.597808815131010363e+01
7.604372796828748449e+01
7.610939612715475278e+01
7.617509262791189428e+01
7.624081747055892322e+01
7.630657065509583958e+01
7.637235218152265759e+01
7.643816204983934881e+01
7.650400026004592746e+01
7.656986681214239354e+01
7.663576170612874705e+01
7.670168494200498799e+01
7.676763651977111635e+01
7.683361643942711794e+01
7.689962470097302116e+01
7.696566130440881182e+01
7.703172624973448990e+01
7.709781953695004120e+01
7.716394116605547993e+01
7.723009113705082029e+01
7.729626944993604809e+01
7.736247610471114911e+01
7.742871110137613755e+01
7.749497443993101342e+01
7.756126612037579093e+01
7.762758614271044166e+01
7.769393450693497982e+01
7.776031121304940541e+01
7.782671626105371843e+01
6.410568481847646183e+01
6.416038250176866597e+01
6.421510351029895958e+01
6.426984784406732842e+01
6.432461550307378673e+01
6.437940648731830606e+01
6.443422079680091485e+01
6.448905843152159889e+01
6.454391939148035817e+01
6.459880367667719270e+01
6.465371128711210247e+01
6.470864222278510169e+01
6.476359648369616195e+01
6.481857406984531167e+01
6.487357498123253663e+01
6.492859921785785104e+01
6.498364677972122649e+01
6.503871766682267719e+01
6.509381187916221734e+01
6.514892941673983273e+01
6.520407027955552337e+01
6.525923446760928925e+01
6.531442198090114459e+01
6.536963281943107518e+01
6.542486698319906679e+01
6.548012447220514787e+01
6.553540528644930419e+01
6.559070942593153575e+01
6.564603689065185677e+01
6.570138768061023882e+01
6.575676179580671032e+01
6.581215923624127129e+01
6.586758000191389328e+01
3.713522601973544823e+01
3.716647147705116794e+01
3.719773007375179930e+01
3.722900180983734231e+01
3.726028668530779697e+01
3.729158470016315619e+01
3.732289585440342705e+01
3.735422014802860247e+01
3.738555758103869664e+01
3.741690815343370247e+01
3.744827186521361284e+01
3.747964871637843487e+01
3.751103870692816145e+01
3.754244183686279968e+01
3.757385810618235666e+01
3.760528751488681110e+01
3.763673006297618429e+01
3.766818575045046202e+01
3.769965457730965142e+01
3.773113654355375246e+01
3.776263164918276516e+01
3.779413989419668241e+01
3.782566127859551131e+01
3.785719580237925186e+01
3.788874346554790407e+01
3.792030426810146082e+01
3.795187821003992923e+01
3.798346529136330929e+01
3.801506551207159390e+01
3.804667887216479727e+01
3.807830537164290519e+01
3.810994501050592476e+01
3.814159778875384887e+01
3.029263746823077241e+01
3.031777658646167239e+01
3.034292613153546725e+01
3.036808610345216408e+01
3.039325650221176289e+01
3.041843732781425658e+01
3.044362858025965224e+01
3.046883025954794277e+01
3.049404236567913884e+01
3.051926489865323333e+01
3.054449785847022625e+01
3.056974124513011759e+01
3.059499505863291091e+01
3.062025929897860266e+01
3.064553396616719638e+01
3.067081906019868498e+01
3.069611458107307556e+01
3.072142052879036456e+01
3.074673690335055554e+01
3.077206370475364494e+01
3.079740093299963632e+01
3.082274858808852258e+01
3.084810667002031082e+01
3.087347517879499748e+01
3.089885411441258611e+01
3.092424347687307318e+01
3.094964326617645867e+01
3.097505348232274613e+01
3.100047412531193203e+01
3.102590519514401990e+01
3.105134669181900264e+01
3.107679861533688737e+01
3.110226096569767051e+01
1.542721931235471899e+01
1.543984904572545602e+01
1.545248394674487180e+01
1.546512401541296455e+01
1.547776925172973783e+01
1.549041965569518808e+01
1.550307522730931886e+01
1.551573596657212661e+01
1.552840187348361489e+01
1.554107294804378014e+01
1.555374919025262770e+01
1.556643060011015045e+01
1.557911717761635195e+01
1.559180892277123398e+01
1.560450583557479298e+01
1.561720791602703073e+01
1.562991516412794724e+01
1.564262757987754426e+01
1.565534516327581827e+01
1.566806791432277102e+01
1.568079583301840429e+01
1.569352891936271455e+01
1.570626717335570355e+01
1.571901059499736952e+01
1.573175918428771780e+01
1.574451294122674305e+01
1.575727186581444705e+01
1.577003595805082981e+01
1.578280521793589131e+01
1.579557964546962978e+01
1.580835924065205056e+01
1.582114400348314653e+01
1.583393393396292304e+01
1.244537797282600700e+01
1.245543078217400890e+01
1.246548764998359538e+01
1.247554857625476998e+01
1.248561356098752739e+01
1.249568260418187116e+01
1.250575570583780305e+01
1.251583286595531952e+01
1.252591408453442234e+01
1.253599936157510975e+01
1.254608869707738350e+01
1.255618209104124361e+01
1.256627954346668830e+01
1.257638105435371934e+01
1.258648662370233673e+01
1.259659625151253870e+01
1.260670993778432702e+01
1.261682768251770170e+01
1.262694948571266096e+01
1.263707534736920834e+01
1.264720526748734031e+01
1.265733924606705507e+01
1.266747728310835974e+01
1.267761937861124899e+01
1.268776553257572459e+01
1.269791574500178299e+01
1.270807001588943130e+01
1.271822834523866241e+01
1.272839073304947988e+01
1.273855717932188369e+01
1.274872768405587387e+01
1.275890224725144861e+01
1.276908086890860972e+01
