4.845511960176052645e-03
8.074169950689005781e-03
5.390546180830267826e-03
1.509202907898093103e-02
2.534741887765456017e-02
2.619850863375053004e-02
2.526240323515793751e-02
4.046615415515145836e-02
4.450212761826935481e-02
3.668272802097088947e-02
6.510291234597376242e-02
8.329753994482473611e-02
8.314196599822087919e-02
8.089020671400398710e-02
1.929215850862015802e-01
2.370849473472887159e-01
1.964602405611372560e-01
2.624998962907867384e-01
3.350353518305722589e-01
3.347938535998692400e-01
3.770521663271157453e-01
3.351193558152034124e-01
3.552076637390598757e-01
4.106288767559611030e-01
3.105089441178299214e-01
2.833323419611142868e-01
2.369841962549047720e-01
2.072540824430182671e-01
-1.506417830241026656e-01
-2.645980981779030849e-01
-7.557827383536631638e-01
-8.141752152875642023e-01
-1.550633090826910143e+00
-2.258826299660654957e+00
-2.857004100729492180e+00
-4.047991925002227376e+00
-5.742526931258114864e+00
-7.501482591936696309e+00
-9.534591514732730033e+00
-1.157539750303136650e+01
-1.535507358367171982e+01
-1.784293474503908783e+01
-2.030516515695964586e+01
-2.141479883447578914e+01
-2.301535008086435496e+01
-2.017371662967088142e+01
-1.570985029264996058e+01
-8.446197188507994724e+00
2.670349858257924369e-01
1.088178793966460489e+01
2.246313438310340160e+01
3.047099594998397620e+01
3.774180749539777224e+01
4.148539358091841223e+01
4.170858035552623022e+01
4.189400483004671827e+01
3.873481634371400872e+01
3.482960771574509806e+01
3.044588310651148078e+01
2.754063377899232989e+01
2.138044093250108446e+01
1.367469726994756307e+01
6.482978170212026825e+00
-1.831756537292251741e+00
-1.116293275251367589e+01
-2.361712011063404404e+01
-3.649232256795708906e+01
-4.622753446714042980e+01
-5.539231861510828736e+01
-6.776602511264187001e+01
-7.571613691618763653e+01
-8.341004121756492395e+01
-8.908490536757395262e+01
-7.828731508673166672e+01
-6.744348670309854299e+01
-4.875113486589755496e+01
-2.456981895385191095e+01
9.339256423846581612e+00
5.010561754867303819e+01
8.380185763358836937e+01
1.184054079766764715e+02
1.506857302284715274e+02
1.766774880143568112e+02
1.935820509256851665e+02
2.007199880501215148e+02
2.072684830725769984e+02
2.016132964149888380e+02
1.819654003017900834e+02
1.687599523478395440e+02
1.460435572995471887e+02
1.242134222501199758e+02
9.222604432870957680e+01
5.972368644081681310e+01
1.766924753330844311e+01
-2.138184624765982278e+01
-6.601168400092478805e+01
-1.188043911114904745e+02
-1.899768944234497781e+02
-2.398735419098540547e+02
-3.160909706203292444e+02
-3.946278877366994493e+02
-4.764727909374437331e+02
-5.838417415850894940e+02
-6.877569982533173061e+02
-7.877278185748084525e+02
-8.989585081740661963e+02
-9.848815912806246615e+02
-1.079442485882632809e+03
-1.111978025935958840e+03
-1.116413867780531973e+03
-1.054093412232937453e+03
-9.198561416101401846e+02
-7.478931569682639520e+02
-4.972170441997330386e+02
-2.131292034597267104e+02
9.736724454570162379e+01
3.778007179145785130e+02
6.319230060545079368e+02
8.392815858846864785e+02
9.834025720925752694e+02
1.075391532101916710e+03
1.106808592098084318e+03
1.069313305963217772e+03
9.987084410204868163e+02
9.175932694018121083e+02
7.779643620827661152e+02
6.433198789082514395e+02
4.552167340099574631e+02
2.616513804282329261e+02
2.811213196500288802e+01
-2.088174399433946178e+02
-4.591291643265679454e+02
-7.330146213058934563e+02
-1.003443502854389862e+03
-1.288065878089650141e+03
-1.533973814207860642e+03
-1.789478996991470012e+03
-2.040419689359249332e+03
-2.203291533353250543e+03
-2.356618267202651623e+03
-2.449507461393890935e+03
-2.411880769589176452e+03
-2.246925603069561475e+03
-2.019148291228044627e+03
-1.562668781968312715e+03
-1.104416853181855913e+03
-4.682137172056037002e+02
1.794773011003254908e+02
7.862597135701284969e+02
1.494957453296505264e+03
2.010794607963338876e+03
2.547247153426440946e+03
2.769036013278637256e+03
3.019547861696943073e+03
3.127953891338068388e+03
3.030546558296212424e+03
2.857485545633899619e+03
2.660490759135715052e+03
2.315819307352836404e+03
1.940219827390560113e+03
1.485915941422204469e+03
1.015037015355075596e+03
4.062266704924351757e+02
-1.509422125787260995e+02
-7.636230964860699260e+02
-1.424683143684112792e+03
-2.151826353809965894e+03
-2.874951272900426375e+03
-3.599443066140373503e+03
-4.329705857370375270e+03
-9.867226951731232475e+03
-1.179930805332009550e+04
-1.294208925575207104e+04
-1.261784971921853321e+04
-1.060833509956124908e+04
-7.401019755805072236e+03
-2.847723856092950882e+03
1.936534512929425091e+03
5.817406188188009764e+03
8.778242266107781688e+03
9.980167795655444934e+03
9.981446561700115126e+03
8.685312807938938931e+03
6.455044116651264630e+03
3.880139583567049158e+03
1.149854283001535123e+03
-1.176352696026714739e+03
-3.636607423485053459e+03
-4.965986508233257155e+03
-5.717285818247805764e+03
-5.376347790322205583e+03
-4.241528526399819384e+03
-2.646919629108629124e+03
-2.610492275022530251e+01
2.129892775158982204e+03
4.008537315348330139e+03
5.643697090268462489e+03
6.469095404429998780e+03
6.601769617921247118e+03
5.347392147146280877e+03
7.609444748987802086e+03
3.644298884119094055e+03
-2.245794766867587384e+02
-1.961200353128499501e+03
-2.108562402246355305e+03
-8.084005072264372984e+02
8.070375986964088497e+02
2.112621147871241192e+03
2.557073631724500501e+03
2.552143194624261469e+03
1.921470975930370287e+03
9.650652955624098013e+02
5.644008660616921134e+02
3.352404579598959913e+02
5.419807140452246585e+02
