2.124085997172884578e-03
9.373262885673867839e-03
4.845192871234841117e-03
8.073638246637523941e-03
5.390191200038240218e-03
1.509103523155694293e-02
2.534574968745988144e-02
2.619678339719142338e-02
2.526073964345348574e-02
4.046348935886359688e-02
4.449919704315157681e-02
3.668031237264699623e-02
6.509862515825426410e-02
8.329205459589876515e-02
8.313649089422389671e-02
8.088487989392245670e-02
1.929088807229003832e-01
2.370693347174061549e-01
1.964473031686251314e-01
2.624826100236875570e-01
3.350132889244103462e-01
3.347718065969625956e-01
3.770273365098489871e-01
3.350972873771713711e-01
3.551842724362906378e-01
4.106018358293072046e-01
3.104884963362478101e-01
2.833136838259677215e-01
2.369685902597305771e-01
2.072404342493346929e-01
-1.506318628902876267e-01
-2.645806737390227203e-01
-7.557329681919654485e-01
-8.141215998369076834e-01
-1.550530977804544630e+00
-2.258677550364757369e+00
-2.856815959946634287e+00
-4.047725354726886771e+00
-5.742148771663538653e+00
-7.500988600763535352e+00
-9.533963638310936517e+00
-1.157463523449013643e+01
-1.535406241411681982e+01
-1.784175974367644457e+01
-2.030382801163747786e+01
-2.141338861703282959e+01
-2.301383446316507175e+01
-2.017238814055918539e+01
-1.570881576017172065e+01
-8.445640985543205304e+00
2.670174009118361225e-01
1.088107134702781131e+01
2.246165513017295723e+01
3.046898935957303323e+01
3.773932210407233612e+01
4.148266166519469067e+01
4.170583374240166563e+01
4.189124600626210793e+01
3.873226556030108014e+01
3.482731409997442285e+01
3.044387816984336936e+01
2.753882016017453793e+01
2.137903297761089760e+01
1.367379675732698985e+01
6.482551250072888571e+00
-1.831635911595967947e+00
-1.116219764579593665e+01
-2.361556486489065776e+01
-3.648991945830299954e+01
-4.622449026971625585e+01
-5.538867089399163035e+01
-6.776156255236318771e+01
-7.571115082139317565e+01
-8.340454846015202861e+01
-8.907903890632790933e+01
-7.828215967349842686e+01
-6.743904538277149641e+01
-4.874792448314853033e+01
-2.456820097053452656e+01
9.338641410723411695e+00
5.010231796989090469e+01
8.379633907409585447e+01
1.183976106878501184e+02
1.506758072006244333e+02
1.766658533650050629e+02
1.935693030690757723e+02
2.007067701427066879e+02
2.072548339305764102e+02
2.016000196810098828e+02
1.819534174303418865e+02
1.687488390877844324e+02
1.460339399702634466e+02
1.242052424891956690e+02
9.221997101569768063e+01
5.971975348842121889e+01
1.766808396967806516e+01
-2.138043820022616259e+01
-6.600733696834521425e+01
-1.187965675486383645e+02
-1.899643839753084364e+02
-2.398577456441257709e+02
-3.160701552485026014e+02
-3.946019005147288681e+02
-4.764414140262677506e+02
-5.838032941630855248e+02
-6.877117077547718509e+02
-7.876759447506062770e+02
-8.988993095339794763e+02
-9.848167343931042979e+02
-1.079371401926437784e+03
-1.111904799434020106e+03
-1.116340349167441673e+03
-1.054023997575907970e+03
-9.197955668092301948e+02
-7.478439063550041510e+02
-4.971843012281977394e+02
-2.131151683748001631e+02
9.736083267194587165e+01
3.777758388033392407e+02
6.318813923623766868e+02
8.392263171174603258e+02
9.833378126021248136e+02
1.075320714911042614e+03
1.106735706016143013e+03
1.069242889038560634e+03
9.986426736007297222e+02
9.175328436166314532e+02
7.779131312063101404e+02
6.432775147038685191e+02
4.551867568626774414e+02
2.616341500380009393e+02
2.811028071161673836e+01
-2.088036887987548198e+02
-4.590989295360798224e+02
-7.329663504809883534e+02
-1.003377423619105116e+03
-1.287981055767338148e+03
-1.533872798240044403e+03
-1.789361155375730732e+03
-2.040285322678564626e+03
-2.203146441159003189e+03
-2.356463078063938610e+03
-2.449346155272108717e+03
-2.411721941278066424e+03
-2.246777637463954306e+03
-2.019015325321512137e+03
-1.562565876365932581e+03
-1.104344124601834892e+03
-4.681828841748504715e+02
1.794654820763607006e+02
7.862079364242700876e+02
1.494859006652507560e+03
2.010662192167500734e+03
2.547079410904314955e+03
2.768853665411804286e+03
3.019349017005598853e+03
3.127747907841680444e+03
3.030346989313507493e+03
2.857297373146703649e+03
2.660315559242202653e+03
2.315666804926489476e+03
1.940092059118491306e+03
1.485818090184115590e+03
1.014970172658332217e+03
4.061999194619467630e+02
-1.509322726608824041e+02
-7.635728100174067094e+02
-1.424589324777129150e+03
-2.151684650725018855e+03
-2.874761950251913277e+03
-3.599206033916252636e+03
-4.329420735536162283e+03
-9.866577170443597424e+03
-1.179853103971560995e+04
-1.294123698718032210e+04
-1.261701880262182203e+04
-1.060763651446998119e+04
-7.400532380358022237e+03
-2.847536326437144453e+03
1.936406987344424124e+03
5.817023097609254364e+03
8.777664197153786517e+03
9.979510576934037090e+03
9.980789258768803847e+03
8.684740858619496066e+03
6.454619036038608101e+03
3.879884066783344224e+03
1.149778562254433609e+03
-1.176275230293611003e+03
-3.636367943896126690e+03
-4.965659485745228267e+03
-5.716909320842920351e+03
-5.375993744529295327e+03
-4.241249211260836091e+03
-2.646745322907577702e+03
-2.610320367652978391e+01
2.129752516454410397e+03
4.008273343256572844e+03
5.643325438863233103e+03
6.468669398505307072e+03
6.601334875071612259e+03
5.347040008154054703e+03
7.608943648239704089e+03
3.644058898028470594e+03
-2.245646875730351439e+02
-1.961071203236944029e+03
-2.108423548199571087e+03
-8.083472720545815946e+02
8.069844532754488000e+02
2.112482026546023917e+03
2.556905242104486661e+03
2.551975129685719367e+03
1.921344442316519235e+03
9.650017436269499740e+02
5.643636988694014462e+02
3.352183815469880983e+02
5.419450232753692944e+02
