1.542029566327007741e-03
6.804737906987989859e-03
2.927070251604915220e-03
6.906094289710521840e-03
7.675244097662917153e-03
1.041261815796336310e-02
2.169866034023783946e-02
2.494880013202729549e-02
1.587509025939180460e-02
2.069742357674305561e-02
3.391517377172433012e-02
3.569078455544002354e-02
3.886724415505050934e-02
3.259446724957442559e-02
3.756791600749211091e-02
5.149213891891166878e-02
9.941947675579834720e-02
1.544769081939085520e-01
1.142313151744105831e-01
1.526700712441191043e-01
2.797054436460073568e-01
3.064560939652545835e-01
4.512218850755196353e-01
4.265748240997478402e-01
5.276416330040734071e-01
6.005291638333560833e-01
4.984485817394788687e-01
3.855878493608486668e-01
1.758214559802412091e-01
-1.186302383415445139e-01
-6.652182016941228238e-01
-1.005070775467434396e+00
-1.743047213836102394e+00
-2.018033930932309872e+00
-3.108735247348066277e+00
-3.712175592183446504e+00
-4.252454216981022661e+00
-4.811911314038228582e+00
-5.889664966341096708e+00
-6.758786847612644699e+00
-6.842104402921290962e+00
-7.238829413126524059e+00
-9.008677769248274458e+00
-9.032682240134715101e+00
-9.433595077661189876e+00
-9.403948872304718876e+00
-1.046918697049000713e+01
-9.026692459323697904e+00
-7.701537130376935103e+00
-6.562822333034779909e+00
-5.462365399202750105e+00
4.545925037828290050e-01
6.556987855723769520e+00
1.131768357793360202e+01
1.968173770731653249e+01
2.583065776823136517e+01
3.099000698832500689e+01
3.645836942055473884e+01
3.855679606562180339e+01
3.689727521675062150e+01
3.708748799016215969e+01
3.582787589187056199e+01
2.931724617707328662e+01
1.875771656312112867e+01
1.028436255773037011e+01
7.430394920907867906e-01
-8.812607101714011293e+00
-2.034284244392762275e+01
-3.160578350066182551e+01
-3.570062182092031833e+01
-4.215061401277268516e+01
-4.755508382613496110e+01
-4.915857630426197744e+01
-5.927681476729803478e+01
-5.737386220426217420e+01
-5.443749265461190845e+01
-4.951888038798062297e+01
-5.106934966533023612e+01
-4.142219509110277897e+01
-3.210222654028885358e+01
-1.050783131354553035e+01
7.128283128333705143e+00
2.800200527730440569e+01
5.051352404707020582e+01
7.881913847145158059e+01
1.093611110266976709e+02
1.310904509547080465e+02
1.607642233355934138e+02
1.777722901664499489e+02
1.795860972791778067e+02
1.866045489765189700e+02
1.809719821195699581e+02
1.673793806476332691e+02
1.403889201298488842e+02
1.164136166470616160e+02
7.521995409949838063e+01
3.123064530720736443e+01
-1.493660668566884731e+01
-7.222444241760693728e+01
-1.393758107648520763e+02
-1.851459365489817515e+02
-2.563882756829445952e+02
-3.283500113316080160e+02
-3.833384470521487515e+02
-4.601334884525956568e+02
-5.247785707365816279e+02
-5.929358170972984681e+02
-6.561032128982282075e+02
-7.047371822838215394e+02
-7.459610180558397587e+02
-7.596556213312161390e+02
-7.647194690193399538e+02
-7.318452518411083929e+02
-6.455537564218668649e+02
-5.651634937979296183e+02
-4.176359463088886059e+02
-2.531442168919588198e+02
-3.110868206530574298e+01
1.509174178222156968e+02
3.384663706568770749e+02
5.168619055588665105e+02
6.433815321438422643e+02
7.639919012056559495e+02
8.304749897511715062e+02
8.337267785401397759e+02
8.069996509324626004e+02
7.763641585646983003e+02
6.706699810280567817e+02
5.760990943338894112e+02
4.473722426662955058e+02
3.066612509424969630e+02
9.746991296236687674e+01
-8.099327750438774842e+01
-2.872365383613183667e+02
-5.052336594513486148e+02
-7.061695867922261414e+02
-9.236449748952004484e+02
-1.113693654366986493e+03
-1.273663572442537770e+03
-1.474550194749451975e+03
-1.606042471455231180e+03
-1.732789429471361927e+03
-1.759708822708301796e+03
-1.700253599109986908e+03
-1.611739713811607544e+03
-1.498741907888276955e+03
-1.215359647429177585e+03
-8.740347876353281436e+02
-4.362320827562600698e+02
2.871809310083091304e+01
3.992968827503947296e+02
9.361615476522413246e+02
1.318224702822372137e+03
1.794224582182914673e+03
1.926248687251985757e+03
2.161262226276033289e+03
2.300401884267998867e+03
2.218911716231882565e+03
2.144756562602234681e+03
2.028198627496672316e+03
1.785308039917012366e+03
1.532302801739634560e+03
1.158023755225178320e+03
8.605335689852163341e+02
4.157987002923209161e+02
-2.327336823750603756e+01
-4.995957126431648589e+02
-9.510905433438731507e+02
-1.527758929098983799e+03
-2.092164931139944656e+03
-2.629410668692809850e+03
-3.176848720137308192e+03
-7.143470406082098634e+03
-8.662218993709337155e+03
-9.487033302299314528e+03
-9.161588655930392633e+03
-7.800430485950525508e+03
-5.287434861788121452e+03
-2.273798048298871436e+03
1.332953304421905159e+03
4.138084986674650281e+03
6.257749580491393317e+03
7.443088420139700247e+03
7.310941186542598189e+03
6.351987451932209297e+03
4.682683313714138421e+03
2.765311227272302858e+03
8.748829107101346381e+02
-7.536939347321064133e+02
-2.606668926093237133e+03
-3.640986044114994911e+03
-4.022072366053541373e+03
-3.706827636129649818e+03
-3.157696815623688963e+03
-1.800828234585242399e+03
-7.857035730925754535e+01
1.658334846199762069e+03
2.921953554394330240e+03
3.895384615814303288e+03
4.620734727576704245e+03
4.747124067733568154e+03
3.944728407055216849e+03
5.340167495338449953e+03
2.491124962354148465e+03
-2.309336885221412672e+02
-1.394623539558591119e+03
-1.414955906381497243e+03
-6.937419788645242988e+02
5.331467575321273671e+02
1.583375702092489973e+03
1.846612761505753724e+03
1.724109539390930877e+03
1.483389085187196088e+03
6.318178637631408492e+02
4.872751847375330954e+02
2.270193481457455960e+02
3.869889860013179259e+02
-1.674657743461006598e-01
-4.691263677313720765e-02
-6.497847799031333249e-01
-5.953003832419136859e-02
-5.123004333210243733e-01
-1.124990736733548491e-01
-1.139463991693513867e+00
-1.507688248887754101e+00
-1.005137644200258418e+00
-6.138003620642249469e-01
-2.268152722887490480e+00
-2.825715678251035978e+00
-1.615914236278341631e+00
-1.267659996309852044e+00
-4.470209514910152393e+00
-2.603744677436884203e+00
-4.096033876746526303e+00
-3.405561215221490468e+00
1.186494226818617159e+00
7.165694564269712075e+00
1.543574398021761240e+01
2.468993526687293638e+01
3.371424726120292803e+01
4.824316119313873941e+01
5.583826629349042747e+01
6.661432145294666896e+01
8.247779788252384492e+01
9.673621471136684136e+01
1.038613339215960139e+02
1.066800355301805610e+02
1.057331071239431992e+02
9.479685789551886899e+01
9.684535934380542699e+01
7.141624662756757402e+01
6.239270466832793005e+01
2.729432339037007083e+01
3.048307475541537137e+00
-2.113414868536316860e+01
-6.661973611151431385e+01
-9.512572560201216731e+01
-1.335570880200441479e+02
-1.602464791502074775e+02
-2.107170621144432801e+02
-2.576868347949344979e+02
-2.990093988178398376e+02
-3.498250886037328655e+02
-3.853202833565400738e+02
-4.320729146380090242e+02
-4.649787308116976874e+02
-4.687890807107455089e+02
-4.328542760978994011e+02
-3.911681017096456117e+02
-3.222734455183768318e+02
-2.284682377865232183e+02
-6.205446064623186686e+01
1.138981793153741222e+02
2.740790110290473081e+02
4.311078896761455326e+02
5.696942243094786136e+02
7.578727759674166009e+02
8.766606249960132118e+02
9.754909715310607226e+02
9.282420966977531407e+02
8.629179534563668312e+02
7.478007814099055395e+02
6.136653166782950848e+02
4.316134681909741175e+02
2.977141775741588958e+02
8.840353779878908824e+01
-1.356381124935365960e+02
-3.477467325427611513e+02
-4.871716971791757942e+02
-7.427453334806070870e+02
-9.173461897873891076e+02
-1.049694773788318116e+03
-1.189260747284145509e+03
-1.323801256176288007e+03
-1.443215134668078235e+03
-1.462159646769584697e+03
-1.431058752081631610e+03
-1.338125481796813574e+03
-1.251856797398781964e+03
-1.046814994976291928e+03
-7.218960322052455467e+02
-4.561981175287336328e+02
-5.015487486288841978e+01
2.896747895724204227e+02
6.425426928658541783e+02
1.067287806490523508e+03
1.450849725387691024e+03
1.733695807766870075e+03
2.033703997417688697e+03
2.283900945943978058e+03
2.438840710838340783e+03
2.553348772065296998e+03
2.570763678214687843e+03
2.613183234205464032e+03
2.542093351053161769e+03
2.491838743275283832e+03
2.243305105282992827e+03
2.020833971872410984e+03
1.663592946192752606e+03
1.332363723503767460e+03
9.602691257430461746e+02
5.188482782466571734e+02
-8.135461824116532625e+01
-6.282283612660837662e+02
-1.260356570523132632e+03
-1.822723976094136560e+03
-2.339018446515975029e+03
-2.982233718034342019e+03
-3.436409945113347021e+03
-3.713188235698856715e+03
-3.896667162508786987e+03
-3.299015500127197811e+03
-3.161800427252559075e+03
-2.828091052356540786e+03
-2.346244316221098416e+03
-1.813869787163498358e+03
-1.127771202125976515e+03
-4.626488546000971951e+02
1.501895325310393048e+02
7.027542021633805689e+02
1.269941341978477794e+03
1.743264566469689498e+03
1.946404666700800590e+03
2.371406229286169037e+03
2.439342925411830038e+03
2.609699624491490795e+03
2.605600190432036925e+03
2.730931518552283706e+03
2.586907116004778800e+03
2.531650749737041224e+03
2.310490926369395311e+03
1.897913305224694568e+03
1.550425486530564513e+03
1.218047387942310024e+03
5.209286383204032518e+02
1.356347710899383969e+02
-4.452334370795353493e+02
-9.601489327077305234e+02
-1.528663044607411848e+03
-2.016815986525215294e+03
-2.350747982566701467e+03
-2.999705955325037394e+03
-3.055771852399098861e+03
-3.119208968752296641e+03
-3.038127380715552135e+03
-2.818971875026073576e+03
-2.592841350642300768e+03
-2.078967866639770818e+03
-1.485282406056914169e+03
-9.386487357856739209e+02
-3.567894809603533304e+02
2.759548503147236715e+02
7.488720611962056637e+02
1.165067835499494777e+03
1.505466846267769824e+03
1.904797265277889665e+03
2.012689554450067135e+03
2.215581231201089849e+03
2.337567978745308210e+03
2.508296293578160203e+03
2.514269743195548926e+03
2.341865772849505902e+03
2.394494757217155438e+03
2.140055245312646093e+03
2.122359964744242461e+03
1.962669049071980908e+03
1.518305012490893432e+03
2.212838503498528098e+03
1.123707894827868586e+03
-4.940433801314860034e+02
-1.747085017044146525e+03
-2.622987607783028579e+03
-3.092521077243728996e+03
-3.221435426123634443e+03
-3.016246775036146119e+03
-2.053380319300714746e+03
-1.174861904143349648e+03
-3.594317860786587175e+02
7.103791302282758124e+02
1.040171732248981016e+03
1.541904870167588570e+03
1.804827268206186091e+03
1.708642220868949835e+03
1.375823708359645025e+03
1.308075757020580340e+03
7.707940401027257167e+02
3.253609187948295016e+02
4.093517632865824929e+00
-5.531187020088011650e+02
-3.847575512260291930e+02
-8.000795400108358990e+02
-7.691669784215091568e+02
-6.758080831125131454e+02
-5.668313742548677965e+02
-2.370065033726754677e+02
-1.228345893800330089e+02
-1.623562403137855270e+01
-3.589731461206074670e+01
-3.702792788949052039e+01
-1.070562004061398653e+01
-2.157073066668849037e+01
3.082619896994190700e+00
6.674752010019537884e-01
3.073971999885658057e+00
1.122099664975996092e+01
2.121677878378521598e+01
1.902412720639183874e+01
9.655580606076227923e+00
6.263712280165975699e+01
5.215943087862054028e+01
4.646374774309492750e+01
5.340957870920930617e+01
-8.407405359334939021e+01
-1.873070524415299687e+01
-1.567519035715575342e+02
-8.777952256504671880e+01
-9.821396165229670316e+01
-4.792240091491994036e+01
-5.684707003564217587e+01
-7.179934967621817066e+01
-5.772065920139626272e+00
2.369782177947942614e+02
2.902726105961386338e+02
3.678112960257489021e+02
6.047156370091560120e+02
8.642781973075482256e+02
1.038578945110196628e+03
1.217750177502006864e+03
1.305661925261548731e+03
1.578990928570102824e+03
1.643462313775943358e+03
1.778166481547613103e+03
1.874449247305086828e+03
1.915863121732749278e+03
1.902046553491632949e+03
1.847242111507573554e+03
1.756001896055790894e+03
1.541151055074961960e+03
1.401218180939508784e+03
1.164800012446159826e+03
8.586661225662795687e+02
5.824061778744128333e+02
2.577099422963937059e+02
-1.511502895246778166e+02
-5.983495706799315030e+02
-1.073286107078620034e+03
-1.535886778682087197e+03
-1.889238017265486405e+03
-2.265834274067921342e+03
-2.489056852385864659e+03
-2.468764867833697281e+03
-2.356156765206307227e+03
-2.179331020568898566e+03
-1.679351705051284853e+03
-1.200457868456967617e+03
-9.241597813685901883e+02
1.838569263694878657e+02
1.307023999723402994e+03
1.916375064821011392e+03
2.754363215162934921e+03
3.711820892806904794e+03
4.469180287336258516e+03
4.745644758826297220e+03
4.884800995818733099e+03
4.981674309268596517e+03
4.878476251547674110e+03
4.697671481221524118e+03
4.292568892612088348e+03
3.848088266567584924e+03
3.238355933814974833e+03
2.472949349608379634e+03
1.752083682802192470e+03
1.071494985859151484e+03
1.525994445320893647e+02
-6.717485119121387243e+02
-1.342583465236034726e+03
-2.221736969639933704e+03
-2.819175904036948850e+03
-3.223156626241186586e+03
-3.615881887736808494e+03
-4.030912118679962987e+03
-3.985358965808970424e+03
-3.831993834202408834e+03
-3.548588884226958726e+03
-3.192091302069049561e+03
-2.580957042176079995e+03
-2.208805034404835624e+03
-1.456527763742032448e+03
-1.027387136049308992e+03
-3.240192997904965750e+02
1.953884241997186564e+02
7.213676299201288202e+02
1.268363546741123855e+03
1.766108837802104063e+03
2.042672879683150313e+03
2.396164881442616206e+03
2.888299024104763248e+03
3.247145794441501039e+03
3.266129186489923995e+03
3.651357627558169042e+03
3.593953438301969527e+03
3.701444611843661278e+03
3.350626116481090776e+03
3.354015656660750665e+03
2.630496723390247098e+03
2.145627059562788872e+03
1.631137948314046753e+03
8.886633310120546412e+02
3.038374980672274432e+02
-5.106751883280562652e+02
-8.919535895527144476e+02
-1.195100808009799948e+03
-1.670379477962220562e+03
-1.989175729146109006e+03
-1.939929893040903607e+03
-2.066977315632025238e+03
-1.962841114655004958e+03
-1.892579143295392896e+03
-1.700893255715169289e+03
-1.449446386426096069e+03
-1.366224389012539177e+03
-1.049018455774046743e+03
-8.282261968517670994e+02
-7.614494708125290572e+02
-3.612141624895230620e+02
-1.422227062697377278e+02
2.419035548397895141e+01
1.433646848529671729e+02
4.327361321871167092e+02
4.870493683068973496e+02
6.623399886597003388e+02
8.012548295420065187e+02
7.265502772317901190e+02
7.830112174607411362e+02
8.997718444934749868e+02
8.556071492649191441e+02
8.336095488032491403e+02
7.266727560317718826e+02
4.947428677649584756e+02
4.422273756471283832e+02
2.353929894261504785e+02
1.492862009952903861e+02
-1.269553747271042710e+02
-2.453012020401529867e+02
-3.657252438786118773e+02
-3.995103545751338174e+02
-5.347679513178973139e+02
-5.390437723856568937e+02
-5.704106941484271829e+02
-5.899115119659485345e+02
-6.225116440508452342e+02
-4.707712203880531092e+02
-5.779899493175063299e+02
-5.338123736114633857e+02
-4.117728507505478888e+02
-2.253630238401907775e+02
-2.551055595981921158e+02
-1.830097222458364854e+02
-1.732727626622311448e+02
4.888711144139673337e+01
3.110628170581696850e+01
-7.422017582543571734e+01
-8.389156837873573025e+00
9.541665657769718223e+01
2.337773829967252368e+02
2.131132968355159107e+02
3.542384670416109884e+02
3.842805164631811294e+02
4.314905115501185264e+02
2.174603811264162232e+02
1.944813337290212303e+02
5.790170267562427142e+01
-7.386758451902443312e+01
-7.120326694372373311e+01
-2.004916997121398765e+02
-1.466257716575251209e+02
-2.908207035363873274e+02
-2.901597541337546318e+02
-2.030743589352623246e+02
-1.243967131937355077e+02
-5.309276029760000881e+01
-2.898275424135731981e+01
-3.164057209010320548e+01
-4.353675620510283117e+00
6.757146436597449224e+01
-3.617988950660712533e+01
7.445560849559780081e+01
-7.341975079428028295e+00
1.182403534156360259e+01
9.305226338607660352e+01
-7.844711061196491642e+01
-2.975568163477028705e+01
-6.039165617855282164e+01
-7.282461369446168931e+01
-5.255319319405472100e+01
