2.041868662615343305e-03
8.773281381576342533e-03
5.473403444612434492e-03
1.207498159001947277e-02
9.046777970075482386e-03
2.044934128763845060e-02
2.435586613193994887e-02
4.683152290559352941e-03
2.865812419265699809e-02
4.154339257732175134e-02
4.829732404926972283e-02
5.275365251453057597e-02
7.392311827962741444e-02
7.847559092516875889e-02
7.980898505332988113e-02
7.814740681362758457e-02
2.129410490807412126e-01
1.941474661437138649e-01
2.389773989145397015e-01
2.745374997402649231e-01
3.074222378652370913e-01
3.234277688260784323e-01
3.589187584702770439e-01
3.821317441461253295e-01
3.878184831970680202e-01
2.807272530027333790e-01
2.694168480961770529e-01
2.416201268567603755e-01
1.126492277133558789e-01
1.679007799967184023e-01
-1.314183983088328123e-01
-3.553984849495986920e-01
-5.019192086278608800e-01
-9.909546415392083141e-01
-1.505478500633394390e+00
-2.454892590652059781e+00
-3.021776332216786987e+00
-4.457744324998831331e+00
-5.889956194289514890e+00
-7.879346059174332062e+00
-9.865115466627610630e+00
-1.250312985442535307e+01
-1.588423947506668199e+01
-1.820619295032440732e+01
-2.137208184925396282e+01
-2.308025351579554041e+01
-2.335211594071818553e+01
-2.090744106841017214e+01
-1.698532305981739299e+01
-6.386919423654020989e+00
8.111111929990481029e-01
1.197665812569773003e+01
2.267202788854957163e+01
3.188478845834389119e+01
3.675873126349564757e+01
4.093831572114551420e+01
4.147915504569034795e+01
4.296586879888556609e+01
3.928745365553118063e+01
3.674311701201700231e+01
3.349836822495878863e+01
2.796950324632424056e+01
2.020379055299310167e+01
1.145905988208079584e+01
5.728564155314615824e+00
-3.791898766457989289e+00
-1.425854431278266432e+01
-2.157432712271052111e+01
-3.320609202025494966e+01
-4.488456394257458015e+01
-5.858489140664351424e+01
-6.827293080665292280e+01
-7.741231910259540427e+01
-8.476138733711508166e+01
-8.909395347231365747e+01
-8.361434327455083348e+01
-7.048018986100137795e+01
-5.149215140190231210e+01
-1.972815839886579425e+01
1.224898971783194135e+01
5.352314729318919007e+01
8.612903779276780369e+01
1.239052511237787400e+02
1.494005013218945805e+02
1.755977419425499875e+02
1.866232500322040266e+02
2.023374667088903038e+02
2.124214237124906219e+02
1.991639309225602119e+02
1.897493845832414081e+02
1.716618968293440162e+02
1.478163459133025128e+02
1.191693375539878303e+02
9.747920755606415355e+01
5.870492952211104409e+01
1.781142581954293291e+01
-1.788639915359197374e+01
-6.869740387405499860e+01
-1.253890446486135914e+02
-1.835242194788833672e+02
-2.461212855088077447e+02
-3.177532101168541203e+02
-4.030107439987320390e+02
-4.990131056421693643e+02
-5.901888061621513089e+02
-7.060895747155368554e+02
-8.009433773570495987e+02
-9.112887282280260024e+02
-9.974833048691946260e+02
-1.074058339920657545e+03
-1.121288976022688303e+03
-1.130653023665331148e+03
-1.070068649005746011e+03
-9.316172956528771465e+02
-7.342140044710714619e+02
-4.891829961619355345e+02
-2.245458868418412806e+02
6.147446167484977764e+01
3.812981752725307842e+02
6.215194476043988061e+02
8.546822346859396475e+02
1.012500173573204506e+03
1.086475708175604723e+03
1.130999593086819004e+03
1.134649475361387886e+03
1.024471279366622412e+03
9.156520602450236765e+02
7.982824080306601218e+02
6.302064201294419945e+02
4.263475228988265826e+02
2.550539282651174915e+02
3.966790687042065144e+01
-2.258350200104136150e+02
-4.431586842361703589e+02
-6.786966020542740807e+02
-9.781156301744020993e+02
-1.249703092088937183e+03
-1.552965548008462747e+03
-1.766144050049872703e+03
-1.988781689158423887e+03
-2.154621092977956323e+03
-2.320763921876911354e+03
-2.379095809426994037e+03
-2.338063493067137642e+03
-2.223977832487837986e+03
-1.956290146056353706e+03
-1.612622273136773174e+03
-1.031450278555397290e+03
-4.454009632645265242e+02
1.604558881261977490e+02
8.155038235258555233e+02
1.424653030374133323e+03
1.926193060900824776e+03
2.411403818368041357e+03
2.706563241962893699e+03
2.916957308669009763e+03
3.007961492590782655e+03
2.943613252592723256e+03
2.842585733561282268e+03
2.609275262611990456e+03
2.340114811909793843e+03
1.851005864926610229e+03
1.478498792958313061e+03
1.018283565944294196e+03
4.402788661550275151e+02
-1.406567953392149377e+02
-6.789588639363545326e+02
-1.412887782344075731e+03
-2.108306473506477687e+03
-2.737821979448055117e+03
-3.515896977432066706e+03
-4.092507295312129372e+03
-9.559325830244690223e+03
-1.136944224841327559e+04
-1.221635722987287227e+04
-1.201765444960594687e+04
-1.036530686504751066e+04
-7.127540325891445718e+03
-2.669537286318303359e+03
1.796278540479793264e+03
5.452564554611101812e+03
8.152685265668077591e+03
9.342475271517247165e+03
9.318959521610664524e+03
8.108854069860815798e+03
6.038541508044611874e+03
3.658732894828652206e+03
9.213581967926799052e+02
-1.181165476609092821e+03
-3.307719226404874917e+03
-4.586644060048099163e+03
-5.456731849683034852e+03
-4.800138473183282258e+03
-3.993947616864662450e+03
-2.358631588964018647e+03
-1.166812745282771573e+02
2.119845588281235450e+03
3.733016714084418254e+03
5.028427538866357281e+03
5.972994621318909594e+03
5.964365633286939556e+03
4.906289374107053845e+03
7.297585088943964365e+03
3.595999921036696378e+03
-6.124127432390550041e+01
-1.995784092674058002e+03
-2.056768854928761812e+03
-1.097082869183733919e+03
7.914347112141605294e+02
2.075182121020748582e+03
2.813794617749411827e+03
2.533374404619717097e+03
2.144495238286964650e+03
1.242031748598039258e+03
1.012987379732389286e+03
5.157949312186456154e+02
4.160274994054151421e+02
