2.811598424923975569e-03
1.232030937656084131e-02
3.448816420189285657e-03
2.003493855545128086e-02
2.055296030968822851e-02
5.433790708295718058e-03
2.067386465745060450e-02
2.651801372039354690e-02
2.512731320084938061e-02
2.109148930785251577e-02
4.300998378394859517e-02
6.100098042187623165e-02
4.351889642807393876e-02
3.817343008194667986e-02
1.338817392093382408e-01
1.633808055160579364e-01
1.234698792431997566e-01
1.719844673244819433e-01
3.285799047179017163e-01
3.092875504744849735e-01
4.548366290338584639e-01
4.607654860696756005e-01
5.329863474840891291e-01
4.837350085770273922e-01
4.529827126645261104e-01
3.399056833136583355e-01
8.448308217080559290e-02
-1.639131448839079574e-01
-6.505900113582896438e-01
-1.175797281573228048e+00
-1.658314571962541839e+00
-2.077759842647115107e+00
-2.786455182484457893e+00
-3.587525038452364257e+00
-3.989930525013845486e+00
-5.539985395889891251e+00
-5.904284500807353453e+00
-6.417564413508527466e+00
-6.858220816848670687e+00
-7.794688634220933388e+00
-8.390007063302789447e+00
-8.421061871770334051e+00
-9.590559605677672295e+00
-1.005115891020754226e+01
-1.005828379216531943e+01
-9.631189139571567637e+00
-8.813015213051684782e+00
-3.879673969492847263e+00
-4.175467874712868621e+00
6.507700436333230254e-01
6.012548998578412629e+00
1.082340224303035114e+01
1.652523286119048862e+01
2.330507939057047295e+01
3.082928943963000634e+01
3.628499522729797633e+01
3.751714277454606616e+01
3.752581027009303227e+01
3.934047278262033132e+01
3.553568097607449516e+01
2.818558468230623859e+01
1.823041896106503756e+01
8.106681899927002277e+00
-1.302747038907594579e+00
-1.206800835505755209e+01
-1.897356534613568968e+01
-2.798609707947447234e+01
-3.558997317693227558e+01
-4.697950023311502576e+01
-4.583859043293758617e+01
-5.243361760642363123e+01
-5.378466810031315504e+01
-5.918366683007533169e+01
-5.673082717425357657e+01
-5.218747957025522055e+01
-4.975567717503273713e+01
-3.474169444273280050e+01
-2.841986629846043400e+01
-8.962681583102536820e+00
1.454178736241612091e+00
2.761692556166444490e+01
4.398853089737004041e+01
6.996357114856554915e+01
1.011464842192595626e+02
1.377166470950720338e+02
1.628091947374700794e+02
1.754997330570293173e+02
1.862909174152430296e+02
1.873052036774895441e+02
1.859699179495127623e+02
1.607837494870269097e+02
1.469395623111786051e+02
1.185493111052541479e+02
7.393733462130647638e+01
3.702739344250701947e+01
-1.725871585115405793e+01
-7.226836041062134086e+01
-1.251169558309645566e+02
-1.896372182696975131e+02
-2.541468962818528041e+02
-3.291136125164944701e+02
-4.024375686478462626e+02
-4.579293140222585521e+02
-5.416779320886164442e+02
-5.772970556860609577e+02
-6.443590119824294788e+02
-6.828586804460187523e+02
-7.314810522837850613e+02
-7.477709601523507672e+02
-7.362045139836485532e+02
-7.148838265955384941e+02
-6.303688680421483923e+02
-5.354945245709349138e+02
-4.012335902101550573e+02
-2.509582925571482974e+02
-9.182773972846997879e+01
1.456360483567806909e+02
3.147753196000905973e+02
4.940231591873081811e+02
6.477017729590650106e+02
7.346599031715460342e+02
8.229308895023185642e+02
8.812653147723698339e+02
7.954664713891334031e+02
7.475903806222095227e+02
6.618565154567746731e+02
5.743272021112140919e+02
4.185620227719853688e+02
2.932520814395862772e+02
1.100441587227918347e+02
-1.016590449340448714e+02
-2.608078299069975401e+02
-4.416714094539024131e+02
-6.686138952896745877e+02
-9.119950525287645178e+02
-1.094671696581790229e+03
-1.259828743925747631e+03
-1.445192267646210212e+03
-1.548856286593671939e+03
-1.657077609860905795e+03
-1.739217768985618477e+03
-1.660406844255275018e+03
-1.617252174598476358e+03
-1.442619505661882840e+03
-1.208669189002764142e+03
-8.027912340536856846e+02
-4.080605041878174575e+02
3.545772038538681059e+00
4.429763348777163401e+02
8.899462082302011368e+02
1.256377390515635170e+03
1.613682841624162165e+03
1.887717302064840624e+03
2.072407125285609709e+03
2.128063465523998275e+03
2.131591587069513025e+03
2.081632813950062427e+03
1.985169463811280139e+03
1.737249717737634910e+03
1.412132359526940036e+03
1.178508226475593119e+03
8.426144668723162567e+02
4.136399443547315968e+02
-3.150182563544952785e+01
-3.983018900937561284e+02
-9.753158625906818315e+02
-1.464128731454245099e+03
-1.938112476476508391e+03
-2.512333853875689783e+03
-2.938127729905437263e+03
-6.808739236945143602e+03
-8.182476277435888733e+03
-8.771223267623134234e+03
-8.559376654233294175e+03
-7.469593431811801565e+03
-5.183533915293951395e+03
-1.878481676716773336e+03
1.081840143900743897e+03
3.739170271557543401e+03
5.762973074138960328e+03
6.663074574746469807e+03
6.678127164063951568e+03
5.775917639245769351e+03
4.296223592418701628e+03
2.756792387123601657e+03
7.690477016782953115e+02
-7.474743840226674365e+02
-2.484600847222353423e+03
-3.345304492031367317e+03
-3.821939443671316894e+03
-3.435607033609634982e+03
-2.729670404454596337e+03
-1.777467714823204460e+03
-5.183811211805210206e+01
1.367203124060991740e+03
2.570976035496170425e+03
3.558223055793780986e+03
4.244407159900870283e+03
4.235355724134034062e+03
3.532352936546175442e+03
4.955901567116923616e+03
2.539985880397708570e+03
-9.730564105049168688e+01
-1.328521019418172500e+03
-1.360695862116531316e+03
-6.823994310233505303e+02
6.388195917311124958e+02
1.501426335701704602e+03
2.010028370778634326e+03
1.911019738286054690e+03
1.547403525095391160e+03
9.315412764960919958e+02
6.558013891062995526e+02
3.562320538812199970e+02
3.540670795529389920e+02
-4.097471168387580021e-02
-8.686937077482862479e-01
-1.512966434183212749e-01
-5.867203905043264500e-01
-1.935093515209364845e-01
-5.817338701414626057e-01
-7.051617725722144625e-01
-1.323264226026005019e+00
-1.300428614351848644e+00
-1.556446416620578477e+00
-1.881561735800137303e+00
1.215458275652643999e-01
-1.356442511682163232e+00
-1.271523683945917860e+00
-3.931705616448126328e+00
-1.642548448988723875e+00
-2.108524361263269142e+00
-2.589462522710346271e+00
8.147101686991844005e+00
7.152779717692919981e+00
1.285094542353241565e+01
2.339621010910562049e+01
3.952574983257837715e+01
4.705787881148951612e+01
5.720745700169398873e+01
6.869503496346783322e+01
8.584120767828736120e+01
8.965858721689309618e+01
9.464238490044246532e+01
9.991474403831459483e+01
9.857213162892237790e+01
9.661779479440271245e+01
7.902509295851582749e+01
6.146213394542110819e+01
4.444978067517933340e+01
3.498125567779555922e+01
8.862444318392702414e+00
-3.738983724682314858e+01
-7.516804915919513519e+01
-9.462649468519640550e+01
-1.454509684998015189e+02
-1.690101569879439296e+02
-2.248893622199208835e+02
-2.558401520190354574e+02
-3.059110259494563024e+02
-3.586372543445833116e+02
-4.131130301257240944e+02
-4.488325526847901870e+02
-4.463337922518967389e+02
-4.810982480615731447e+02
-4.429225293318257286e+02
-4.138274751925887927e+02
-3.263790053152044948e+02
-2.290206148123379251e+02
-7.516560375214650946e+01
8.178550329169812017e+01
2.397278462545143327e+02
4.018964591986107848e+02
6.046601586351802098e+02
8.089803602398174007e+02
9.223533652955816251e+02
9.285775764878385417e+02
9.364327423136422794e+02
8.671233782339726304e+02
7.757312036231232923e+02
6.558023145534710920e+02
4.805965847730043379e+02
3.055712276180523759e+02
8.052920396289405858e+01
-1.497402080897286396e+02
-3.471693931717297801e+02
-5.619595995192837563e+02
-7.054326155545691108e+02
-8.741449414748783511e+02
-1.069429544833162026e+03
-1.207215537867592730e+03
-1.326521142120426930e+03
-1.426573187806945270e+03
-1.415511772466986031e+03
-1.475585174384639231e+03
-1.386080194888638744e+03
-1.254414050007727838e+03
-1.058639461033977341e+03
-8.025982869061107294e+02
-4.608395503065774506e+02
-4.140723267939648622e+01
3.170517852992946928e+02
7.749305780410523994e+02
1.111987993721742441e+03
1.506414675281754626e+03
1.793808880379988068e+03
2.103389000941862832e+03
2.443295391660950372e+03
2.512665380168955380e+03
2.653719681866034080e+03
2.722394522638852777e+03
2.716407338600178264e+03
2.609995922337024240e+03
2.545698004732471873e+03
2.274890576172031160e+03
2.064619259102824344e+03
1.782477923084043596e+03
1.364831219335309470e+03
9.945204623871932199e+02
4.367150241566750992e+02
-6.632884869140588080e+01
-6.211601425426173364e+02
-1.194706357526761394e+03
-1.902567104153228456e+03
-2.551881798888449794e+03
-3.035669848260802155e+03
-3.469453632982961153e+03
-3.879046073248962784e+03
-4.033287582529847896e+03
-3.512561772493058470e+03
-3.382431209485535874e+03
-3.014658978918291723e+03
-2.620515133312307171e+03
-1.964942355381036123e+03
-1.275010694003891558e+03
-5.544902915283659013e+02
8.153162724275556883e+00
7.798526083960097139e+02
1.229416637558758111e+03
1.688382440992180364e+03
2.052125719910148746e+03
2.404288733511939427e+03
2.619171821480243125e+03
2.733178674096270697e+03
2.814974512840149600e+03
2.739238671698608869e+03
2.768095259737128345e+03
2.538134991558556067e+03
2.448505373356094424e+03
2.063203111658247053e+03
1.610061040311814168e+03
1.147205850901852727e+03
6.669870332135456010e+02
1.512229707834459873e+02
-4.986622905251015823e+02
-1.138684064367278779e+03
-1.664660429119715673e+03
-2.151355679063179196e+03
-2.567593940543778899e+03
-3.051124845510489649e+03
-3.358370001339776991e+03
-3.271176235169715710e+03
-3.257395820364476094e+03
-2.925493083869621387e+03
-2.422334234988992193e+03
-2.125889283585560406e+03
-1.483307638647261683e+03
-8.142505808221455936e+02
-4.493060148344472964e+02
9.895028448096464047e+01
7.528260730565393715e+02
1.041217079722358903e+03
1.659153659374175959e+03
1.782015562953371045e+03
2.147983942851112715e+03
2.504497898387388886e+03
2.416566605576822894e+03
2.484115496067940512e+03
2.569750089882299562e+03
2.583049557673184154e+03
2.528539683451647761e+03
2.245093441693833938e+03
2.084727727199129276e+03
1.976886640198237956e+03
1.660138608947700050e+03
2.500669829273275809e+03
9.638705280449826205e+02
-4.859166450643253654e+01
-1.773546128320842854e+03
-2.895430377971708367e+03
-3.353366952905253584e+03
-3.720744033099760600e+03
-3.197517803600887419e+03
-2.306134993523095545e+03
-1.471268579090192588e+03
-3.142678619837641918e+02
2.866767299601734749e+02
1.214364706331539310e+03
1.627737855196173996e+03
1.829947503894460851e+03
1.561704696124953898e+03
1.460942031710871561e+03
1.094983396408763610e+03
8.253482307403901359e+02
5.660300989195131933e+02
-6.338204848952398862e+01
-3.899496561154570600e+02
-7.060035975281388119e+02
-7.583706871737723532e+02
-4.874305573546686219e+02
-6.602128279425999153e+02
-3.954881525409469987e+02
-1.099961848085080334e+02
1.718131830931111637e+01
1.171403378935482564e+01
3.682587362905004547e+00
9.330121393494202664e+00
3.435239272517072351e+01
4.604801128848852443e+01
3.696528514023822964e+01
5.221150901228412522e+01
5.359745802843677609e+01
5.940432743838525198e+01
3.865303036675577886e+01
7.637109811304982543e+01
9.723299796559609831e+01
1.003025805763788725e+02
4.249510831674720635e+01
8.416133474913502255e+01
7.663145480150873823e+01
1.516094031700714240e+01
1.438989440882956661e+00
-1.825666086996278281e+01
-1.263899846379869132e+02
-7.713024398231713974e+01
3.979031519259272187e+01
2.127693126516474109e+01
-7.288225530553346232e+01
6.131317637088302064e+01
1.627098710291402028e+02
4.982833315757750370e+02
5.400269577362893187e+02
8.663014183528988497e+02
1.054111290690490250e+03
1.100792164182275656e+03
1.310416293201208873e+03
1.583516457954023736e+03
1.800814272929806066e+03
1.954175248037513029e+03
1.907614504618067031e+03
1.942156039615171039e+03
2.035196892952442568e+03
2.021880323972236056e+03
1.886343093635439345e+03
1.829132988241037992e+03
1.656391392062542991e+03
1.469487984337413764e+03
1.267557931362050113e+03
1.015609020794446792e+03
6.250173754310443428e+02
1.551788384861337420e+02
-2.021349467057670779e+02
-7.035386527871692124e+02
-1.168609886147991119e+03
-1.605057441209618673e+03
-2.088902111951396819e+03
-2.570722156242010897e+03
-2.525065863455350609e+03
-2.649575207673839031e+03
-2.634676588296904811e+03
-2.387320603809934710e+03
-1.970627980228517799e+03
-1.233660281964676869e+03
-8.289454967385337341e+02
4.234218920751843029e+01
1.141589670958254374e+03
2.168901251146728100e+03
3.105713005976021577e+03
3.959614797003143849e+03
4.442060758789895772e+03
4.896179005006048101e+03
5.226566834745878623e+03
5.509991907872297816e+03
5.285597893588812440e+03
4.949726986189474701e+03
4.500433415040644832e+03
4.039230636522072928e+03
3.539667634405616354e+03
2.690471342473102595e+03
1.839812226035468029e+03
9.600892847267939487e+02
2.135581610212470594e+02
-6.885595166694828322e+02
-1.515471788559692413e+03
-2.305484323117920667e+03
-2.761744827359957981e+03
-3.683251484153073761e+03
-3.985041759573865875e+03
-4.163378502032128381e+03
-4.203806454148172634e+03
-4.199718431813032112e+03
-3.798474091218348349e+03
-3.457617476039913072e+03
-2.683416180729022471e+03
-2.218232669323826485e+03
-1.595110998544829272e+03
-8.829414417400571438e+02
-6.176243535443563815e+02
-2.242111644716388597e+01
1.115029015647622145e+03
1.257815853582144882e+03
2.186053951565880197e+03
2.636387297691445838e+03
2.935582931669729987e+03
3.273950852681089145e+03
3.769546282129231713e+03
3.897165096281918522e+03
3.857578330613004709e+03
3.987865640294624882e+03
3.954530110381990198e+03
3.718498125439753949e+03
3.403752163031952023e+03
2.920341043810236442e+03
2.452994670257808593e+03
1.756331209764527330e+03
1.193013251517532808e+03
3.421691388615474239e+02
-6.758577817591884696e+02
-8.921880220335605145e+02
-1.656666914451789125e+03
-1.821654172058045560e+03
-2.238406424159115431e+03
-2.109041031571913209e+03
-2.455631791844306008e+03
-2.499216339487724326e+03
-2.144716018658185021e+03
-1.885429332379541847e+03
-1.931935410408970711e+03
-1.508614856707654098e+03
-1.466515446769371465e+03
-8.973729736795148710e+02
-7.971230258400203184e+02
-5.458333888223696704e+02
-1.385517085676855409e+01
9.552456785825614816e+01
4.271972719031780343e+02
5.538349789818963700e+02
5.268757789950708457e+02
7.210036613218555885e+02
7.671272404947153518e+02
1.047472801130247262e+03
1.038719021554316896e+03
1.248905647194865423e+03
9.107713329102280113e+02
1.008020475415685382e+03
8.228544838501109098e+02
6.674601075938533086e+02
5.309587866077752096e+02
3.958772683588226187e+02
2.848880412354546934e+02
-1.131333809348444674e+02
-2.795979840130216303e+02
-4.131568871899407895e+02
-5.310950633013064817e+02
-5.517158808266316328e+02
-6.328146775690929644e+02
-5.978866991264465014e+02
-7.356715201774559318e+02
-7.179830563964071644e+02
-4.674083321026222961e+02
-4.371917867247867662e+02
-4.839567490679938260e+02
-3.823456475190012043e+02
-3.234297919795048415e+02
-3.506229070769167038e+02
-2.576859116332768735e+02
-8.892010580560396704e+01
-4.670561006580854269e+01
-1.933297069516401123e+01
-1.138930300536314064e+02
5.843035886723669137e+00
9.623123832218253426e+01
1.995215355541216127e+02
1.916778948075865685e+02
3.795216298790623455e+02
3.644351116538023234e+02
3.509405337321277329e+02
2.891000797991561626e+02
1.121313558815733415e+02
2.278048326031128568e+02
5.894193920297928102e+00
-1.720091263330619427e+02
-2.805615566482155145e+02
-2.290120727218576064e+02
-4.092065211137945653e+02
-2.264838181563545731e+02
-1.264556590946245507e+02
-1.261785864418071554e+02
-1.069439882194553881e+01
-5.562458792751120029e+01
-5.224088886824047506e+01
6.831940041724065793e+01
6.391787848353008172e+01
8.656080636858635557e+01
1.120075988433599576e+02
1.263577310469153403e+01
3.642913329017812885e+01
5.778025503502252036e+01
2.774616207181461647e+01
-3.630544179645532665e+01
2.022247092292716175e+01
5.122438156616603067e+00
-3.554511836397011137e+01
