1.040096787040460311e-02
-2.331480361114179889e-01
-6.867653644958174319e-02
-1.057407508695574344e-01
-1.253586826600465443e-01
-1.690653550653105075e-01
-1.987660413593705655e-01
-2.238491609631902968e-01
-2.559355588191490338e-01
-3.052412911438071585e-01
-3.244666432952080237e-01
-3.365407166439274844e-01
-3.733787642108800653e-01
-3.941703299989597342e-01
-3.716956479269910019e-01
-3.523426899162188097e-01
-6.153562226056638051e-01
-4.642862472612906410e-01
-2.546332709783579173e-01
-1.677920448274865944e-02
1.883232976272559978e-01
3.689538146645086059e-01
5.126836769794095305e-01
4.083531942489017630e-01
2.679316864146455424e-01
-1.360233645381914991e-01
-7.119420263993715414e-01
-1.360785123506771388e+00
-2.239429488757563647e+00
-3.103559463967676013e+00
-3.776707014358636538e+00
-4.489022860746413102e+00
-5.326834694398552728e+00
-5.822212246128915858e+00
-6.213942819435485987e+00
-6.747983654541942045e+00
-7.072010596707957397e+00
-7.328633944333202699e+00
-8.550579762354910685e+00
-8.910047418313233436e+00
-9.750218477073387291e+00
-9.365085628780436267e+00
-8.445458186483126184e+00
-7.592354568466560316e+00
-6.984010686136770119e+00
-6.668538744131504714e+00
-6.687798480966200998e+00
-7.793809225398415919e+00
-8.190613677049302765e+00
-1.120200162066931604e+01
-1.306160485650985592e+01
-1.123954899589105239e+01
-1.268763172785836346e+01
-1.353951686974687796e+01
-1.222542523206066356e+01
-9.664655364091782275e+00
-8.329368405570452438e+00
-6.579477869836393822e+00
-1.759128834189990664e+00
-1.459993258975578190e+00
-9.652504386076572740e-02
1.624830542146951551e+00
2.069510251120612043e+00
4.202857222673200610e+00
7.601902460247534909e-01
1.513383907320257071e+00
-2.194280990656871655e+00
-6.838344420784698841e+00
-9.566134360961726202e+00
-1.534344920794860201e+01
-2.187343331903976917e+01
-2.945785707333059023e+01
-3.463468759773730454e+01
-4.678086672796168699e+01
-5.498357528350155832e+01
-6.682303066217251342e+01
-8.177740188926276232e+01
-9.382998406621976528e+01
-1.030427387503040677e+02
-1.196950923933052593e+02
-1.295178855510106644e+02
-1.463768806835300040e+02
-1.503595742242658275e+02
-1.569023229676144808e+02
-1.542627437493316052e+02
-1.549168688114285999e+02
-1.455950042836282421e+02
-1.456359048607990019e+02
-1.396203854221287770e+02
-1.346731042021975213e+02
-1.201054820611547740e+02
-1.215256605233001750e+02
-1.144986825439437297e+02
-1.166061876508226618e+02
-1.175041927556668355e+02
-1.159479280824734104e+02
-1.285580331203524906e+02
-1.305032327421396019e+02
-1.311105881917787030e+02
-1.289645562057765176e+02
-1.287379124812136979e+02
-1.336943476254839709e+02
-1.277784877883305370e+02
-1.175249208122669273e+02
-1.088378671392503776e+02
-1.170150819671717812e+02
-8.785234795228089411e+01
-6.391320009990594286e+01
-2.440819788145524782e+01
-1.350873589383593121e+01
4.741738076643449773e+01
9.088455276013580431e+01
1.535399913097899685e+02
2.160326527814555106e+02
2.694119763338088660e+02
3.232445346633120948e+02
3.597754988388528545e+02
4.260328112544402757e+02
5.196260944405871669e+02
6.178286614391282683e+02
6.605615139032178149e+02
7.309471168282726694e+02
7.815244148900783330e+02
8.172570382816948040e+02
8.283433902893195864e+02
8.559624236415038467e+02
8.523531572550597275e+02
8.597913419753266453e+02
8.461842113931348877e+02
8.550652098134014523e+02
8.398570556059834189e+02
8.336276591649184411e+02
8.497030009451605110e+02
8.650097895534379404e+02
8.368310227338128016e+02
8.462601832097301440e+02
8.293802550889628264e+02
8.282999570135619933e+02
8.457882590058040932e+02
7.730025001135878711e+02
7.707164718605214375e+02
8.060187629130757614e+02
7.325549273506667305e+02
7.960580197895640140e+02
7.248872657717103039e+02
7.290626577507606498e+02
7.311858899150540765e+02
6.995687271938703589e+02
6.920299009396957217e+02
7.065368000188215092e+02
7.375538046241897518e+02
7.561816827409595589e+02
7.547509106896249023e+02
7.698760387903311084e+02
9.082139907391785982e+02
8.608208760047017449e+02
9.120562493831407664e+02
8.510152390597701242e+02
8.427006685052238026e+02
9.125601319891611638e+02
8.615630014490686790e+02
7.715206544388020120e+02
8.133275042134370096e+02
9.051387899747925303e+02
8.617058606952069795e+02
8.655959792963207065e+02
9.019555007750673212e+02
9.052744089314070379e+02
8.658768858168076576e+02
8.660813938865998125e+02
8.580742305634149716e+02
8.166305669546785566e+02
1.473968214777318281e+03
1.747155138125480107e+03
1.809672976182745060e+03
2.023478314216375111e+03
2.511712886720746155e+03
2.906740303362138548e+03
3.547198247667709438e+03
4.104645066854593097e+03
4.643359955209978580e+03
4.848482205956481266e+03
4.908736403218750638e+03
4.677975747654551924e+03
4.645132021479553259e+03
4.151916824877333056e+03
3.299283302415364687e+03
2.755311720747583877e+03
1.590397357412328802e+03
8.203686374674632589e+02
2.670436623843967823e+02
-5.979197352346692469e+02
-1.543028324695114861e+03
-2.405813168706542001e+03
-2.729406440367466075e+03
-3.253232669983514825e+03
-3.320303434108277088e+03
-3.122204212323537831e+03
-3.213753019515720553e+03
-3.291019005522440239e+03
-3.266634274793155328e+03
-2.060915379879757438e+03
-4.609929579491295044e+03
-4.723327132738473665e+03
-5.112147880159231136e+03
-5.694854806500110499e+03
-5.745636120369762466e+03
-5.511508450051230284e+03
-5.471508853076774358e+03
-4.719541003644355442e+03
-4.520470331162346156e+03
-4.179772932685471460e+03
-3.710470522833478753e+03
-3.288564803204044438e+03
-3.155500981179057817e+03
-2.828234874734597724e+03
-2.699669977322903833e+03
-2.442398857913128829e+00
-3.120078569236243826e+00
-6.828398968917002598e+00
-3.968260702427954367e+00
-6.435538632862361830e+00
-1.013962862004155241e+01
-8.124670046208974483e+00
-8.582196174761685725e+00
-6.365318783942447212e+00
-4.221365272769251220e+00
-6.034795396227917941e+00
-6.537664997554605506e+00
-4.952978298722417350e+00
-3.348287018698694606e+00
-1.306321637479967768e+00
1.639644517794967982e+01
3.524968355090614125e+01
6.184991042997815214e+01
9.375424944669414629e+01
1.261888230978066900e+02
1.620019647702252428e+02
1.916864026793108451e+02
2.266520268022684377e+02
2.522752162032205661e+02
2.621345403992086744e+02
2.711342589106535002e+02
2.735709757171056253e+02
2.617466807441948617e+02
2.543633153404281870e+02
2.254691595826602395e+02
2.056090764456133400e+02
1.777230296224263952e+02
1.402039204550785314e+02
1.287941286599281057e+02
1.031668467357706049e+02
6.379068858822412835e+01
5.547475485312194365e+01
2.557849240760426923e+01
2.245045142133426808e+01
8.616667830359491020e+00
-4.127947760164215052e-01
1.870182422956655710e+00
-2.368018380891249919e+01
-3.208003050497429598e+01
-4.492602960863622741e+01
-4.382147009295850637e+01
-5.509735502696126730e+01
-7.331692238077123136e+01
-9.221295905934509562e+01
-9.011901652486015735e+01
-1.178293434900240726e+02
-1.308194212101071514e+02
-1.110051574671474270e+02
-1.169344656865199994e+02
-1.149458040088266841e+02
-8.564466534198882641e+01
-1.405031524359376860e+01
3.749538964060541701e+01
7.543895353472657916e+01
1.274826940482839888e+02
1.853852705699363810e+02
2.561300683715373907e+02
3.068932871042256352e+02
3.805498720817960816e+02
5.260845407560973399e+02
5.914913769563357846e+02
6.888880309421383572e+02
8.120188433665010734e+02
9.545037917817484185e+02
1.094361056083165067e+03
1.206961027274819116e+03
1.314413008358802017e+03
1.409120263420653146e+03
1.483840160805067171e+03
1.489817597656754742e+03
1.503375340390423844e+03
1.482404775448284909e+03
1.508644073061998824e+03
1.480748651994153533e+03
1.384210091713769543e+03
1.422270894408350841e+03
1.374378103782510379e+03
1.290741315593759282e+03
1.257640475951749750e+03
1.301975089036728150e+03
1.229533234695412148e+03
1.202948164878547686e+03
1.220117600247591099e+03
1.227113343767002334e+03
1.205907962417034469e+03
1.282804611317904801e+03
1.212772462357456334e+03
1.197853795039966599e+03
1.245867599271381323e+03
1.190876615507957240e+03
1.135739692056645254e+03
1.083373909796610860e+03
9.988188915378447064e+02
8.864938818534008078e+02
8.168623523425658277e+02
6.368186925899550488e+02
5.416429405560669466e+02
4.782169130390576584e+02
3.111223262038969892e+02
1.856012082624737616e+02
3.111449771505491313e+01
-1.280417816191315694e+02
-1.544929912564774668e+02
-1.504457757030074276e+02
-2.470414724752935456e+02
-2.468539324008268352e+02
-2.508219616007627337e+02
-1.639793160782088819e+02
-2.516438169357180072e+02
-1.221496899332280464e+02
2.328766579556227967e+01
2.292239473036183597e+02
4.506649105560955491e+02
7.339934780652682775e+02
8.180548286726163951e+02
1.059905160384561441e+03
1.333682143782919866e+03
1.471412284830933004e+03
1.587280179841028939e+03
1.639618368504921818e+03
1.745256730762462212e+03
1.793381738647490920e+03
1.844725836982261399e+03
2.003270915435766938e+03
1.931017139680795708e+03
1.900327803768932654e+03
1.809560975716480471e+03
1.748935925805805255e+03
1.770139855914730333e+03
1.657668951967589692e+03
1.619371214202889860e+03
1.650751949247896391e+03
1.662496676110602721e+03
1.545833409039500339e+03
1.453926637671589560e+03
1.506510568453490350e+03
1.395217778864388720e+03
1.452696972499689537e+03
1.369854573411286765e+03
1.239151323414357876e+03
1.141501983576198199e+03
1.258759401956454212e+03
1.242659840068299218e+03
1.241001194610240645e+03
1.310170936161846612e+03
1.359783390627898825e+03
1.257625878278357732e+03
1.416185871127941709e+03
1.509158648140076593e+03
1.477998665329444066e+03
1.500945574777801085e+03
1.424950526448936216e+03
1.552173538280451339e+03
1.526357138892213243e+03
1.420950629306701785e+03
1.497948089993149779e+03
1.627714911215505481e+03
1.576217667672901371e+03
1.447588067921959464e+03
1.389780191214204706e+03
1.270469170353699383e+03
1.164843158904673373e+03
1.150418786265320477e+03
9.235580455053171818e+02
8.711130189343310803e+02
1.416371446601219986e+03
9.489457471140964344e+02
5.633271375531087415e+02
1.057599902751382928e+02
-2.012343182443192120e+02
-4.035955619372483056e+02
-6.406219784572130038e+02
-4.785520133844313477e+02
-4.262537751304313360e+02
-2.094573852005395906e+02
2.568710309419072360e+02
3.002474917013059894e+02
5.536512252387835815e+02
6.992759699365369670e+02
7.784730624427779730e+02
6.239287037573277530e+02
5.794211535103127062e+02
7.302181305091604600e+02
5.535589451864850616e+02
5.690550188929915976e+02
3.638076906413614324e+02
2.197774331522110458e+02
9.061657692899099459e+01
1.246297620646565036e+02
5.429584406057760759e+01
-3.270407777702450502e+00
-1.920390761063375962e+01
9.718652206369212365e+01
-1.791656249281313649e+02
3.627608521044324448e+02
3.644402024370950812e+02
3.270002633486466266e+02
2.018455980255015163e+02
7.190121496600974638e+01
-9.328312830416602708e+01
-2.556225700674618224e+02
-4.288968846151611274e+02
-6.116703926337063422e+02
-7.938894892118311191e+02
-8.763328519011837443e+02
-9.865686980121331544e+02
-1.144423023394519078e+03
-1.275881159354079273e+03
-2.525578379421035152e+03
-2.658399858050709099e+03
-2.766714901522230775e+03
-2.744561209804638111e+03
-2.621763928909495007e+03
-2.463357334556169917e+03
-2.127112700026770199e+03
-1.924522456903117245e+03
-1.420106949031570139e+03
-1.219178456096926539e+03
-9.324684121635547172e+02
-5.538603023802405687e+02
-3.274474706348419204e+02
1.245353317071408270e+02
3.489141535611686322e+02
7.280836933053670919e+02
6.726814333423506014e+02
7.205672719903373036e+02
8.659350076439465056e+02
7.941262759190525458e+02
6.751138934756261278e+02
7.729455983223307385e+02
5.199698317382886898e+02
6.201671859037826380e+02
3.506013287451929159e+02
1.727640161874788873e+02
5.455323640367868165e+01
-1.113062299250337475e+02
-1.231952834768708556e+02
-2.341544407616246701e+02
-2.296877249932493612e+02
-4.189273070029624364e+02
-3.939780930577061895e+02
-4.589927380924477234e+02
-6.305354968212345739e+02
-5.386986478035383925e+02
-6.221924809085668358e+02
-5.672417613214763605e+02
-6.777948638059186806e+02
-5.142618359171872271e+02
-5.176750880068327660e+02
-5.560567169982286941e+02
-4.558036200702192673e+02
-5.532321942347957844e+01
-5.554684913727118101e+01
-2.979008408134061483e+02
3.186780648710622899e+01
-2.542383042708976575e+02
-7.455645616305092744e+02
-8.381857504713140088e+02
-1.136637169802509561e+03
-1.274226069711795844e+03
-1.680853256399648672e+03
-2.160550938990172199e+03
-2.238994696791530259e+03
-2.245194059125027707e+03
-2.131501744648144722e+03
-2.227255308126027558e+03
-2.348157379532143750e+03
-1.942072447190614412e+03
-1.835575600489038834e+03
-1.762191625607607648e+03
-1.520674908944801246e+03
-1.204184780009687529e+03
-1.080682167633868858e+03
-8.788190839018078577e+02
-5.459756210688827878e+02
-2.946645183135520369e+02
-4.396120707959686342e+02
-1.591161388702553268e+02
8.844835283074335308e+00
-3.334140629829578018e+01
1.587748164304424847e+02
4.155451175053797463e+00
2.445491147689739364e+02
4.265454918592703280e+02
5.999690655084477839e+02
4.190789256903010482e+02
6.705533900820151985e+02
8.116718902448174049e+02
9.557851699992054364e+02
9.885574812038471464e+02
1.175342954916904773e+03
1.275673741449759291e+03
1.302701582489588645e+03
1.299630501575441485e+03
1.395100247205702317e+03
1.409856901365422573e+03
1.307053339084542358e+03
1.409797855746911182e+03
1.294673293587448370e+03
1.086232509791119355e+03
9.071373224388707968e+02
7.733532305813981793e+02
4.732844534612372627e+02
1.843185953011023628e+02
-1.799568360941880201e+02
-1.317455903105568460e+01
-1.521734450804242442e+02
-3.404263126716861620e+02
-4.085756005336787666e+02
-5.171502492993317901e+02
-4.887702102431246090e+02
-4.568528394049494636e+02
-3.946271296155028381e+02
-4.411113335613889035e+02
-2.155991199761720907e+02
-8.963752850646496029e+01
-1.284931395526164444e+01
5.151971979132788704e+01
7.885013584836838163e+01
2.431524061445781228e+02
2.226724002904521456e+02
5.262438420820534475e+02
5.013299868364774738e+02
6.021533227508634809e+02
7.049460154501488205e+02
6.636350480986259299e+02
7.460892651587998898e+02
8.075441703633149473e+02
8.216955199266761838e+02
9.988984140995730741e+02
7.927630471072500313e+02
8.374353444659824390e+02
7.639860098159150539e+02
7.497537789927022231e+02
6.728561277260804445e+02
5.467187354186997936e+02
5.926605182251887527e+02
5.162773801647850860e+02
4.346741258578280167e+02
4.899656833479060083e+02
4.849862389348787701e+02
2.965555939207107485e+02
2.686976589425851216e+02
3.255291027828801589e+02
3.223354429646067274e+02
1.392526380115222651e+02
1.884675836441523131e+02
2.772277109473108112e+02
2.086437829633622414e+02
1.767383152410435798e+02
1.220735586667809258e+02
1.472876870544352528e+02
1.896803081972445852e+02
2.199533463840150205e+02
1.849758151446999364e+02
2.111240021339477835e+02
2.506374936463735139e+02
2.635088630603354432e+02
3.117588249884288416e+02
3.435859173788795147e+02
1.993232450188739051e+02
2.757449632688767451e+02
2.440483921360815600e+02
2.360377963687609792e+02
6.485456449009070639e+02
5.028256215638936055e+02
5.262521866186756370e+02
5.008377506127836796e+02
2.714806320838549141e+02
3.682748762341445854e+02
2.672541651454835687e+02
1.585638256158993613e+02
1.285173580063164422e+02
1.529840137934619122e+02
1.831997630338116778e+02
4.405634883191725493e+01
1.412137510509046763e+02
1.558712801415528304e+02
1.269954646803796550e+02
1.684653122562111491e+02
2.123435512196446098e+02
1.546411853773043674e+02
7.111137263791826513e+01
5.417102213044168479e+01
7.218010227437952153e+01
7.904446225101840184e+01
1.280938516831199365e+02
6.689953858124741259e+01
5.870872507222919268e+01
6.017586390314132672e+01
8.398391324476461861e+00
6.623256319173427187e+01
2.294394337413658747e+01
