-7.098846710174656904e-02
-1.090886869167544682e-01
-1.296540930688895588e-01
-1.743202262232146638e-01
-2.048367128602257836e-01
-2.307100574685434780e-01
-2.637255884332415090e-01
-3.139281543548060882e-01
-3.340274925341668033e-01
-3.468644371138578930e-01
-3.843789857552689093e-01
-4.058534601993287749e-01
-3.836587815652798272e-01
-3.649506074614791706e-01
-6.379714979369637273e-01
-4.875778329408387846e-01
-2.774510861462096689e-01
-3.879299672823152689e-02
1.672997638669303788e-01
3.488017423272920525e-01
4.938441633554123689e-01
3.865536386090310805e-01
2.434685703192595585e-01
-1.654802752187847781e-01
-7.500599895347833668e-01
-1.406044475290330276e+00
-2.296787020184526185e+00
-3.173669750770573561e+00
-3.859761290625300045e+00
-4.583786690258416563e+00
-5.435016744941768785e+00
-5.946764443580708992e+00
-6.349471358450693437e+00
-6.902340437055014988e+00
-7.239847387491706421e+00
-7.508197444589498559e+00
-8.756537992245839064e+00
-9.134803065619378160e+00
-9.993097904813376786e+00
-9.615873704392758015e+00
-8.709746794310404994e+00
-7.869106951091533908e+00
-7.276677378100032456e+00
-6.978595833080735389e+00
-7.007172887862972210e+00
-8.131225309558319125e+00
-8.560244238794691540e+00
-1.162022896540324624e+01
-1.349102621634567534e+01
-1.168672884531643064e+01
-1.312651585387904873e+01
-1.398123875655869597e+01
-1.266143760626681036e+01
-1.005470209142496607e+01
-8.662271009032515678e+00
-6.857699476697441732e+00
-1.973095946668544709e+00
-1.644659682562179315e+00
-1.981678929159948477e-01
1.576860587043605877e+00
2.042159183113857690e+00
4.261161772113749358e+00
7.944598514271096201e-01
1.569476287536831771e+00
-2.160829313259316820e+00
-6.896307799392356941e+00
-9.643819513740380600e+00
-1.550691215349164587e+01
-2.221229576054371790e+01
-2.986970474183846846e+01
-3.521529833276481725e+01
-4.754519606910709228e+01
-5.597876867207735785e+01
-6.798699396058182742e+01
-8.322999494658522224e+01
-9.554419706206505225e+01
-1.049601596324387742e+02
-1.219631442749434314e+02
-1.320623007328053404e+02
-1.492921117967143232e+02
-1.534887961283314155e+02
-1.602122038899133827e+02
-1.577108942751082168e+02
-1.583518094846258180e+02
-1.490131937634352539e+02
-1.490258833764466146e+02
-1.428032188170899985e+02
-1.376999663067601318e+02
-1.226623855682869646e+02
-1.239148499006402346e+02
-1.164707610324603877e+02
-1.182713844852553677e+02
-1.189205327214451273e+02
-1.169882439141663184e+02
-1.295284483296426004e+02
-1.312376188491513176e+02
-1.316676388092058119e+02
-1.293497603583043656e+02
-1.291345487794073392e+02
-1.341316054844145071e+02
-1.282996874796527322e+02
-1.181903738727402100e+02
-1.098950363618497903e+02
-1.185460860082572623e+02
-8.962699530426220917e+01
-6.609282746669641995e+01
-2.709495741374579936e+01
-1.709839740354828663e+01
4.298002479972105760e+01
8.588440677859799166e+01
1.479209988124707991e+02
2.097066646361395499e+02
2.621543134914742268e+02
3.158488369167239966e+02
3.516833228015534019e+02
4.185511881676628150e+02
5.132825754777786642e+02
6.123635707292467032e+02
6.567718855213231564e+02
7.291094248136087117e+02
7.814997854008764762e+02
8.192396561607973808e+02
8.325624631865765650e+02
8.624765233301625358e+02
8.610370898694243351e+02
8.699427484702624724e+02
8.580933904282367166e+02
8.687654332790815488e+02
8.547810773127573611e+02
8.498568153526285869e+02
8.668240912943358580e+02
8.827178856620406577e+02
8.541795209368910946e+02
8.641358244649585458e+02
8.463853746083009355e+02
8.444112635684257384e+02
8.600140885318269284e+02
7.850341014608754904e+02
7.802090661759424393e+02
8.132025854253428179e+02
7.347283157819969119e+02
7.951227403691015070e+02
7.200218260275473767e+02
7.202930485418908120e+02
7.177993820320558598e+02
6.825312553825110626e+02
6.719052946267254356e+02
6.857371084368890024e+02
7.160786451559796433e+02
7.358224539404579900e+02
7.363016328488793079e+02
7.552558109515903197e+02
8.985150536347236994e+02
8.551218344770027215e+02
9.128297498742450671e+02
8.564188767216527367e+02
8.546261797894907204e+02
9.304449720833257516e+02
8.837063520941186425e+02
7.979466309133141522e+02
8.447792828186297811e+02
9.419887353624410480e+02
9.007234293576121900e+02
9.079610692654931654e+02
9.460236596472451538e+02
9.524604484606704773e+02
9.106857897779483437e+02
9.107229438427076502e+02
9.003368721039992124e+02
8.549244645952564952e+02
1.534182401138897148e+03
1.786180281201104435e+03
1.816842519004606629e+03
1.992487065827289825e+03
2.445518887066785283e+03
2.811054099750525438e+03
3.439795183181066932e+03
4.005825679960654270e+03
4.571006327702664748e+03
4.810666100537026068e+03
4.914320025470441578e+03
4.725833107112656762e+03
4.729547810488370487e+03
4.261650334802475300e+03
3.422203774341967801e+03
2.882284522497230228e+03
1.703270433213387605e+03
9.156504560277545579e+02
3.353514865390279169e+02
-5.652334538891332159e+02
-1.547335882580065572e+03
-2.447989134383200508e+03
-2.797565968995758340e+03
-3.341031835609955124e+03
-3.407711016180655861e+03
-3.201783877778791521e+03
-3.277813769623122880e+03
-3.335491073401578433e+03
-3.292810287116994459e+03
-2.059310990940346073e+03
-4.572598065047081036e+03
-4.664662787911594023e+03
-5.071245651711693426e+03
-5.695218183206570757e+03
-5.784702770024070560e+03
-5.577714051055782875e+03
-5.549180838004149336e+03
-4.784419696542998281e+03
-4.571074988226298046e+03
-4.216595850866749970e+03
-3.732830349081597433e+03
-3.300287224895409963e+03
-3.174976379567727236e+03
-2.847764270069734266e+03
-2.722589466757327500e+03
-2.475796369339456238e+00
-3.171824093906518538e+00
-6.877224395836028847e+00
-4.049474522438898383e+00
-6.505370865886953347e+00
-1.020062475793085000e+01
-8.209068091148759905e+00
-8.685600636388022266e+00
-6.487107993113074400e+00
-4.375836996108292354e+00
-6.197099896545953612e+00
-6.707794133328345509e+00
-5.109529952091482308e+00
-3.519362657064556199e+00
-1.577018548230529227e+00
1.620774661278544215e+01
3.519940992574537830e+01
6.200523458115903708e+01
9.426847137529217946e+01
1.270347001168587866e+02
1.632121394394701497e+02
1.932019952334328252e+02
2.285440210280614792e+02
2.545558494129121812e+02
2.645362490529540196e+02
2.738087969568551898e+02
2.763362137657936728e+02
2.645731802933979111e+02
2.572034654418612831e+02
2.281474805958023353e+02
2.080381891608953140e+02
1.800408621624473255e+02
1.420819150674210221e+02
1.305633868648741327e+02
1.046885953739249828e+02
6.473590001999463084e+01
5.622784702573187587e+01
2.585070366584393042e+01
2.241272363160624437e+01
8.162495187180294209e+00
-1.332966332966146972e+00
9.966369266102138580e-01
-2.524936744383401788e+01
-3.415602583444989904e+01
-4.743545175001042224e+01
-4.681977294582639360e+01
-5.862523693830310378e+01
-7.746737455390039884e+01
-9.678317676647125722e+01
-9.556019075623399317e+01
-1.234468505540013723e+02
-1.370077636093661511e+02
-1.176581915296068246e+02
-1.240309499499896901e+02
-1.216818941413112611e+02
-9.239162611185015805e+01
-2.006121307830464318e+01
3.233497001852315123e+01
7.086150523813321911e+01
1.237652237047750532e+02
1.826778134665223661e+02
2.557007426096568850e+02
3.077175637872507536e+02
3.836148655461700514e+02
5.317565236828693287e+02
5.989929391555848497e+02
6.981629477359075509e+02
8.231238131193625804e+02
9.677727864029976672e+02
1.109597638500669746e+03
1.223580655134735707e+03
1.332140179515523187e+03
1.427099572243234888e+03
1.501859696114527651e+03
1.507068684971930679e+03
1.520455145386504455e+03
1.497957600937960251e+03
1.523061742901996695e+03
1.493065788856320523e+03
1.393007467248290595e+03
1.428741162597581251e+03
1.378010682703281191e+03
1.289692246139487224e+03
1.254414714006891018e+03
1.296832793877742006e+03
1.221296034454497430e+03
1.192566165974374826e+03
1.208720380006522191e+03
1.215771520591670196e+03
1.193479394799152033e+03
1.272555512375949320e+03
1.203958643064312128e+03
1.190209188219935186e+03
1.241807583469594647e+03
1.189442787977119906e+03
1.136228190281729894e+03
1.086117543538202654e+03
1.005340429953754096e+03
8.938104093784940005e+02
8.277807928741831347e+02
6.494817276088814424e+02
5.564309369256138780e+02
4.963663114491670854e+02
3.297374915472566954e+02
2.047630991138641434e+02
5.073838928605499632e+01
-1.107988701205311486e+02
-1.368011265379075212e+02
-1.341076226550858905e+02
-2.346932279696181638e+02
-2.374252390415788625e+02
-2.472254249423397141e+02
-1.655455645153937496e+02
-2.599008707988321021e+02
-1.353854947296768216e+02
4.244296665248849187e+00
2.067357679809856847e+02
4.243630947020620852e+02
7.056735872528840900e+02
7.869171537811026838e+02
1.030039370218092699e+03
1.305047432679817575e+03
1.445303458925093992e+03
1.562801389356968002e+03
1.620048636203596288e+03
1.730286903324024024e+03
1.782630288160996543e+03
1.838781581902391054e+03
2.003597339973022372e+03
1.935206882831351322e+03
1.908500820114659973e+03
1.823427710614171019e+03
1.768051363514125569e+03
1.793794474230327978e+03
1.684701124610787474e+03
1.649456405588360212e+03
1.685700711023232998e+03
1.701595189147331894e+03
1.585378751244586738e+03
1.493091008331149624e+03
1.545958323226073162e+03
1.432830310542694178e+03
1.488869482331316249e+03
1.397717816342586730e+03
1.261314385388567189e+03
1.155239274518700313e+03
1.266453015257481184e+03
1.241960264699956497e+03
1.231631012101000124e+03
1.295719230072776782e+03
1.340460482546234743e+03
1.231895161071732673e+03
1.389131957473741295e+03
1.480512493464119189e+03
1.448946654134934533e+03
1.473614878584769485e+03
1.396806627584356647e+03
1.527095749900009878e+03
1.505033445062120109e+03
1.403120216879077361e+03
1.486764233546160995e+03
1.620497586338308793e+03
1.573000205121358476e+03
1.449545492766502093e+03
1.395558644016130984e+03
1.279641381017719596e+03
1.179863913529333786e+03
1.168005139016103612e+03
9.447621911016913145e+02
8.957882231386497551e+02
1.467589242931669332e+03
1.004269476349506817e+03
6.211322456628996633e+02
1.531341554272318319e+02
-1.705338182110342018e+02
-3.887739496629142764e+02
-6.482171538153594383e+02
-5.032107867141594966e+02
-4.675163085911132725e+02
-2.550733461638649260e+02
2.095907277434816933e+02
2.575242447885737533e+02
5.237465656541676253e+02
6.787154658725370382e+02
7.668518699824081750e+02
6.218728024479987653e+02
5.863046423438871670e+02
7.473326565992201722e+02
5.733152746930715011e+02
5.907158371008625863e+02
3.844928456300384028e+02
2.385966047485339061e+02
1.021123735627709692e+02
1.325042250073290973e+02
5.620243402823336965e+01
-1.040967151850886196e+01
-2.863699929907555841e+01
8.579451322005870395e+01
-1.925054131713743004e+02
3.663830938121834038e+02
3.688316504115764474e+02
3.312066398017727238e+02
2.045325696073419124e+02
7.274745140544541755e+01
-9.402255807858610126e+01
-2.580636656078176543e+02
-4.334839896927095992e+02
-6.176226358637458134e+02
-8.026402147193947485e+02
-8.868701641014102961e+02
-9.983638292955243969e+02
-1.157326674209970861e+03
-1.289934318572358507e+03
-2.554275776044423310e+03
-2.689506916071404703e+03
-2.798941194041566632e+03
-2.778357625980610010e+03
-2.654273327089457325e+03
-2.493757602855035657e+03
-2.155007883002940616e+03
-1.949515449868861879e+03
-1.441596049694143403e+03
-1.237462332902349999e+03
-9.504376219258599576e+02
-5.661837612802238482e+02
-3.383539892582122093e+02
1.190167661096698595e+02
3.469903698125836513e+02
7.308415569438956254e+02
6.748809518789045114e+02
7.226699562327961530e+02
8.731949645386079055e+02
8.009312952984877256e+02
6.808904708399247738e+02
7.832906063878346004e+02
5.276650295294474518e+02
6.290635483083225381e+02
3.584930121865980368e+02
1.797136413928134857e+02
6.233926351504891272e+01
-1.066165624273373425e+02
-1.186756826097204112e+02
-2.303781283298183951e+02
-2.265227227936142356e+02
-4.187209764148964837e+02
-3.939801020805192593e+02
-4.602942244814391302e+02
-6.357034049857977607e+02
-5.448258170388239705e+02
-6.299926947656194898e+02
-5.762455068167718082e+02
-6.907319410773347954e+02
-5.272912774363617245e+02
-5.308574478118925981e+02
-5.731434596509687935e+02
-4.763771207421885379e+02
-7.124912665161828329e+01
-7.822294362224565134e+01
-3.320069352510420799e+02
-4.779299879857702216e+00
-2.929442820190491830e+02
-7.891026310643192119e+02
-8.815438352431983731e+02
-1.185288760014856507e+03
-1.317401738774024125e+03
-1.724963907074603867e+03
-2.204529473970128493e+03
-2.278864508426976499e+03
-2.275356611371906183e+03
-2.158710114073396653e+03
-2.247909523403956882e+03
-2.365628131244038741e+03
-1.951898625193298130e+03
-1.839639938821749865e+03
-1.760781776578127165e+03
-1.516786317140475603e+03
-1.193505257079968487e+03
-1.065946476974226698e+03
-8.640287013599319152e+02
-5.297386263143924907e+02
-2.795262396338486610e+02
-4.296514223212585080e+02
-1.508576321478028035e+02
1.230903022024611992e+01
-3.700605702802993591e+01
1.512207409564358898e+02
-8.473740128697523133e+00
2.247744877796303911e+02
4.048964279063895901e+02
5.758885718286892370e+02
3.882507124276578452e+02
6.399952430104943915e+02
7.777120504172200981e+02
9.255980661480018625e+02
9.558010393934199556e+02
1.145808293163318922e+03
1.246575234670251120e+03
1.278301786608170687e+03
1.278850459242919669e+03
1.378318824362801479e+03
1.396095061440566269e+03
1.297429564028623872e+03
1.406167160889596289e+03
1.294227884378248746e+03
1.090650813452643888e+03
9.170917783183199390e+02
7.859778353383509284e+02
4.892228685031058717e+02
2.029061932081509099e+02
-1.597806771151031171e+02
1.243984810046597289e+01
-1.258269831872449913e+02
-3.138684129390313728e+02
-3.917286957845391839e+02
-5.052260746848925805e+02
-4.779172030784782805e+02
-4.485367490084846622e+02
-3.894531866720973312e+02
-4.426989859577564630e+02
-2.180376807999284665e+02
-9.487998684849202391e+01
-1.969020292382927551e+01
4.328999492896149803e+01
6.820557085267900277e+01
2.334618821844946410e+02
2.102375928612539724e+02
5.168238244209836694e+02
4.918340378443567715e+02
5.903191302102511600e+02
6.971397789407224082e+02
6.526367564576080440e+02
7.381134072629749880e+02
8.036700386537885379e+02
8.189381808151729274e+02
9.991750892360936405e+02
7.919502880184601281e+02
8.394104387029505006e+02
7.675481634497793948e+02
7.556203962439324187e+02
6.797859257998826479e+02
5.539762945118895914e+02
6.024530981518345243e+02
5.267691539583345275e+02
4.465407224876158239e+02
5.025093113289667599e+02
4.971289248229032864e+02
3.066071244518373646e+02
2.784718267970936836e+02
3.351188997425534239e+02
3.307309909974258630e+02
1.444922629602724271e+02
1.928054013571853034e+02
2.801735153206493010e+02
2.106776977238362747e+02
1.773333662022569399e+02
1.212319113389555412e+02
1.458489519354465926e+02
1.881379561077975779e+02
2.183888327915664149e+02
1.819281277264646519e+02
2.081355465805372944e+02
2.492234359583520416e+02
2.620028716102241901e+02
3.094016334879485726e+02
3.411704222746994901e+02
1.964077456925969614e+02
2.738779939002059223e+02
2.422848696525556988e+02
2.346580267004629263e+02
6.502143222076467737e+02
5.027298025540826529e+02
5.304379251239729456e+02
5.067081031307398575e+02
2.764980942455596278e+02
3.752352907977925724e+02
2.730442571133276601e+02
1.624240788103434738e+02
1.312940347893263038e+02
1.560715558806145964e+02
1.851057539434353600e+02
4.422447908976667463e+01
1.424686142043580617e+02
1.563801419247980391e+02
1.265312796115597109e+02
1.678881944220977402e+02
2.124682298983591124e+02
1.541547610364863772e+02
6.927117604804858786e+01
5.262416407169193633e+01
7.225133075272245264e+01
7.939443833334686929e+01
1.290647176848436288e+02
6.722855996485193941e+01
5.958543348012875640e+01
6.103306792850937512e+01
8.417437883613922978e+00
6.713242192973409317e+01
2.309020785653518004e+01
