9.525662868544441291e-05
1.905132573708888258e-04
3.175220956181480430e-04
4.762831434272221188e-04
6.667964007981109446e-04
8.890618677308145205e-04
1.143079544225332955e-03
1.428849430281666248e-03
1.746371525899814399e-03
2.095645831079777192e-03
2.476672345821554627e-03
2.889451070125147354e-03
3.333982003990554940e-03
3.810265147417776950e-03
-1.111596631877849115e-02
-1.250546210862580297e-02
-1.397669294493472138e-02
-1.552965882770524463e-02
-1.716435975693737792e-02
-1.888079573263111433e-02
-2.067896675478645904e-02
-2.255887282340340860e-02
-2.452051393848196648e-02
-2.656389010002212919e-02
-2.868900130802389675e-02
-3.089584756248727956e-02
-3.318442886341226028e-02
-3.555474521079884931e-02
-2.184152309791191279e-02
-2.329762463777270559e-02
-2.480069719504836290e-02
-2.635074076973888818e-02
-2.794775536184427450e-02
-3.233791061175447096e-02
-3.418579121814044330e-02
-3.608500184137046485e-02
-3.803554248144454253e-02
-4.003741313836267635e-02
-3.811822080968715887e-02
-4.002413185017152097e-02
-4.197652852578964006e-02
-4.397541083654152305e-02
-4.602077878242718384e-02
-4.552404444915755105e-02
-4.754733531356455239e-02
-4.961461076198039888e-02
-5.172587079440509744e-02
-5.388111541083864114e-02
-5.356507367541114839e-02
-5.570767662242758628e-02
-5.789229139193455970e-02
-6.011891798393204089e-02
-6.238755639842004375e-02
-6.326662075300126808e-02
-6.556722514401949753e-02
-6.790891175630590915e-02
-7.029168058986050294e-02
-7.271553164468326502e-02
-6.974093217210552975e-02
-7.206562991117572425e-02
-7.442843744924705629e-02
-7.682935478631953974e-02
-7.926838192239317460e-02
-7.662245501249163870e-02
-7.898006901287599191e-02
-8.137340443750860908e-02
-8.380246128638946246e-02
-8.626723955951855205e-02
-7.334659550793445892e-02
-7.544221252244687204e-02
-7.756734526955803843e-02
-7.972199374926798587e-02
-8.190615796157670048e-02
-7.256911193969697860e-02
-7.450428825808889932e-02
-7.646492742277545551e-02
-7.845102943375663329e-02
-8.046259429103244654e-02
-7.298051368643869441e-02
-7.480502652859966073e-02
-7.665206422066385417e-02
-7.852162676263127472e-02
-8.041371415450189464e-02
-7.802515359148894103e-02
-7.986103955834751578e-02
-8.171827303644861595e-02
-8.359685402579226932e-02
-8.549678252637846199e-02
-7.179087743171455593e-02
-7.338623026353044421e-02
-7.499911444514649472e-02
-7.662952997656272136e-02
-7.827747685777912412e-02
-6.915107805576178879e-02
-7.060689022535676651e-02
-7.207786710505170724e-02
-7.356400869484658323e-02
-7.506531499474140834e-02
-6.026171390759914315e-02
-6.146694818575113017e-02
-6.268411547655808325e-02
-6.391321578002001624e-02
-6.515424909613690141e-02
-6.640721542490876650e-02
-6.767211476633559764e-02
-6.894894712041739482e-02
-7.023771248715417193e-02
-5.142639474566618185e-02
-5.236999831898115493e-02
-5.332218010659899726e-02
-5.428294010851969498e-02
-5.525227832474326195e-02
-5.623019475526969818e-02
-5.721668940009898285e-02
-5.821176225923114372e-02
-5.921541333266616691e-02
-4.052882806217805028e-02
-4.121575735136751018e-02
-4.190845915559218010e-02
-4.260693347485204618e-02
-4.331118030914712230e-02
-4.402119965847740152e-02
-4.473699152284289077e-02
-4.545855590224357617e-02
-4.618589279667947162e-02
-2.971405256130762659e-02
-3.018199039691877444e-02
-3.065358399687062585e-02
-3.112883336116319469e-02
-3.160773848979647749e-02
-3.209029938277046384e-02
-3.257651604008517110e-02
-3.306638846174058538e-02
-3.355991664773672056e-02
-1.131457919094443730e-02
-1.148097006139950360e-02
-1.164857546375570006e-02
-1.181739539801302842e-02
-1.198742986417149041e-02
-1.215867886223108256e-02
-1.233114239219180834e-02
-1.250482045405366428e-02
-1.267971304781665212e-02
-1.085305901891275328e-02
-1.100275638469085972e-02
-1.115347907489210554e-02
-1.130522708951648726e-02
-1.145800042856400663e-02
-1.161179909203466538e-02
-1.176662307992846178e-02
-1.192247239224539408e-02
-1.207934702898546576e-02
-6.979970419919742479e-03
-7.070619386412207129e-03
-7.161853184946558211e-03
-7.253671815522796593e-03
-7.346075278140921407e-03
-7.439063572800932653e-03
-7.532636699502831198e-03
-7.626794658246617044e-03
-7.721537449032288454e-03
-1.324440509684880372e-05
-1.340691313484694985e-05
-1.357041207551581383e-05
-1.373490191885540075e-05
-1.390038266486570551e-05
-1.406685431354673321e-05
-1.423431686489847877e-05
-1.440277031892094726e-05
-1.457221467561413359e-05
1.387833178681164258e-02
1.403970773782107877e-02
1.420201649779588918e-02
1.436525806673607381e-02
1.452943244464162745e-02
1.469453963151255531e-02
1.486057962734885565e-02
1.502755243215052848e-02
1.519545804591757379e-02
1.760642741962328145e-02
1.780097357895613422e-02
1.799658867323037856e-02
1.819327270244601100e-02
1.839102566660303154e-02
1.858984756570144364e-02
1.878973839974124385e-02
1.899069816872243216e-02
1.919272687264501204e-02
3.498836035081265283e-02
3.535665888082121372e-02
3.572688567538478271e-02
3.609904073450337370e-02
3.647312405817698666e-02
3.684913564640561467e-02
3.722707549918926467e-02
3.760694361652792278e-02
3.798873999842160981e-02
2.421441971382400429e-02
2.445778071597298764e-02
2.470235852313271835e-02
2.494815313530319295e-02
2.519516455248441145e-02
2.544339277467637730e-02
2.569283780187908706e-02
2.594349963409254070e-02
2.619537827131673824e-02
4.315669592037641583e-02
4.357166415038003782e-02
4.398861787430712045e-02
4.440755709215765679e-02
4.482848180393166765e-02
4.525139200962913222e-02
4.567628770925007131e-02
4.610316890279445717e-02
4.653203559026231756e-02
5.544477333864435836e-02
5.595578507448439876e-02
5.646914090085581456e-02
5.698484081775861271e-02
5.750288482519277239e-02
5.802327292315832136e-02
5.854600511165523880e-02
5.907108139068354552e-02
5.959850176024321378e-02
8.665030494740080802e-02
8.741712180534240428e-02
8.818731671111633419e-02
8.896088966472262549e-02
8.973784066616125044e-02
9.051816971543222290e-02
9.130187681253552900e-02
9.208896195747118263e-02
9.287942515023916989e-02
1.058523061617457489e-01
1.067531768524840191e-01
1.076578647919118337e-01
1.085663699800292481e-01
1.094786924168362208e-01
1.103948321023327517e-01
1.113147890365188547e-01
1.122385632193945298e-01
1.131661546509597771e-01
1.383445569526251251e-01
1.394785287309253108e-01
1.406171289654634948e-01
1.417603576562396217e-01
1.429082148032536914e-01
1.440607004065057595e-01
1.452178144659957704e-01
1.463795569817237241e-01
1.475459279536896484e-01
1.856905099867400821e-01
1.871584191565957289e-01
1.886321074964114608e-01
1.901115750061872500e-01
1.915968216859230688e-01
1.930878475356189727e-01
1.945846525552749340e-01
1.960872367448909526e-01
1.975956001044670285e-01
2.314696360088326077e-01
2.332365797951595487e-01
2.350102419989250069e-01
2.367906226201290099e-01
2.385777216587715022e-01
2.403715391148524838e-01
2.421720749883719825e-01
2.439793292793299706e-01
2.457933019877264758e-01
2.654525453548623459e-01
2.674116047301750010e-01
2.693778665296615582e-01
2.713513307533220731e-01
2.733319974011565456e-01
2.753198664731649759e-01
2.773149379693473082e-01
2.793172118897035983e-01
2.813266882342338460e-01
2.364803015265174446e-01
2.381694465374211422e-01
2.398646027405344494e-01
2.415657701358573939e-01
2.432729487233899479e-01
2.449861385031321392e-01
2.467053394750839401e-01
2.484305516392453783e-01
2.501617749956164261e-01
1.519672632913755261e-01
1.530189398539456014e-01
1.540742428874210812e-01
1.551331723918019934e-01
1.561957283670882823e-01
1.572619108132800314e-01
1.583317197303771573e-01
1.594051551183797155e-01
1.604822169772876783e-01
2.792254658364934361e-02
2.810994622515034652e-02
2.829797262130519936e-02
2.848662577211389865e-02
2.867590567757644787e-02
2.886581233769285049e-02
2.905634575246309956e-02
2.924750592188720202e-02
2.943929284596514748e-02
-2.044101486263871503e-01
-2.057418108324222672e-01
-2.070777966170483653e-01
-2.084181059802655001e-01
-2.097627389220736716e-01
-2.111116954424728520e-01
-2.124649755414630692e-01
-2.138225792190443231e-01
-2.151845064752165582e-01
-2.854040695297126451e-01
-2.872104244001538742e-01
-2.890224775509435129e-01
-2.908402289820815056e-01
-2.926636786935679080e-01
-2.944928266854027199e-01
-2.963276729575858859e-01
-2.981682175101175170e-01
-3.000144603429975021e-01
-2.325363907840449496e-01
-2.339673839581006276e-01
-2.354027666817699593e-01
-2.368425389550529447e-01
-2.382867007779496116e-01
-2.397352521504599598e-01
-2.411881930725839340e-01
-2.426455235443216174e-01
-2.441072435656729545e-01
-4.612676647835060179e-02
-4.640297466085568923e-02
-4.668000734539811541e-02
-4.695786453197786647e-02
-4.723654622059494240e-02
-4.751605241124935014e-02
-4.779638310394108969e-02
-4.807753829867015410e-02
-4.835951799543654339e-02
2.259370353437435974e-01
2.272544524594505289e-01
2.285756992760752393e-01
2.299007757936177010e-01
2.312296820120779139e-01
2.325624179314559059e-01
2.338989835517516214e-01
2.352393788729650881e-01
2.365836038950963338e-01
6.925973287448918825e-01
6.965325408400332430e-01
7.004789008447926957e-01
7.044364087591700185e-01
7.084050645831653226e-01
7.123848683167787188e-01
7.163758199600098742e-01
7.203779195128591217e-01
7.243911669753262395e-01
1.011300755772950755e+00
1.016903530043161030e+00
1.022521781590360890e+00
1.028155510414550111e+00
1.033804716515728916e+00
1.039469399893897306e+00
1.045149560549055279e+00
1.050845198481202836e+00
1.056556313690339755e+00
8.497430359379279929e-01
8.543362415375924668e-01
8.589418277453422235e-01
8.635597945611774851e-01
8.681901419850979185e-01
8.728328700171037458e-01
8.774879786571950779e-01
8.821554679053715819e-01
8.868353377616334798e-01
7.676285479924156441e-01
7.716793582720590239e-01
7.757408285787540381e-01
7.798129589125007977e-01
7.838957492732991916e-01
7.879891996611493310e-01
7.920933100760512158e-01
7.962080805180046239e-01
8.003335109870098885e-01
3.011800118119361547e-01
3.027324860996265521e-01
3.042889513237891363e-01
3.058494074844239630e-01
3.074138545815309764e-01
3.089822926151102322e-01
3.105547215851616749e-01
3.121311414916853599e-01
3.137115523346811763e-01
-1.383774610857078924e-01
-1.390745767586837600e-01
-1.397734439785766336e-01
-1.404740627453865409e-01
-1.411764330591134819e-01
-1.418805549197574289e-01
-1.425864283273184097e-01
-1.432940532817964241e-01
-1.440034297831914445e-01
-5.065639145534230892e-01
-5.090593032950655461e-01
-5.115608232129773558e-01
-5.140684743071587404e-01
-5.165822565776093667e-01
-5.191021700243294568e-01
-5.216282146473188996e-01
-5.241603904465776953e-01
-5.266986974221058437e-01
-6.715638521559026408e-01
-6.748003044554492513e-01
-6.780445366884081393e-01
-6.812965488547793047e-01
-6.845563409545629696e-01
-6.878239129877590230e-01
-6.910992649543673538e-01
-6.943823968543880731e-01
-6.976733086878211809e-01
-8.441037148910436327e-01
-8.480853361876994345e-01
-8.520763260050533416e-01
-8.560766843431052431e-01
-8.600864112018551388e-01
-8.641055065813030289e-01
-8.681339704814489133e-01
-8.721718029022929031e-01
-8.762190038438349982e-01
-6.426112108536364831e-01
-6.455793919661244606e-01
-6.485544122055997285e-01
-6.515362715720621756e-01
-6.545249700655120240e-01
-6.575205076859491626e-01
-6.605228844333735916e-01
-6.635321003077853108e-01
-6.665481553091843203e-01
-4.958224415038814392e-01
-4.980659819631750862e-01
-5.003145868478846570e-01
-5.025682561580102625e-01
-5.048269898935519029e-01
-5.070907880545094670e-01
-5.093596506408831770e-01
-5.116335776526728107e-01
-5.139125690898784793e-01
-3.148779991602510542e-01
-3.162743539237111712e-01
-3.176737979676214074e-01
-3.190763312919817629e-01
-3.204819538967922377e-01
-3.218906657820528872e-01
-3.233024669477636004e-01
-3.247173573939244884e-01
-3.261353371205355511e-01
6.373032546130277809e-02
6.400741383287365804e-02
6.428510326381887963e-02
6.456339375413844284e-02
6.484228530383234768e-02
6.512177791290059414e-02
6.540187158134316836e-02
6.568256630916009808e-02
6.596386209635136944e-02
4.776666160851665288e-01
4.797035739362759954e-01
4.817448657402601531e-01
4.837904914971190018e-01
4.858404512068525971e-01
4.878947448694608280e-01
4.899533724849438054e-01
4.920163340533014740e-01
4.940836295745337781e-01
1.108395228146603406e+00
1.113032865084455425e+00
1.117680183936582416e+00
1.122337184702984825e+00
1.127003867383662650e+00
1.131680231978615669e+00
1.136366278487843662e+00
1.141062006911347293e+00
1.145767417249126119e+00
1.697607926927354294e+00
1.704579622725824084e+00
1.711565604786175809e+00
1.718565873108409470e+00
1.725580427692525509e+00
1.732609268538523706e+00
1.739652395646403837e+00
1.746709809016166126e+00
1.753781508647810350e+00
1.881642686751667792e+00
1.889229955649859960e+00
1.896832490682656136e+00
1.904450291850056320e+00
1.912083359152060513e+00
1.919731692588668714e+00
1.927395292159880924e+00
1.935074157865697364e+00
1.942768289706117590e+00
2.128566649609412220e+00
2.136996616538558325e+00
2.145443243481398810e+00
2.153906530437932787e+00
2.162386477408160701e+00
2.170883084392082552e+00
2.179396351389698783e+00
2.187926278401008506e+00
2.196472865426013055e+00
2.318595918415546020e+00
2.327617692417162765e+00
2.336656984426549677e+00
2.345713794443706757e+00
2.354788122468634004e+00
2.363879968501331863e+00
2.372989332541799001e+00
2.382116214590036751e+00
2.391260614646044669e+00
1.903983847958366837e+00
1.911264856937175072e+00
1.918559760971286332e+00
1.925868560060700840e+00
1.933191254205418375e+00
1.940527843405439157e+00
1.947878327660762743e+00
1.955242706971389355e+00
1.962620981337319215e+00
1.820570679056619845e+00
1.827414929729765269e+00
1.834272021398544839e+00
1.841141954062958774e+00
1.848024727723007299e+00
1.854920342378690190e+00
1.861828798030007448e+00
1.868750094676959073e+00
1.875684232319545286e+00
1.294902283865431825e+00
1.299689353306708872e+00
1.304485254979427244e+00
1.309289988883587164e+00
1.314103555019188629e+00
1.318925953386231642e+00
1.323757183984715979e+00
1.328597246814641641e+00
1.333446141876009072e+00
1.137694815370554169e+00
1.141831887426447256e+00
1.145976467780082331e+00
1.150128556431459392e+00
1.154288153380578441e+00
1.158455258627439921e+00
1.162629872172043388e+00
1.166811994014388842e+00
1.171001624154476284e+00
5.908254222267028677e-01
5.929392877802868167e-01
5.950569280937877403e-01
5.971783431672059717e-01
5.993035330005411776e-01
6.014324975937935802e-01
6.035652369469630685e-01
6.057017510600496424e-01
6.078420399330534130e-01
-3.619419882858895821e-01
-3.632164319066145675e-01
-3.644931153228065379e-01
-3.657720385344654934e-01
-3.670532015415914340e-01
-3.683366043441844151e-01
-3.696222469422444368e-01
-3.709101293357714435e-01
-3.722002515247654353e-01
-3.896659274626917968e-01
-3.910165892563232659e-01
-3.923695878350648703e-01
-3.937249231989165543e-01
-3.950825953478783736e-01
-3.964426042819502172e-01
-3.978049500011321959e-01
-3.991696325054242545e-01
-4.005366517948263927e-01
-1.196130971319319336e+00
-1.200213329583207811e+00
-1.204302642460833628e+00
-1.208398909952197009e+00
-1.212502132057297954e+00
-1.216612308776136242e+00
-1.220729440108712094e+00
-1.224853526055025288e+00
-1.228984566615075824e+00
-2.687807385790787151e+00
-2.696842032465714301e+00
-2.705891837943787070e+00
-2.714956802225005905e+00
-2.724036925309370361e+00
-2.733132207196880881e+00
-2.742242647887537021e+00
-2.751368247381339227e+00
-2.760509005678287053e+00
-4.091038246692216163e+00
-4.104584730952786309e+00
-4.118153606096432107e+00
-4.131744872123152668e+00
-4.145358529032948880e+00
-4.158994576825820744e+00
-4.172653015501767371e+00
-4.186333845060789649e+00
-4.200037065502886691e+00
-6.387607068328631676e+00
-6.408447548160046026e+00
-6.429321970141024245e+00
-6.450230334271563670e+00
-6.471172640551666966e+00
-6.492148888981330579e+00
-6.513159079560558951e+00
-6.534203212289349416e+00
-6.555281287167701976e+00
-9.939690356962429973e+00
-9.971650776116648629e+00
-1.000366249610418379e+01
-1.003572551692503012e+01
-1.006783983857918940e+01
-1.010000546106666341e+01
-1.013222238438745038e+01
-1.016449060854155029e+01
-1.019681013352896315e+01
-1.472274676212822087e+01
-1.476941156961515667e+01
-1.481615021382279807e+01
-1.486296269475114862e+01
-1.490984901240020655e+01
-1.495680916676997008e+01
-1.500384315786044276e+01
-1.505095098567162104e+01
-1.509813265020350670e+01
-2.103100376989975473e+01
-2.109672565668069311e+01
-2.116255007370621399e+01
-2.122847702097632805e+01
-2.129450649849102817e+01
-2.136063850625031790e+01
-2.142687304425419370e+01
-2.149321011250265911e+01
-2.155964971099571414e+01
-2.771645703797987892e+01
-2.780186984857457944e+01
-2.788741406349327079e+01
-2.797308968273595298e+01
-2.805889670630262955e+01
-2.814483513419329341e+01
-2.823090496640795166e+01
-2.831710620294660075e+01
-2.840343884380924422e+01
-3.384689454909810280e+01
-3.394977264803153361e+01
-3.405280685940643792e+01
-3.415599718322282285e+01
-3.425934361948068130e+01
-3.436284616818002036e+01
-3.446650482932083293e+01
-3.457031960290312611e+01
-3.467429048892689281e+01
-3.755967766317682788e+01
-3.767230038480554555e+01
-3.778509170332291944e+01
-3.789805161872897088e+01
-3.801118013102368565e+01
-3.812447724020706374e+01
-3.823794294627911228e+01
-3.835157724923981704e+01
-3.846538014908919934e+01
-3.953797112962986660e+01
-3.965494737557551019e+01
-3.977209640770424670e+01
-3.988941822601606191e+01
-4.000691283051094871e+01
-4.012458022118892131e+01
-4.024242039804997972e+01
-4.036043336109410973e+01
-4.047861911032132554e+01
-4.010744862154847823e+01
-4.022455066131942658e+01
-4.034182340377225273e+01
-4.045926684890695668e+01
-4.057688099672355264e+01
-4.069466584722201929e+01
-4.081262140040237796e+01
-4.093074765626461442e+01
-4.104904461480872868e+01
-4.107088897247276549e+01
-4.118924888305625842e+01
-4.130777909566936756e+01
-4.142647961031210002e+01
-4.154535042698444869e+01
-4.166439154568640646e+01
-4.178360296641798044e+01
-4.190298468917917774e+01
-4.202253671396998413e+01
-4.162768647149462709e+01
-4.174611516700385749e+01
-4.186471208509193787e+01
-4.198347722575886820e+01
-4.210241058900464139e+01
-4.222151217482926455e+01
-4.234078198323273767e+01
-4.246022001421506076e+01
-4.257982626777622670e+01
-4.234108706164133196e+01
-4.246002269945493168e+01
-4.257912514741973808e+01
-4.269839440553576537e+01
-4.281783047380299223e+01
-4.293743335222143997e+01
-4.305720304079109439e+01
-4.317713953951196260e+01
-4.329724284838404458e+01
-4.359737568105244776e+01
-4.371831153592360408e+01
-4.383941489197879804e+01
-4.396068574921802252e+01
-4.408212410764127753e+01
-4.420372996724855597e+01
-4.432550332803987914e+01
-4.444744419001523283e+01
-4.456955255317460995e+01
-4.374566856056758724e+01
-4.386551970730887007e+01
-4.398553480910725000e+01
-4.410571386596273413e+01
-4.422605687787532247e+01
-4.434656384484501501e+01
-4.446723476687179755e+01
-4.458806964395569139e+01
-4.470906847609668233e+01
-4.274444435601853343e+01
-4.286012620813225027e+01
-4.297596438707314803e+01
-4.309195889284122671e+01
-4.320810972543648631e+01
-4.332441688485892684e+01
-4.344088037110854827e+01
-4.355750018418535063e+01
-4.367427632408932681e+01
-4.100170017025266134e+01
-4.111133038461162670e+01
-4.122110696774810634e+01
-4.133102991966210027e+01
-4.144109924035361558e+01
-4.155131492982263097e+01
-4.166167698806918196e+01
-4.177218541509323302e+01
-4.188284021089480547e+01
-3.876115314593742056e+01
-3.886356041977080622e+01
-3.896610279554856504e+01
-3.906878027327069702e+01
-3.917159285293719506e+01
-3.927454053454807337e+01
-3.937762331810331773e+01
-3.948084120360292815e+01
-3.958419419104691883e+01
-3.676969042645858821e+01
-3.686569484010470177e+01
-3.696182442247785360e+01
-3.705807917357805792e+01
-3.715445909340530761e+01
-3.725096418195960268e+01
-3.734759443924095734e+01
-3.744434986524935027e+01
-3.754123045998479569e+01
-3.333953254492885065e+01
-3.342557004827060041e+01
-3.351171842468366435e+01
-3.359797767416805669e+01
-3.368434779672375612e+01
-3.377082879235077684e+01
-3.385742066104911174e+01
-3.394412340281876084e+01
-3.403093701765973123e+01
-3.153502758383598348e+01
-3.161547408277433746e+01
-3.169602306132917846e+01
-3.177667451950049937e+01
-3.185742845728830019e+01
-3.193828487469258803e+01
-3.201924377171335578e+01
-3.210030514835059989e+01
-3.218146900460433812e+01
-3.036673558904392678e+01
-3.044332256404781845e+01
-3.052000599619907462e+01
-3.059678588549768818e+01
-3.067366223194366270e+01
-3.075063503553699462e+01
-3.082770429627769104e+01
-3.090487001416574486e+01
-3.098213218920115608e+01
-2.905290444223332713e+01
-2.912535557550572918e+01
-2.919789693434882949e+01
-2.927052851876263517e+01
-2.934325032874713912e+01
-2.941606236430234134e+01
-2.948896462542824537e+01
-2.956195711212484767e+01
-2.963503982439215534e+01
-2.798220529848092752e+01
-2.805121196999382605e+01
-2.812030362509233328e+01
-2.818948026377644567e+01
-2.825874188604617032e+01
-2.832808849190149303e+01
-2.839752008134242800e+01
-2.846703665436897168e+01
-2.853663821098112052e+01
-2.746908592291727302e+01
-2.753608369346097362e+01
-2.760316306908450912e+01
-2.767032404978787596e+01
-2.773756663557108126e+01
-2.780489082643411791e+01
-2.787229662237698946e+01
-2.793978402339969236e+01
-2.800735302950223371e+01
-2.666166981377413947e+01
-2.672599229824645661e+01
-2.679039227968801384e+01
-2.685486975809881471e+01
-2.691942473347885922e+01
-2.698405720582814737e+01
-2.704876717514667916e+01
-2.711355464143445460e+01
-2.717841960469147722e+01
-2.610355819301880231e+01
-2.616585785457732172e+01
-2.622823177079800772e+01
-2.629067994168085676e+01
-2.635320236722587595e+01
-2.641579904743306528e+01
-2.647846998230241766e+01
-2.654121517183394374e+01
-2.660403461602763286e+01
-2.594175596968627673e+01
-2.600301159181068300e+01
-2.606433944933853653e+01
-2.612573954226984441e+01
-2.618721187060459599e+01
-2.624875643434279837e+01
-2.631037323348444446e+01
-2.637206226802954490e+01
-2.643382353797809259e+01
-2.621281926086012959e+01
-2.627406416567522029e+01
-2.633538053478998009e+01
-2.639676836820440897e+01
-2.645822766591850694e+01
-2.651975842793227045e+01
-2.658136065424570305e+01
-2.664303434485880118e+01
-2.670477949977156840e+01
-2.634344147029112193e+01
-2.640435116155191153e+01
-2.646533118732916634e+01
-2.652638154762288991e+01
-2.658750224243308224e+01
-2.664869327175973979e+01
-2.670995463560286609e+01
-2.677128633396246116e+01
-2.683268836683852143e+01
-2.697009648775554425e+01
-2.703181295569090992e+01
-2.709359995673248989e+01
-2.715545749088028415e+01
-2.721738555813428562e+01
-2.727938415849450138e+01
-2.734145329196092788e+01
-2.740359295853356514e+01
-2.746580315821241669e+01
-2.790996766600964918e+01
-2.797318390081374773e+01
-2.803647164719567897e+01
-2.809983090515544291e+01
-2.816326167469303954e+01
-2.822676395580847242e+01
-2.829033774850173444e+01
-2.835398305277282915e+01
-2.841769986862175656e+01
-2.823948192708548177e+01
-2.830279915113724343e+01
-2.836618727913531046e+01
-2.842964631107968643e+01
-2.849317624697036422e+01
-2.855677708680735449e+01
-2.862044883059065015e+01
-2.868419147832024763e+01
-2.874800502999615404e+01
-2.683248927282225438e+01
-2.689205084723473504e+01
-2.695167845443481269e+01
-2.701137209442248732e+01
-2.707113176719775893e+01
-2.713095747276062752e+01
-2.719084921111108955e+01
-2.725080698224915210e+01
-2.731083078617481164e+01
-2.610708091951659782e+01
-2.616445911933971047e+01
-2.622190030291674745e+01
-2.627940447024770521e+01
-2.633697162133258374e+01
-2.639460175617138660e+01
-2.645229487476411023e+01
-2.651005097711075464e+01
-2.656787006321132694e+01
-2.317668276661841986e+01
-2.322712168450007297e+01
-2.327761542729246358e+01
-2.332816399499559523e+01
-2.337876738760947148e+01
-2.342942560513408523e+01
-2.348013864756944002e+01
-2.353090651491553587e+01
-2.358172920717236920e+01
-2.176289859548489858e+01
-2.180980139418206321e+01
-2.185675468028363966e+01
-2.190375845378962794e+01
-2.195081271470002449e+01
-2.199791746301482931e+01
-2.204507269873404951e+01
-2.209227842185767443e+01
-2.213953463238571118e+01
-1.680267631417510543e+01
-1.683854115155861564e+01
-1.687444422437643610e+01
-1.691038553262857036e+01
-1.694636507631501487e+01
-1.698238285543576964e+01
-1.701843886999083466e+01
-1.705453311998020993e+01
-1.709066560540389546e+01
-1.425066770215584810e+01
-1.428079596368260518e+01
-1.431095603963547269e+01
-1.434114793001444887e+01
-1.437137163481953728e+01
-1.440162715405073612e+01
-1.443191448770804541e+01
-1.446223363579146515e+01
-1.449258459830099710e+01
-7.283183920860793137e+00
-7.298436662056313473e+00
-7.313705358002038359e+00
-7.328990008697966907e+00
-7.344290614144100005e+00
-7.359607174340437652e+00
-7.374939689286980737e+00
-7.390288158983727484e+00
-7.405652583430679670e+00
-3.744123242201858659e+00
-3.751891132745845958e+00
-3.759667072917340036e+00
-3.767451062716340893e+00
-3.775243102142848528e+00
-3.783043191196862498e+00
-3.790851329878383691e+00
-3.798667518187411218e+00
-3.806491756123945081e+00
6.655210294941311666e+00
6.668890069442731772e+00
6.682583888887173806e+00
6.696291753274634218e+00
6.710013662605115670e+00
6.723749616878615498e+00
6.737499616095136368e+00
6.751263660254676502e+00
6.765041749357237677e+00
1.655653561142698038e+01
1.659025564322214663e+01
1.662400997820327220e+01
1.665779861637034998e+01
1.669162155772338707e+01
1.672547880226237993e+01
1.675937034998732855e+01
1.679329620089823294e+01
1.682725635499509664e+01
3.218548310425229886e+01
3.225043867055754987e+01
3.231545971626432134e+01
3.238054624137260618e+01
3.244569824588241147e+01
3.251091572979373012e+01
3.257619869310656924e+01
3.264154713582092882e+01
3.270696105793679465e+01
4.479809431141645604e+01
4.488769050003929095e+01
4.497737619534406406e+01
4.506715139733078246e+01
4.515701610599943905e+01
4.524697032135003383e+01
4.533701404338257390e+01
4.542714727209705217e+01
4.551737000749346862e+01
5.622160580026193344e+01
5.633304604961825390e+01
5.644459663585512743e+01
5.655625755897253981e+01
5.666802881897051236e+01
5.677991041584903087e+01
5.689190234960810244e+01
5.700400462024772708e+01
5.711621722776789767e+01
6.736955549681566424e+01
6.750191218737914767e+01
6.763439876674594586e+01
6.776701523491603041e+01
6.789976159188941551e+01
6.803263783766611539e+01
6.816564397224610161e+01
6.829877999562940261e+01
6.843204590781598995e+01
8.042364147501275795e+01
8.058026005626885535e+01
8.073703099023047969e+01
8.089395427689758833e+01
8.105102991627019549e+01
8.120825790834831537e+01
8.136563825313194798e+01
8.152317095062106489e+01
8.168085600081568032e+01
9.115703231338100920e+01
9.133301114024079936e+01
9.150915966703009019e+01
9.168547789374882484e+01
9.186196582039706016e+01
9.203862344697473930e+01
9.221545077348189068e+01
9.239244779991852852e+01
9.256961452628461018e+01
9.362883805938690784e+01
9.380803200782592910e+01
9.398739726979117393e+01
9.416693384528267075e+01
9.434664173430037692e+01
9.452652093684432089e+01
9.470657145291450263e+01
9.488679328251092215e+01
9.506718642563356525e+01
9.651391713508309067e+01
9.669705549776826103e+01
9.688036745131853422e+01
9.706385299573389602e+01
9.724751213101437486e+01
9.743134485715997073e+01
9.761535117417065521e+01
9.779953108204644252e+01
9.798388458078736107e+01
9.966554162829471863e+01
9.985305911019179348e+01
1.000407528303237399e+02
1.002286227886905436e+02
1.004166689852922190e+02
1.006048914201287374e+02
1.007932900932001417e+02
1.009818650045064174e+02
1.011706161540475506e+02
1.063690710299967179e+02
1.065675207893810352e+02
1.067661554972829521e+02
1.069649751537024684e+02
1.071639797586395986e+02
1.073631693120943140e+02
1.075625438140666290e+02
1.077621032645565577e+02
1.079618476635640860e+02
1.072869079912010335e+02
1.074854036581597683e+02
1.076840827776757834e+02
1.078829453497490505e+02
1.080819913743795837e+02
1.082812208515673831e+02
1.084806337813124344e+02
1.086802301636147661e+02
1.088800099984743497e+02
1.055349305149461685e+02
1.057285725892855339e+02
1.059223921540688309e+02
1.061163892092960452e+02
1.063105637549672196e+02
1.065049157910823396e+02
1.066994453176413913e+02
1.068941523346443887e+02
1.070890368420913319e+02
1.070372988079177077e+02
1.072320891606163826e+02
1.074270565954538625e+02
1.076222011124301616e+02
1.078175227115452799e+02
1.080130213927992031e+02
1.082086971561919739e+02
1.084045500017235213e+02
1.086005799293939162e+02
1.070629671469832118e+02
1.072562216003171045e+02
1.074496503137532102e+02
1.076432532872915004e+02
1.078370305209319895e+02
1.080309820146746773e+02
1.082251077685195497e+02
1.084194077824666209e+02
1.086138820565158909e+02
1.072881390480031882e+02
1.074802395655466114e+02
1.076725119082398976e+02
1.078649560760830468e+02
1.080575720690760591e+02
1.082503598872189201e+02
1.084433195305116442e+02
1.086364509989542313e+02
1.088297542925466814e+02
1.112318038797352955e+02
1.114293736912445922e+02
1.116271188087090991e+02
1.118250392321287876e+02
1.120231349615036862e+02
1.122214059968337807e+02
1.124198523381190853e+02
1.126184739853595715e+02
1.128172709385552679e+02
1.101169017026366816e+02
1.103109402959452865e+02
1.105051496978747707e+02
1.106995299084251201e+02
1.108940809275963488e+02
1.110888027553884285e+02
1.112836953918013876e+02
1.114787588368352260e+02
1.116739930904899296e+02
1.069637721183882348e+02
1.071507717199937986e+02
1.073379346400287204e+02
1.075252608784930004e+02
1.077127504353866243e+02
1.079004033107096063e+02
1.080882195044619323e+02
1.082761990166436021e+02
1.084643418472546159e+02
1.070679944312525578e+02
1.072537151501272490e+02
1.074395968055000878e+02
1.076256393973710743e+02
1.078118429257402227e+02
1.079982073906075328e+02
1.081847327919730049e+02
1.083714191298366387e+02
1.085582664041984344e+02
1.075379366649619470e+02
1.077230277779825371e+02
1.079082780407133697e+02
1.080936874531544589e+02
1.082792560153058048e+02
1.084649837271673931e+02
1.086508705887392239e+02
1.088369166000213113e+02
1.090231217610136412e+02
9.731303144769924529e+01
9.747923645444168983e+01
9.764558327432980889e+01
9.781207190736361667e+01
9.797870235354311319e+01
9.814547461286829844e+01
9.831238868533915820e+01
9.847944457095570669e+01
9.864664226971794392e+01
9.010185661215940911e+01
9.025457162336645922e+01
9.040741594448985552e+01
9.056038957552959801e+01
9.071349251648570089e+01
9.086672476735813575e+01
9.102008632814693101e+01
9.117357719885207246e+01
9.132719737947356009e+01
8.231250803739786193e+01
8.245096473720845154e+01
8.258953778718695560e+01
8.272822718733337410e+01
8.286703293764767864e+01
8.300595503812991183e+01
8.314499348878004525e+01
8.328414828959809313e+01
8.342341944058404124e+01
6.715877333569183349e+01
6.727089148817211139e+01
6.738310315037089993e+01
6.749540832228818488e+01
6.760780700392396625e+01
6.772029919527825825e+01
6.783288489635103247e+01
6.794556410714231731e+01
6.805833682765209858e+01
6.539862821064785692e+01
6.550699379177568460e+01
6.561544907951041239e+01
6.572399407385204029e+01
6.583262877480055408e+01
6.594135318235595378e+01
6.605016729651826779e+01
6.615907111728746770e+01
6.626806464466355351e+01
5.985785690861273878e+01
5.995630733115979893e+01
6.005483864969910002e+01
6.015345086423062071e+01
6.025214397475437522e+01
6.035091798127037066e+01
6.044977288377859281e+01
6.054870868227904879e+01
6.064772537677173858e+01
5.769942846878073794e+01
5.779363161730120169e+01
5.788791160362632127e+01
5.798226842775611090e+01
5.807670208969057057e+01
5.817121258942969320e+01
5.826579992697347876e+01
5.836046410232193438e+01
5.845520511547505293e+01
5.804766566581138676e+01
5.814174616121788830e+01
5.823590283516318777e+01
5.833013568764726386e+01
5.842444471867013789e+01
5.851882992823180274e+01
5.861329131633225842e+01
5.870782888297150492e+01
5.880244262814954226e+01
5.614377918327916461e+01
5.623411511116858463e+01
5.632452365636338953e+01
5.641500481886357221e+01
5.650555859866913266e+01
5.659618499578007089e+01
5.668688401019638690e+01
5.677765564191807357e+01
5.686849989094514513e+01
6.854585298788103387e+01
6.865535115559330848e+01
6.876493671210663194e+01
6.887460965742099006e+01
6.898436999153639704e+01
6.909421771445286709e+01
6.920415282617037178e+01
6.931417532668892534e+01
6.942428521600851354e+01
5.708050001729967704e+01
5.717103213469428624e+01
5.726163598910742536e+01
5.735231158053910860e+01
5.744305890898932887e+01
5.753387797445808616e+01
5.762476877694538757e+01
5.771573131645121890e+01
5.780676559297559436e+01
5.604552307481843343e+01
5.613378374107798408e+01
5.622211384924647604e+01
5.631051339932390931e+01
5.639898239131028390e+01
5.648752082520558560e+01
5.657612870100983571e+01
5.666480601872300582e+01
5.675355277834513146e+01
5.900612599174186812e+01
5.909839514888297884e+01
5.919073639130310482e+01
5.928314971900225316e+01
5.937563513198041676e+01
5.946819263023760271e+01
5.956082221377378971e+01
5.965352388258899907e+01
5.974629763668323079e+01
6.396362521816579516e+01
6.406294761757288825e+01
6.416234707081970612e+01
6.426182357790624167e+01
6.436137713883250910e+01
6.446100775359850843e+01
6.456071542220422543e+01
6.466050014464967433e+01
6.476036192093484090e+01
5.879118545222586079e+01
5.888184263873661450e+01
5.897256966899661279e+01
5.906336654300584854e+01
5.915423326076431465e+01
5.924516982227201822e+01
5.933617622752897347e+01
5.942725247653515908e+01
5.951839856929057504e+01
6.219949400780096482e+01
6.229474591286651020e+01
6.239007069620678436e+01
6.248546835782177311e+01
6.258093889771149065e+01
6.267648231587593699e+01
6.277209861231510502e+01
6.286778778702900894e+01
6.296354984001762745e+01
7.955298618224010454e+01
7.967397931711803949e+01
7.979506439206807045e+01
7.991624140709019741e+01
8.003751036218440618e+01
8.015887125735072516e+01
8.028032409258914015e+01
8.040186886789965115e+01
8.052350558328224395e+01
8.450920520736015362e+01
8.463686261703894331e+01
8.476461637193258980e+01
8.489246647204109308e+01
8.502041291736443895e+01
8.514845570790262741e+01
8.527659484365567266e+01
8.540483032462358892e+01
8.553316215080633356e+01
1.010911782041229685e+02
1.012428528901006359e+02
1.013946412752432309e+02
1.015465433595507108e+02
1.016985591430230897e+02
1.018506886256603678e+02
1.020029318074625451e+02
1.021552886884296356e+02
1.023077592685616111e+02
1.107249483253204687e+02
1.108899631514386783e+02
1.110551008478667399e+02
1.112203614146046391e+02
1.113857448516523760e+02
1.115512511590099649e+02
1.117168803366773773e+02
1.118826323846546416e+02
1.120485073029417578e+02
1.160678115571280955e+02
1.162396365927418884e+02
1.164115887178790842e+02
1.165836679325396688e+02
1.167558742367236135e+02
1.169282076304309754e+02
1.171006681136616976e+02
1.172732556864157942e+02
1.174459703486932938e+02
1.305835223460637167e+02
1.307755569377490872e+02
1.309677326275915163e+02
1.311600494155908905e+02
1.313525073017472948e+02
1.315451062860607010e+02
1.317378463685311374e+02
1.319307275491585472e+02
1.321237498279429872e+02
1.436653135004825970e+02
1.438751970848514645e+02
1.440852338689169301e+02
1.442954238526790220e+02
1.445057670361377404e+02
1.447162634192930852e+02
1.449269130021450565e+02
1.451377157846936257e+02
1.453486717669388213e+02
1.430818352345029325e+02
1.432895011782395045e+02
1.434973177136684228e+02
1.437052848407896875e+02
1.439134025596032700e+02
1.441216708701091989e+02
1.443300897723075025e+02
1.445386592661981240e+02
1.447473793517810634e+02
1.355123919619570358e+02
1.357077955552691719e+02
1.359033399292681281e+02
1.360990250839538760e+02
1.362948510193264724e+02
1.364908177353858889e+02
1.366869252321321540e+02
1.368831735095652107e+02
1.370795625676851159e+02
1.425265861943065033e+02
1.427307790112037935e+02
1.429351179933243259e+02
1.431396031406681573e+02
1.433442344532352308e+02
1.435490119310255750e+02
1.437539355740391613e+02
1.439590053822760183e+02
1.441642213557361458e+02
1.312537539868251599e+02
1.314405920707921780e+02
1.316275630410209203e+02
1.318146668975113585e+02
1.320019036402634924e+02
1.321892732692773507e+02
1.323767757845529331e+02
1.325644111860902115e+02
1.327521794738891856e+02
1.218164010481950328e+02
1.219887014740057793e+02
1.221611236669019007e+02
1.223336676268833969e+02
1.225063333539502821e+02
1.226791208481025421e+02
1.228520301093401770e+02
1.230250611376631866e+02
1.231982139330715853e+02
1.127955833092972853e+02
1.129541154010882877e+02
1.131127588215954489e+02
1.132715135708187262e+02
1.134303796487581621e+02
1.135893570554137426e+02
1.137484457907854818e+02
1.139076458548733513e+02
1.140669572476773794e+02
9.565093842802029656e+01
9.578452912414881837e+01
9.591821304476870580e+01
9.605199018987995885e+01
9.618586055948259173e+01
9.631982415357657601e+01
9.645388097216192591e+01
9.658803101523864143e+01
9.672227428280672257e+01
9.217032683969844697e+01
9.229825234537463530e+01
9.242626656499373894e+01
9.255436949855575790e+01
9.268256114606069218e+01
9.281084150750851336e+01
9.293921058289924986e+01
9.306766837223291589e+01
9.319621487550948302e+01
7.916218985379167350e+01
7.927137908117620668e+01
7.938064355957894236e+01
7.948998328899983790e+01
7.959939826943893593e+01
7.970888850089620803e+01
7.981845398337166841e+01
7.992809471686530287e+01
8.003781070137713982e+01
6.618097072643658407e+01
6.627169172811777287e+01
6.636247486747136293e+01
6.645332014449734004e+01
6.654422755919568999e+01
6.663519711156644121e+01
6.672622880160955106e+01
6.681732262932506217e+01
6.690847859471296033e+01
4.864550892126759152e+01
4.871178345658267261e+01
4.877810310730640708e+01
4.884446787343879492e+01
4.891087775497984325e+01
4.897733275192953784e+01
4.904383286428789290e+01
4.911037809205490845e+01
4.917696843523057737e+01
3.833587658181439650e+01
3.838778704434901101e+01
3.843973262898276744e+01
3.849171333571567288e+01
3.854372916454772735e+01
3.859578011547891663e+01
3.864786618850924782e+01
3.869998738363872803e+01
3.875214370086735016e+01
1.239825888149356281e+01
1.241494563638117299e+01
1.243164361302727983e+01
1.244835281143188688e+01
1.246507323159499236e+01
1.248180487351659629e+01
1.249854773719669865e+01
1.251530182263530122e+01
1.253206712983240045e+01
6.615489586655939114e+00
6.624339739949124173e+00
6.633195809120178588e+00
6.642057794169103246e+00
6.650925695095898149e+00
6.659799511900562408e+00
6.668679244583096022e+00
6.677564893143500768e+00
6.686456457581773982e+00
-2.702701956486296453e+01
-2.706295975045453872e+01
-2.709892381656809945e+01
-2.713491176320364673e+01
-2.717092359036118410e+01
-2.720695929804070801e+01
-2.724301888624221846e+01
-2.727910235496571900e+01
-2.731520970421120609e+01
-2.735134093397868327e+01
-2.738749604426814699e+01
-2.742367503507959370e+01
-2.745987790641303405e+01
-2.749610465826846095e+01
-2.753235529064587439e+01
-2.756862980354527792e+01
-2.760492819696666800e+01
-5.017955584939844016e+01
-5.024553817135687694e+01
-5.031156384569506201e+01
-5.037763287241298116e+01
-5.044374525151064148e+01
-5.050990098298802877e+01
-5.057610006684515724e+01
-5.064234250308201979e+01
-5.070862829169861641e+01
-5.077495743269495421e+01
-5.084132992607102608e+01
-5.090774577182683913e+01
-5.097420496996237915e+01
-5.104070752047766035e+01
-5.110725342337267563e+01
-5.117384267864742498e+01
-5.124047528630191550e+01
-5.848211508277690740e+01
-5.855816464725386084e+01
-5.863426362665250480e+01
-5.871041202097283218e+01
-5.878660983021485009e+01
-5.886285705437855142e+01
-5.893915369346393618e+01
-5.901549974747101146e+01
-5.909189521639978437e+01
-5.916834010025023360e+01
-5.924483439902237336e+01
-5.932137811271620365e+01
-5.939797124133171735e+01
-5.947461378486891448e+01
-5.955130574332780213e+01
-5.962804711670838032e+01
-5.970483790501064902e+01
-2.420143567709818555e+01
-2.423256292555747748e+01
-2.426371017867515789e+01
-2.429487743645123743e+01
-2.432606469888570544e+01
-2.435727196597856548e+01
-2.438849923772982109e+01
-2.441974651413946873e+01
-2.445101379520750839e+01
-2.448230108093394009e+01
-2.451360837131876735e+01
-2.454493566636198665e+01
-2.457628296606360152e+01
-2.460765027042360131e+01
-2.463903757944200024e+01
-2.467044489311879119e+01
-2.470187221145397416e+01
5.337693709575395218e+01
5.344484668493430490e+01
5.351279944613574457e+01
5.358079537935827830e+01
5.364883448460190607e+01
5.371691676186663500e+01
5.378504221115244377e+01
5.385321083245936080e+01
5.392142262578736478e+01
5.398967759113645570e+01
5.405797572850665489e+01
5.412631703789794102e+01
5.419470151931032120e+01
5.426312917274379544e+01
5.433159999819835662e+01
5.440011399567401185e+01
5.446867116517076823e+01
1.723607797731509663e+02
1.725777222272392635e+02
1.727948011231225678e+02
1.730120164608009077e+02
1.732293682402742832e+02
1.734468564615426658e+02
1.736644811246060840e+02
1.738822422294645378e+02
1.741001397761179987e+02
1.743181737645664953e+02
1.745363441948099990e+02
1.747546510668485382e+02
1.749730943806820846e+02
1.751916741363106951e+02
1.754103903337342842e+02
1.756292429729529090e+02
1.758482320539665693e+02
2.995262910074323486e+02
2.998993000871427625e+02
3.002725412820240649e+02
3.006460145920763125e+02
3.010197200172995622e+02
3.013936575576937003e+02
3.017678272132588404e+02
3.021422289839949258e+02
3.025168628699018996e+02
3.028917288709798186e+02
3.032668269872287397e+02
3.036421572186485491e+02
3.040177195652393607e+02
3.043935140270010606e+02
3.047695406039337627e+02
3.051457992960374099e+02
3.055222901033119456e+02
4.008000787814676755e+02
4.012939790633918165e+02
4.017881834711053557e+02
4.022826920046082932e+02
4.027775046639005154e+02
4.032726214489821359e+02
4.037680423598531547e+02
4.042637673965134582e+02
4.047597965589632167e+02
4.052561298472023168e+02
4.057527672612307015e+02
4.062497088010484845e+02
4.067469544666556658e+02
4.072445042580521886e+02
4.077423581752381097e+02
4.082405162182133154e+02
4.087389783869779194e+02
4.935860598987783305e+02
4.941879941181670688e+02
4.947902951469521895e+02
4.953929629851335790e+02
4.959959976327114077e+02
4.965993990896854484e+02
4.972031673560559284e+02
4.978073024318227340e+02
4.984118043169858083e+02
4.990166730115452651e+02
4.996219085155010475e+02
5.002275108288531555e+02
5.008334799516016460e+02
5.014398158837464052e+02
5.020465186252875469e+02
5.026535881762250142e+02
5.032610245365588071e+02
5.606888473310344807e+02
5.613655991081388947e+02
5.620427590588121802e+02
5.627203271830543372e+02
5.633983034808651382e+02
5.640766879522449244e+02
5.647554805971934684e+02
5.654346814157108838e+02
5.661142904077970570e+02
5.667943075734521017e+02
5.674747329126759041e+02
5.681555664254685780e+02
5.688368081118300097e+02
5.695184579717603128e+02
5.702005160052593737e+02
5.708829822123273061e+02
5.715658565929641100e+02
5.960020586408609233e+02
5.967141280060233157e+02
5.974266224872245630e+02
5.981395420844646651e+02
5.988528867977436221e+02
5.995666566270615476e+02
6.002808515724184417e+02
6.009954716338141907e+02
6.017105168112487945e+02
6.024259871047223669e+02
6.031418825142347941e+02
6.038582030397861899e+02
6.045749486813764406e+02
6.052921194390055462e+02
6.060097153126736202e+02
6.067277363023805492e+02
6.074461824081264467e+02
5.807547639923715224e+02
5.814416413004643118e+02
5.821289245644128414e+02
5.828166137842172247e+02
5.835047089598774619e+02
5.841932100913935528e+02
5.848821171787653839e+02
5.855714302219931824e+02
5.862611492210768347e+02
5.869512741760163408e+02
5.876418050868115870e+02
5.883327419534628007e+02
5.890240847759698681e+02
5.897158335543326757e+02
5.904079882885513371e+02
5.911005489786259659e+02
5.917935156245562212e+02
5.464080416220228926e+02
5.470478636848122278e+02
5.476880601314884416e+02
5.483286309620515340e+02
5.489695761765016186e+02
5.496108957748386956e+02
5.502525897570626512e+02
5.508946581231735991e+02
5.515371008731714255e+02
5.521799180070562443e+02
5.528231095248280553e+02
5.534666754264866313e+02
5.541106157120324269e+02
5.547549303814648738e+02
5.553996194347845403e+02
5.560446828719909718e+02
5.566901206930843955e+02
4.953054295747064089e+02
4.958796967394306421e+02
4.964542966197776082e+02
4.970292292157472502e+02
4.976044945273395683e+02
4.981800925545545624e+02
4.987560232973921757e+02
4.993322867558524649e+02
4.999088829299354870e+02
5.004858118196410715e+02
5.010630734249693887e+02
5.016406677459203252e+02
5.022185947824939944e+02
5.027968545346902829e+02
5.033754470025093042e+02
5.039543721859508878e+02
5.045336300850152043e+02
4.229361386005994632e+02
4.234217139606460591e+02
4.239075679066709199e+02
4.243937004386739886e+02
4.248801115566552085e+02
4.253668012606147499e+02
4.258537695505524994e+02
4.263410164264684568e+02
4.268285418883626789e+02
4.273163459362350522e+02
4.278044285700856904e+02
4.282927897899145933e+02
4.287814295957216473e+02
4.292703479875069661e+02
4.297595449652704929e+02
4.302490205290122276e+02
4.307387746787322271e+02
3.387645918985355138e+02
3.391497705135423644e+02
3.395351679800349984e+02
3.399207842980134728e+02
3.403066194674777307e+02
3.406926734884278289e+02
3.410789463608636538e+02
3.414654380847853190e+02
3.418521486601927677e+02
3.422390780870860567e+02
3.426262263654650724e+02
3.430135934953299284e+02
3.434011794766806247e+02
3.437889843095170477e+02
3.441770079938393110e+02
3.445652505296473578e+02
3.449537119169412449e+02
2.417861078290316073e+02
2.420583894819922364e+02
2.423308243604187737e+02
2.426034124643112477e+02
2.428761537936696584e+02
2.431490483484940341e+02
2.434220961287842897e+02
2.436952971345405388e+02
2.439686513657626392e+02
2.442421588224507332e+02
2.445158195046047638e+02
2.447896334122246742e+02
2.450636005453105497e+02
2.453377209038623334e+02
2.456119944878800823e+02
2.458864212973637393e+02
2.461610013323133330e+02
1.518031216869422622e+02
1.519724503223989984e+02
1.521418733439401478e+02
1.523113907515656820e+02
1.524810025452756577e+02
1.526507087250700749e+02
1.528205092909489053e+02
1.529904042429121773e+02
1.531603935809598624e+02
1.533304773050919607e+02
1.535006554153085006e+02
1.536709279116094535e+02
1.538412947939948197e+02
1.540117560624646273e+02
1.541823117170188198e+02
1.543529617576574822e+02
1.545237061843805577e+02
5.755316213627251187e+01
5.761675679056672550e+01
5.768038656062809366e+01
5.774405144645660215e+01
5.780775144805225096e+01
5.787148656541504721e+01
5.793525679854498378e+01
5.799906214744205357e+01
5.806290261210627079e+01
5.812677819253763545e+01
5.819068888873613332e+01
5.825463470070178573e+01
5.831861562843457136e+01
5.838263167193449732e+01
5.844668283120156360e+01
5.851076910623577731e+01
5.857489049703713135e+01
-3.433563675583945241e+01
-3.437322365978673133e+01
-3.441083112549765843e+01
-3.444845915297222660e+01
-3.448610774221045006e+01
-3.452377689321231458e+01
-3.456146660597783438e+01
-3.459917688050699525e+01
-3.463690771679980429e+01
-3.467465911485626862e+01
-3.471243107467636690e+01
-3.475022359626012047e+01
-3.478803667960752222e+01
-3.482587032471857214e+01
-3.486372453159326312e+01
-3.490159930023160229e+01
-3.493949463063358962e+01
-1.100500368110582485e+02
-1.101693969377513582e+02
-1.102888217582800792e+02
-1.104083112726444256e+02
-1.105278654808443690e+02
-1.106474843828799095e+02
-1.107671679787510612e+02
-1.108869162684578100e+02
-1.110067292520001843e+02
-1.111266069293781555e+02
-1.112465493005917239e+02
-1.113665563656409176e+02
-1.114866281245257085e+02
-1.116067645772460821e+02
-1.117269657238020955e+02
-1.118472315641937058e+02
-1.119675620984209132e+02
-1.408703790466521184e+02
-1.410217711788892814e+02
-1.411732446173198809e+02
-1.413247993619439455e+02
-1.414764354127614752e+02
-1.416281527697724698e+02
-1.417799514329769579e+02
-1.419318314023748826e+02
-1.420837926779663007e+02
-1.422358352597511839e+02
-1.423879591477295037e+02
-1.425401643419013453e+02
-1.426924508422665951e+02
-1.428448186488253384e+02
-1.429972677615775751e+02
-1.431497981805232484e+02
-1.433024099056624152e+02
-1.697781146459254558e+02
-1.699589220097656437e+02
-1.701398255989191739e+02
-1.703208254133861033e+02
-1.705019214531664318e+02
-1.706831137182601026e+02
-1.708644022086672010e+02
-1.710457869243876416e+02
-1.712272678654214815e+02
-1.714088450317686920e+02
-1.715905184234292733e+02
-1.717722880404032537e+02
-1.719541538826906049e+02
-1.721361159502913551e+02
-1.723181742432054477e+02
-1.725003287614329395e+02
-1.726825795049738019e+02
-1.884961559560564410e+02
-1.886950964900470069e+02
-1.888941419504795363e+02
-1.890932923373540575e+02
-1.892925476506705706e+02
-1.894919078904290473e+02
-1.896913730566294873e+02
-1.898909431492719193e+02
-1.900906181683563148e+02
-1.902903981138827305e+02
-1.904902829858510813e+02
-1.906902727842613956e+02
-1.908903675091137302e+02
-1.910905671604080283e+02
-1.912908717381443182e+02
-1.914912812423225716e+02
-1.916917956729427885e+02
-1.897072477539672093e+02
-1.899056862976429159e+02
-1.901042285729148773e+02
-1.903028745797831220e+02
-1.905016243182476785e+02
-1.907004777883084898e+02
-1.908994349899655560e+02
-1.910984959232189055e+02
-1.912976605880685383e+02
-1.914969289845144260e+02
-1.916963011125566254e+02
-1.918957769721950797e+02
-1.920953565634297888e+02
-1.922950398862608097e+02
-1.924948269406881138e+02
-1.926947177267116444e+02
-1.928947122443314868e+02
-1.663964152705224535e+02
-1.665689361780087268e+02
-1.667415464745662632e+02
-1.669142461601950060e+02
-1.670870352348950121e+02
-1.672599136986662245e+02
-1.674328815515087001e+02
-1.676059387934224105e+02
-1.677790854244073557e+02
-1.679523214444635073e+02
-1.681256468535909221e+02
-1.682990616517896001e+02
-1.684725658390594845e+02
-1.686461594154005752e+02
-1.688198423808129576e+02
-1.689936147352965463e+02
-1.691674764788513983e+02
-1.660926718123079411e+02
-1.662633734277368092e+02
-1.664341627173390066e+02
-1.666050396811145049e+02
-1.667760043190633326e+02
-1.669470566311854327e+02
-1.671181966174808622e+02
-1.672894242779495926e+02
-1.674607396125916523e+02
-1.676321426214069561e+02
-1.678036333043956176e+02
-1.679752116615575801e+02
-1.681468776928928719e+02
-1.683186313984014362e+02
-1.684904727780833014e+02
-1.686624018319384959e+02
-1.688344185599669629e+02
-1.686475349616188737e+02
-1.688193612835359545e+02
-1.689912750933970074e+02
-1.691632763912019755e+02
-1.693353651769509156e+02
-1.695075414506437994e+02
-1.696798052122806268e+02
-1.698521564618614264e+02
-1.700245951993861411e+02
-1.701971214248548279e+02
-1.703697351382674583e+02
-1.705424363396240608e+02
-1.707152250289245785e+02
-1.708881012061690399e+02
-1.710610648713574733e+02
-1.712341160244898788e+02
-1.714072546655661995e+02
-1.487909722137899848e+02
-1.489412661251170675e+02
-1.490916359041429189e+02
-1.492420815508675958e+02
-1.493926030652910413e+02
-1.495432004474133123e+02
-1.496938736972343804e+02
-1.498446228147542456e+02
-1.499954477999729363e+02
-1.501463486528904241e+02
-1.502973253735066805e+02
-1.504483779618217625e+02
-1.505995064178356699e+02
-1.507507107415483460e+02
-1.509019909329598477e+02
-1.510533469920701464e+02
-1.512047789188792137e+02
-9.049911350201045934e+01
-9.058974856811163079e+01
-9.068042899710873428e+01
-9.077115478900178402e+01
-9.086192594379078002e+01
-9.095274246147573649e+01
-9.104360434205663921e+01
-9.113451158553347398e+01
-9.122546419190625500e+01
-9.131646216117499648e+01
-9.140750549333967001e+01
-9.149859418840030401e+01
-9.158972824635688426e+01
-9.168090766720939655e+01
-9.177213245095786931e+01
-9.186340259760227411e+01
-9.195471810714263938e+01
-1.196532617933863065e+02
-1.197720833046011819e+02
-1.198909637843079850e+02
-1.200099032325067014e+02
-1.201289016491973314e+02
-1.202479590343798890e+02
-1.203670753880543600e+02
-1.204862507102207445e+02
-1.206054850008790567e+02
-1.207247782600292965e+02
-1.208441304876714213e+02
-1.209635416838055022e+02
-1.210830118484314681e+02
-1.212025409815493759e+02
-1.213221290831591972e+02
-1.214417761532609319e+02
-1.215614821918545800e+02
-1.216812471989401558e+02
-1.218010711745176451e+02
-1.219209541185870336e+02
-1.220408960311483639e+02
-1.221608969122016219e+02
-1.222809567617467792e+02
-1.224010755797838499e+02
-1.225212533663128625e+02
-1.226414901213337743e+02
-1.227617858448465995e+02
-1.228821405368513524e+02
-1.230025541973480188e+02
-1.231230268263366128e+02
-1.232435584238171202e+02
-1.233641489897895269e+02
-1.234847985242538897e+02
-1.636822631748001697e+02
-1.638421872228458938e+02
-1.640021893588056798e+02
-1.641622695826795848e+02
-1.643224278944675802e+02
-1.644826642941696377e+02
-1.646429787817857857e+02
-1.648033713573160242e+02
-1.649638420207603247e+02
-1.651243907721187441e+02
-1.652850176113912255e+02
-1.654457225385778258e+02
-1.656065055536784882e+02
-1.657673666566932127e+02
-1.659283058476220276e+02
-1.660893231264649614e+02
-1.662504184932219573e+02
-1.664115919478930437e+02
-1.665728434904781921e+02
-1.667341731209774593e+02
-1.668955808393907887e+02
-1.670570666457182085e+02
-1.672186305399597188e+02
-1.673802725221153196e+02
-1.675419925921849824e+02
-1.677037907501687641e+02
-1.678656669960666079e+02
-1.680276213298785422e+02
-1.681896537516045385e+02
-1.683517642612446537e+02
-1.685139528587988309e+02
-1.686762195442670986e+02
-1.688385643176494568e+02
-2.053500669494401905e+02
-2.055475189368915778e+02
-2.057450658075661352e+02
-2.059427075614638909e+02
-2.061404441985848450e+02
-2.063382757189289691e+02
-2.065362021224962916e+02
-2.067342234092867841e+02
-2.069323395793005034e+02
-2.071305506325373642e+02
-2.073288565689974519e+02
-2.075272573886806811e+02
-2.077257530915871087e+02
-2.079243436777167631e+02
-2.081230291470695590e+02
-2.083218094996455534e+02
-2.085206847354447461e+02
-2.087196548544671089e+02
-2.089187198567126700e+02
-2.091178797421814295e+02
-2.093171345108733590e+02
-2.095164841627884584e+02
-2.097159286979267847e+02
-2.099154681162882810e+02
-2.101151024178729472e+02
-2.103148316026807834e+02
-2.105146556707118464e+02
-2.107145746219660793e+02
-2.109145884564435107e+02
-2.111146971741441405e+02
-2.113149007750679118e+02
-2.115151992592148815e+02
-2.117155926265850781e+02
-2.253099359880297072e+02
-2.255231966941234418e+02
-2.257365582803998052e+02
-2.259500207468588258e+02
-2.261635840935004751e+02
-2.263772483203247532e+02
-2.265910134273316601e+02
-2.268048794145212241e+02
-2.270188462818934170e+02
-2.272329140294482386e+02
-2.274470826571856890e+02
-2.276613521651057965e+02
-2.278757225532085329e+02
-2.280901938214939264e+02
-2.283047659699619203e+02
-2.285194389986125714e+02
-2.287342129074458512e+02
-2.289490876964617598e+02
-2.291640633656603256e+02
-2.293791399150415202e+02
-2.295943173446053436e+02
-2.298095956543518241e+02
-2.300249748442809050e+02
-2.302404549143926431e+02
-2.304560358646870100e+02
-2.306717176951640340e+02
-2.308875004058236868e+02
-2.311033839966659684e+02
-2.313193684676908788e+02
-2.315354538188984463e+02
-2.317516400502886427e+02
-2.319679271618614678e+02
-2.321843151536169501e+02
-2.433958192529326539e+02
-2.436226559903538487e+02
-2.438495983806569143e+02
-2.440766464238419076e+02
-2.443038001199087432e+02
-2.445310594688575065e+02
-2.447584244706881691e+02
-2.449858951254007025e+02
-2.452134714329951066e+02
-2.454411533934714384e+02
-2.456689410068296411e+02
-2.458968342730697429e+02
-2.461248331921917440e+02
-2.463529377641956160e+02
-2.465811479890814155e+02
-2.468094638668490575e+02
-2.470378853974986271e+02
-2.472664125810300959e+02
-2.474950454174434356e+02
-2.477237839067386460e+02
-2.479526280489157841e+02
-2.481815778439748215e+02
-2.484106332919157012e+02
-2.486397943927385086e+02
-2.488690611464432152e+02
-2.490984335530297926e+02
-2.493279116124982693e+02
-2.495574953248486167e+02
-2.497871846900808919e+02
-2.500169797081950662e+02
-2.502468803791910830e+02
-2.504768867030689989e+02
-2.507069986798288426e+02
-2.340270205364437004e+02
-2.342418227581384826e+02
-2.344567235129624692e+02
-2.346717228009156599e+02
-2.348868206219980550e+02
-2.351020169762097112e+02
-2.353173118635505716e+02
-2.355327052840206363e+02
-2.357481972376199053e+02
-2.359637877243484354e+02
-2.361794767442061698e+02
-2.363952642971930800e+02
-2.366111503833092513e+02
-2.368271350025545985e+02
-2.370432181549292352e+02
-2.372593998404330193e+02
-2.374756800590660646e+02
-2.376920588108283141e+02
-2.379085360957197679e+02
-2.381251119137404544e+02
-2.383417862648903451e+02
-2.385585591491694686e+02
-2.387754305665777963e+02
-2.389924005171153567e+02
-2.392094690007821214e+02
-2.394266360175781188e+02
-2.396439015675033204e+02
-2.398612656505577547e+02
-2.400787282667413933e+02
-2.402962894160542646e+02
-2.405139490984963402e+02
-2.407317073140676200e+02
-2.409495640627681610e+02
-2.251941020562776146e+02
-2.253977133601259482e+02
-2.256014166708897335e+02
-2.258052119885689422e+02
-2.260090993131636026e+02
-2.262130786446736579e+02
-2.264171499830991650e+02
-2.266213133284400953e+02
-2.268255686806964775e+02
-2.270299160398682830e+02
-2.272343554059555117e+02
-2.274388867789581639e+02
-2.276435101588762677e+02
-2.278482255457097665e+02
-2.280530329394587170e+02
-2.282579323401231193e+02
-2.284629237477029449e+02
-2.286680071621981654e+02
-2.288731825836088376e+02
-2.290784500119349616e+02
-2.292838094471764805e+02
-2.294892608893334796e+02
-2.296948043384058451e+02
-2.299004397943936908e+02
-2.301061672572969314e+02
-2.303119867271156522e+02
-2.305178982038497679e+02
-2.307239016874993354e+02
-2.309299971780642977e+02
-2.311361846755447402e+02
-2.313424641799405777e+02
-2.315488356912518384e+02
-2.317552992094785509e+02
-2.071126609174150985e+02
-2.072971710830430823e+02
-2.074817633992345804e+02
-2.076664378659895647e+02
-2.078511944833080634e+02
-2.080360332511900481e+02
-2.082209541696355757e+02
-2.084059572386445893e+02
-2.085910424582170890e+02
-2.087762098283530747e+02
-2.089614593490526033e+02
-2.091467910203156180e+02
-2.093322048421421471e+02
-2.095177008145321906e+02
-2.097032789374856918e+02
-2.098889392110027075e+02
-2.100746816350832660e+02
-2.102605062097273105e+02
-2.104464129349348411e+02
-2.106324018107058578e+02
-2.108184728370404173e+02
-2.110046260139384913e+02
-2.111908613414000229e+02
-2.113771788194250689e+02
-2.115635784480136294e+02
-2.117500602271657044e+02
-2.119366241568812654e+02
-2.121232702371603409e+02
-2.123099984680029024e+02
-2.124968088494089784e+02
-2.126837013813785404e+02
-2.128706760639116453e+02
-2.130577328970082363e+02
-1.817256212434328688e+02
-1.818851696378520160e+02
-1.820447880403424392e+02
-1.822044764509041670e+02
-1.823642348695371140e+02
-1.825240632962413656e+02
-1.826839617310168649e+02
-1.828439301738636402e+02
-1.830039686247816917e+02
-1.831640770837709908e+02
-1.833242555508315661e+02
-1.834845040259634175e+02
-1.836448225091665165e+02
-1.838052110004409201e+02
-1.839656694997865714e+02
-1.841261980072034703e+02
-1.842867965226916738e+02
-1.844474650462511249e+02
-1.846082035778818238e+02
-1.847690121175838271e+02
-1.849298906653570782e+02
-1.850908392212016054e+02
-1.852518577851173802e+02
-1.854129463571044596e+02
-1.855741049371627867e+02
-1.857353335252923898e+02
-1.858966321214932407e+02
-1.860580007257653676e+02
-1.862194393381087707e+02
-1.863809479585234214e+02
-1.865425265870093767e+02
-1.867041752235665797e+02
-1.868658938681950303e+02
-1.632106806138493482e+02
-1.633519274166307298e+02
-1.634932353123198538e+02
-1.636346043009167488e+02
-1.637760343824214146e+02
-1.639175255568339082e+02
-1.640590778241541443e+02
-1.642006911843821513e+02
-1.643423656375179291e+02
-1.644841011835615063e+02
-1.646258978225128544e+02
-1.647677555543719734e+02
-1.649096743791388633e+02
-1.650516542968135525e+02
-1.651936953073960126e+02
-1.653357974108862436e+02
-1.654779606072842455e+02
-1.656201848965900183e+02
-1.657624702788036188e+02
-1.659048167539249619e+02
-1.660472243219540758e+02
-1.661896929828909606e+02
-1.663322227367356163e+02
-1.664748135834880713e+02
-1.666174655231483257e+02
-1.667601785557163225e+02
-1.669029526811921187e+02
-1.670457878995756857e+02
-1.671886842108670237e+02
-1.673316416150661325e+02
-1.674746601121730407e+02
-1.676177397021876914e+02
-1.677608803851101413e+02
-1.506627544772988756e+02
-1.507913063155900772e+02
-1.509199129734285236e+02
-1.510485744508142432e+02
-1.511772907477471790e+02
-1.513060618642273880e+02
-1.514348878002548133e+02
-1.515637685558295118e+02
-1.516927041309514266e+02
-1.518216945256206145e+02
-1.519507397398370472e+02
-1.520798397736006962e+02
-1.522089946269116183e+02
-1.523382042997697567e+02
-1.524674687921751683e+02
-1.525967881041278247e+02
-1.527261622356277257e+02
-1.528555911866748716e+02
-1.529850749572692621e+02
-1.531146135474108974e+02
-1.532442069570997489e+02
-1.533738551863359021e+02
-1.535035582351192716e+02
-1.536333161034498858e+02
-1.537631287913277447e+02
-1.538929962987528484e+02
-1.540229186257251968e+02
-1.541528957722447899e+02
-1.542829277383116562e+02
-1.544130145239257388e+02
-1.545431561290870661e+02
-1.546733525537956666e+02
-1.548036037980514834e+02
-1.488803723255573175e+02
-1.490056397822889380e+02
-1.491309599166727082e+02
-1.492563327287085997e+02
-1.493817582183965840e+02
-1.495072363857366895e+02
-1.496327672307289163e+02
-1.497583507533732359e+02
-1.498839869536697051e+02
-1.500096758316182672e+02
-1.501354173872189506e+02
-1.502612116204717552e+02
-1.503870585313766810e+02
-1.505129581199336997e+02
-1.506389103861428680e+02
-1.507649153300041291e+02
-1.508909729515174831e+02
-1.510170832506830152e+02
-1.511432462275006117e+02
-1.512694618819703578e+02
-1.513957302140921684e+02
-1.515220512238661570e+02
-1.516484249112922384e+02
-1.517748512763704127e+02
-1.519013303191007367e+02
-1.520278620394831535e+02
-1.521544464375176915e+02
-1.522810835132043508e+02
-1.524077732665431029e+02
-1.525345156975340046e+02
-1.526613108061769992e+02
-1.527881585924721435e+02
-1.529150590564193521e+02
-1.447438465489946680e+02
-1.448639659237241233e+02
-1.449841351198450070e+02
-1.451043541373573191e+02
-1.452246229762610596e+02
-1.453449416365562286e+02
-1.454653101182428259e+02
-1.455857284213208231e+02
-1.457061965457902772e+02
-1.458267144916511313e+02
-1.459472822589034422e+02
-1.460678998475471531e+02
-1.461885672575823207e+02
-1.463092844890088600e+02
-1.464300515418268844e+02
-1.465508684160363089e+02
-1.466717351116371617e+02
-1.467926516286294429e+02
-1.469136179670131526e+02
-1.470346341267882906e+02
-1.471557001079548570e+02
-1.472768159105128234e+02
-1.473979815344622466e+02
-1.475191969798030982e+02
-1.476404622465353498e+02
-1.477617773346590582e+02
-1.478831422441741665e+02
-1.480045569750807317e+02
-1.481260215273786969e+02
-1.482475359010680904e+02
-1.483691000961489124e+02
-1.484907141126211627e+02
-1.486123779504848414e+02
-1.346228317736310203e+02
-1.347330428516282552e+02
-1.348432990241745983e+02
-1.349536002912700212e+02
-1.350639466529145807e+02
-1.351743381091081915e+02
-1.352847746598509389e+02
-1.353952563051427660e+02
-1.355057830449837013e+02
-1.356163548793737448e+02
-1.357269718083128680e+02
-1.358376338318010994e+02
-1.359483409498384390e+02
-1.360590931624248583e+02
-1.361698904695603858e+02
-1.362807328712449930e+02
-1.363916203674787084e+02
-1.365025529582615320e+02
-1.366135306435934638e+02
-1.367245534234744753e+02
-1.368356212979045949e+02
-1.369467342668838228e+02
-1.370578923304121304e+02
-1.371690954884895461e+02
-1.372803437411160417e+02
-1.373916370882916738e+02
-1.375029755300163856e+02
-1.376143590662901772e+02
-1.377257876971131054e+02
-1.378372614224850849e+02
-1.379487802424062011e+02
-1.380603441568763969e+02
-1.381719531658957010e+02
-1.238926385327264228e+02
-1.239927133619127915e+02
-1.240928285927257946e+02
-1.241929842251654463e+02
-1.242931802592317325e+02
-1.243934166949246531e+02
-1.244936935322442366e+02
-1.245940107711904403e+02
-1.246943684117632927e+02
-1.247947664539627652e+02
-1.248952048977889007e+02
-1.249956837432416705e+02
-1.250962029903210748e+02
-1.251967626390271278e+02
-1.252973626893598151e+02
-1.253980031413191227e+02
-1.254986839949050932e+02
-1.255994052501176981e+02
-1.257001669069569516e+02
-1.258009689654228396e+02
-1.259018114255153620e+02
-1.260026942872345046e+02
-1.261036175505803243e+02
-1.262045812155527500e+02
-1.263055852821518528e+02
-1.264066297503775615e+02
-1.265077146202299332e+02
-1.266088398917089251e+02
-1.267100055648145656e+02
-1.268112116395468547e+02
-1.269124581159057641e+02
-1.270137449938913221e+02
-1.271150722735035288e+02
