2.155975029247225380e-02
-3.118192022510289929e-01
-1.242383410623161405e-01
-1.806816592910726049e-01
-2.101150708046170268e-01
-2.482929767299462409e-01
-2.896715160721253790e-01
-3.397499698878704288e-01
-3.723327362412410246e-01
-4.070456293087842403e-01
-3.879843050107840696e-01
-3.824519513453504271e-01
-3.833729453528353925e-01
-4.086981027384558041e-01
-3.750832289747333403e-01
-3.604651590757582680e-01
-5.867462322448812051e-01
-4.975278513517752965e-01
-3.899737982333802422e-01
-2.845793193383896469e-01
-1.079233047345773688e-01
-1.031527635897701994e-01
-6.613222246452489517e-02
-1.251331710639129631e-04
1.307928762707358250e-01
1.655512990476689650e-01
3.283159644602434146e-01
2.267929851226820614e-01
4.035159010530888768e-01
5.175962861426762762e-01
8.077419074304215130e-01
9.854227492122129561e-01
1.286312786916422146e+00
1.724544770272109506e+00
2.147401047452098588e+00
2.460204049335627197e+00
2.189636874276798206e+00
1.405870349430957011e+00
2.581019537378035356e-01
-1.887994357656393785e+00
-2.634144056652563126e+00
-2.144711993489956559e+00
-4.251536510464743457e-01
2.081182029136233957e+00
6.375980018537027227e+00
9.304706766951246877e+00
7.814082696108441972e+00
7.055381544271243754e+00
2.766844419327945115e+00
-1.270640443939532016e+00
-4.649424244486565883e+00
-6.161240466593437937e+00
-7.741058756437636745e+00
-5.890929904399227368e+00
-4.543594841804447171e+00
-2.884430263484634160e+00
5.835985995157213502e-01
4.372694079447914106e+00
1.014332526388122169e+01
1.553065243708919319e+01
1.720920821640666531e+01
1.946197809708426618e+01
2.119361864245081151e+01
1.739913813950785837e+01
1.663260777937609802e+01
1.182719696211594140e+01
1.038881862935746980e+01
5.393845039802384278e+00
-3.303546007738333401e+00
-3.555813461684207866e+00
-1.091272782692780474e+01
-2.451678709187870808e+01
-3.730889848778880236e+01
-5.824157202945187350e+01
-9.061209757221210737e+01
-1.341908562132230713e+02
-1.916536343937569029e+02
-2.525340124864434017e+02
-3.083387759485704578e+02
-3.421056790858731347e+02
-3.600673990600909633e+02
-3.651970500509684143e+02
-3.739132629037484890e+02
-3.789267419784072217e+02
-3.853654785687633080e+02
-3.967441420042924278e+02
-3.980394305525909431e+02
-3.888776773337438044e+02
-3.729742842265079616e+02
-3.525483887347659220e+02
-3.343938869024592009e+02
-3.031624563626533018e+02
-2.867199305040891772e+02
-2.760658538019137609e+02
-2.640919597258452427e+02
-2.543312264819837196e+02
-2.496405478725347393e+02
-2.422771475103870387e+02
-2.371810489448979240e+02
-2.356870738975448205e+02
-2.381261929222565925e+02
-2.392896302173917604e+02
-2.449585860163949178e+02
-2.534715004195723509e+02
-2.564407133411224891e+02
-2.436421668884077292e+02
-2.370346341046109160e+02
-2.104105512358074463e+02
-1.975588290544325218e+02
-1.525184327498644450e+02
-1.293432991461591541e+02
-6.609909416980303831e+01
-3.397742940811083656e+01
6.039054431173663318e+01
1.502256231150891779e+02
2.920132485949872034e+02
4.064158301544531469e+02
5.100155694771511321e+02
6.111017509911038132e+02
7.294638398275968711e+02
8.267627833814575524e+02
8.491249150144903979e+02
8.752328169050825863e+02
9.037553080146758475e+02
9.644813662832843875e+02
9.727434259461341526e+02
9.568003985080232496e+02
9.703630168680720089e+02
9.705385024914537553e+02
9.725233033761802517e+02
1.008213473832189152e+03
9.980518526069931795e+02
9.694196534713601068e+02
9.703114144266068024e+02
9.745180786290596870e+02
8.818125755762586095e+02
8.164253119458617221e+02
7.458067869438664275e+02
6.084730683268707025e+02
5.924963501714117911e+02
5.422717226525563774e+02
5.226926239413551230e+02
5.258222878241949729e+02
5.085522059071835201e+02
6.208619515878590391e+02
5.169896822914600989e+02
5.075929247790606382e+02
5.343828787461942511e+02
5.792547058646844107e+02
5.323901946593559842e+02
5.632306364276452086e+02
7.203403514618225927e+02
7.651866066127254271e+02
9.152904432621547812e+02
1.002475389774166615e+03
1.050806680816214111e+03
1.182176798660435907e+03
1.300556499316138343e+03
1.295225140787199734e+03
1.226657882594543025e+03
1.290102495035814854e+03
1.188021119350222762e+03
1.102560653198113869e+03
1.020876756700307851e+03
8.656755417700842372e+02
8.341457117328334334e+02
7.163968419554959155e+02
5.988999121629327647e+02
4.401992532570782259e+02
3.468946161439038178e+02
1.121859957371098915e+02
5.985850873219917645e+01
-4.643634365980760208e+02
-8.620555248443426990e+02
-1.004572299322820527e+03
-4.156713154688397935e+02
9.166729917306882953e+02
2.959730210320190963e+03
5.142834020283205064e+03
6.880978583163404437e+03
8.473075502505611439e+03
9.624026204340589175e+03
1.022916550946316602e+04
9.966522351752899340e+03
9.376207089156850998e+03
8.498518883795926740e+03
7.256142043641722921e+03
5.811531172926380350e+03
4.147498331213015263e+03
2.603745945637539990e+03
9.870765080223036421e+02
-5.888316257853807656e+02
-1.887127594826466748e+03
-2.415441061988894489e+03
-2.910883183676094632e+03
-3.231561913856221054e+03
-3.252081391242805239e+03
-2.852262687585457115e+03
-2.846850458945412356e+03
-2.890435965930130351e+03
-2.549938089610095631e+03
-1.550842145293179556e+03
-4.011617129195110465e+03
-5.486380629795795357e+03
-6.881324541571563714e+03
-7.548379942698937157e+03
-8.152408274828764661e+03
-7.836844847510489672e+03
-7.539414126019681134e+03
-6.932587391200748243e+03
-6.081569017323441585e+03
-5.460864095030415228e+03
-5.040045363818394435e+03
-4.979480913167642939e+03
-4.840241791485600515e+03
-4.500990933572249560e+03
-4.141517012665321090e+03
