9.687996552830846139e-03
-2.097435625501107292e-01
-6.936593168371044116e-02
-1.012103421777258289e-01
-1.263632600319772870e-01
-1.563883658064601501e-01
-1.859183347598124258e-01
-2.149758423934299001e-01
-2.648094486871613862e-01
-3.145978777851551889e-01
-3.330195907541773082e-01
-3.589273774250031357e-01
-3.818923125858351697e-01
-4.227316213575030845e-01
-4.032192492558313024e-01
-3.911904803310066181e-01
-6.550085124560018901e-01
-5.348512974452643842e-01
-2.969349339260066722e-01
-1.801878187869388470e-01
9.632520535759243885e-02
2.973635524190425539e-01
3.460875251397020902e-01
3.317166110749492636e-01
1.029719884297921190e-01
-2.934968057924958185e-01
-6.879448308196591810e-01
-1.360046214920046737e+00
-2.056062545629522287e+00
-2.975692430526542864e+00
-3.765029336583217923e+00
-4.517661903018809433e+00
-5.255964142362405944e+00
-5.742543698595548918e+00
-6.354869276755694685e+00
-6.752606168863979796e+00
-7.235547097070948119e+00
-7.510584312055690326e+00
-7.723084916375590581e+00
-8.995161238859459729e+00
-1.005607554113694668e+01
-9.768030606048371922e+00
-8.005836154633298563e+00
-8.392581725343664090e+00
-6.223473281644287702e+00
-5.486075314656701174e+00
-6.762545747381667915e+00
-7.050580491917354919e+00
-7.956007499071835909e+00
-1.026769813611743842e+01
-1.133453403735085274e+01
-1.234856477518715145e+01
-1.250945928079997671e+01
-1.121409709682664868e+01
-1.033330274701057050e+01
-9.887007959876283891e+00
-8.253712962317054647e+00
-8.438435593123420730e+00
-3.102128933963066881e+00
-7.719137428791533750e-01
7.026922977361395317e-02
6.937203429503068230e-01
4.717972223641208274e+00
4.833851926574857849e+00
1.834804655806467677e+00
-5.832616323595000152e-01
-6.051814465800154919e-01
-4.167669046847248815e+00
-1.019527936796007594e+01
-9.379577686705058426e+00
-1.758970762507610885e+01
-2.450516834895231355e+01
-3.676554980174348941e+01
-4.403380841982147587e+01
-5.518846594604646327e+01
-6.088771361060961596e+01
-7.177548797744447029e+01
-8.309675083577447197e+01
-1.014392562342673898e+02
-1.118529291600799809e+02
-1.275846851227690735e+02
-1.364968182947121136e+02
-1.448228335119087546e+02
-1.505570600750978940e+02
-1.440622120990915960e+02
-1.477865245149577618e+02
-1.455013050243734938e+02
-1.378121113122123802e+02
-1.256627885695698836e+02
-1.195361616700905074e+02
-1.186693856104920712e+02
-1.044658688678167806e+02
-1.061008633729086768e+02
-1.105338984244048959e+02
-1.103423143349122455e+02
-1.168086828416263785e+02
-1.183853174077076744e+02
-1.161006705766890406e+02
-1.186837542878552938e+02
-1.181146572001349142e+02
-1.188327112498441522e+02
-1.201322071057532668e+02
-1.211263049253961697e+02
-1.153004493183308767e+02
-1.097490748706598822e+02
-9.913112532499708607e+01
-8.442190276197787568e+01
-5.473102809370773514e+01
-2.358773374734582617e+01
-2.165769091873451568e+00
5.671126041179172006e+01
1.150126747588078047e+02
1.669657821914369720e+02
2.326187823283533476e+02
2.881556466837717494e+02
3.491008063716487300e+02
3.969614741704318135e+02
4.390308359845050745e+02
5.028149368250029738e+02
5.920621834873450098e+02
6.579150781498387914e+02
7.193289154973791710e+02
7.405394872558229054e+02
7.776157914501170580e+02
8.481088414614981730e+02
8.789840078673882999e+02
8.426241236624052817e+02
8.596304681799250602e+02
8.575523661299749847e+02
8.255246048299483164e+02
8.391700734638466201e+02
8.472546811538921929e+02
8.323543802488960637e+02
8.171356624208782478e+02
8.113330780557213302e+02
7.931520517951502143e+02
7.781029308102605455e+02
8.152889811464241347e+02
7.321672659230260933e+02
7.566332474162044264e+02
7.266730240759910657e+02
7.408337820078686491e+02
7.180550087985754999e+02
6.770374693124318810e+02
8.024605252007613672e+02
7.371976380578698809e+02
7.047625642428005222e+02
7.292784387029092841e+02
7.861376071741201486e+02
6.929178798183069148e+02
7.045578390959981334e+02
7.363248454149625104e+02
7.198289527823698108e+02
8.239634650732358523e+02
8.315208791955010383e+02
8.813526922342642820e+02
8.614448887382193334e+02
8.464051799880786575e+02
8.465552875546521818e+02
7.952269198479913257e+02
8.857913559837252251e+02
8.348782512422736772e+02
8.352077697496096107e+02
8.578816923302453006e+02
7.775141080408519656e+02
9.166927147358571801e+02
8.632914999090172614e+02
9.012985426484259506e+02
7.943930004042093742e+02
8.182876433266978893e+02
7.682560288764964298e+02
8.222718893217457889e+02
1.401710961380061235e+03
1.531515634535753634e+03
1.618485386680355987e+03
1.936794811203980544e+03
2.290290388751051069e+03
2.699167796432094292e+03
3.377288659441913296e+03
3.880123431501768664e+03
4.339215019079705598e+03
4.610929316603535881e+03
4.660209103566014164e+03
4.555454935970500628e+03
4.350771398884728114e+03
3.757158575338636183e+03
3.048045776108668633e+03
2.369072850317240409e+03
1.426257402175247080e+03
9.172175362612973686e+02
4.545862239852998243e+01
-5.704013876376244525e+02
-1.325409716183053661e+03
-1.778207390864896752e+03
-2.481723169267381763e+03
-2.561305992083110596e+03
-2.844512727343299503e+03
-2.772560253218805428e+03
-2.851949183052293847e+03
-2.832602699418957855e+03
-2.843913397646759222e+03
-1.943265374189310251e+03
-4.110952068232672900e+03
-4.642118352391979897e+03
-5.053378631178756223e+03
-5.195342623497610475e+03
-5.534259736364050696e+03
-5.214199855967718577e+03
-5.154106109364857730e+03
-4.748975591176950729e+03
-4.232232573871776367e+03
-3.815680868493741400e+03
-3.532349645080920254e+03
-3.405752191675434460e+03
-3.193924094037145096e+03
-2.946371450788886705e+03
-2.797711398881282093e+03
-9.446049611131051016e-01
-1.210421347099641443e+00
-4.775180848440063741e+00
-2.321776329973814335e+00
-5.687077939873303123e+00
-1.022011527816440513e+01
-9.260011476741384584e+00
-1.016627004848892568e+01
-9.035188660333927757e+00
-7.817121845312960282e+00
-9.746022138356646991e+00
-1.372293330436419190e+01
-1.177759490200462622e+01
-8.431622500750284743e+00
-1.150264360963579158e+01
-2.652808484802489097e+00
1.834051852829716367e+01
4.071367790096237371e+01
7.331140109559969176e+01
1.083288280770328242e+02
1.398953596124414105e+02
1.770171976852844011e+02
2.050646098496634977e+02
2.346439487569891469e+02
2.569735298642139014e+02
2.671498730773283796e+02
2.751562909746357377e+02
2.652166180303181022e+02
2.549863153027131659e+02
2.337396620152806008e+02
2.019026222917548523e+02
1.869275024637012166e+02
1.534145271742145269e+02
1.304877737009074394e+02
1.059678313948705295e+02
6.883151286947287417e+01
5.222240132565126913e+01
4.614750119290033581e+01
3.771658709047925129e+01
2.985442934391691239e+01
-5.598299270384734960e+00
-7.308539371120116312e-01
-1.830321663805645471e+01
-1.984273799387871051e+01
-2.419664167976055680e+01
-2.569784556278253618e+01
-5.012478630337455598e+01
-7.595893360099844926e+01
-8.860712687602597271e+01
-1.105304056181959993e+02
-1.171571919414862606e+02
-1.223390438690390738e+02
-1.456446589538121827e+02
-1.284132029773122952e+02
-1.153578696726734165e+02
-1.022753135273341769e+02
-3.336107801044592236e+01
1.047037618528835345e+01
4.396075850749051028e+01
1.190790854889333019e+02
1.791467818969500456e+02
2.603043384556125943e+02
2.972408427968883871e+02
4.198422616084323522e+02
4.661911769551968518e+02
5.607184469847496757e+02
7.270517678159939123e+02
7.805771611103671148e+02
9.306498592112659480e+02
1.038420039993913178e+03
1.215485436965303052e+03
1.272805366341767012e+03
1.414715159918305062e+03
1.432268458721980096e+03
1.509036829017514037e+03
1.493528053799951067e+03
1.503069131638922272e+03
1.468469941382066054e+03
1.458872989068465131e+03
1.402842040600792870e+03
1.373381018836208796e+03
1.289824512817787081e+03
1.332877556472697734e+03
1.250556319046433600e+03
1.198908308663982780e+03
1.198622553114802258e+03
1.251744520743638077e+03
1.310458296490109205e+03
1.227606742252944969e+03
1.252697651857381061e+03
1.242995888864376411e+03
1.222820125026555161e+03
1.241108903123047867e+03
1.201692053690593639e+03
1.169067812436642498e+03
1.115073151866080252e+03
1.078939167439335051e+03
1.002786781347496913e+03
9.499192012629222290e+02
8.194513962952314614e+02
6.320458395822493003e+02
5.065478457207218526e+02
3.948644300806212186e+02
3.507950813318524297e+02
1.215895790672587538e+02
-3.270750559498859733e+00
-9.992715722488696883e+01
-9.972314095677813839e+01
-2.446730912582213762e+02
-2.433918393592486211e+02
-2.363555004034941192e+02
-3.071479239292669376e+02
-2.658803554114359713e+02
-1.952545971866186676e+02
-1.628655759992754781e+02
-6.592936769861931623e+01
7.978022273731714620e+01
4.194946609407058986e+02
5.811359527969834744e+02
9.297943870008032263e+02
1.185864423968271694e+03
1.227948787546544736e+03
1.490616851456057702e+03
1.698171011043215003e+03
1.685705116358199803e+03
1.857694689560696133e+03
1.845139189611220672e+03
1.891404741015142690e+03
2.049132806103830262e+03
1.993036408076557791e+03
2.028853843744305095e+03
1.983533976597852188e+03
1.854154728525443261e+03
1.832421888195708789e+03
1.714429845907822255e+03
1.733576942456994175e+03
1.594375458087271227e+03
1.518890220808924369e+03
1.589427804292470682e+03
1.568505063610029765e+03
1.394130172888926836e+03
1.573564901459370958e+03
1.383132032480133375e+03
1.328723024941321000e+03
1.368736835489677333e+03
1.352861575857172284e+03
1.127772690572351166e+03
1.254892511002201900e+03
1.245160405432182870e+03
1.382685545761019512e+03
1.333630189819869656e+03
1.441855464618498900e+03
1.443437540443496118e+03
1.467576757451316325e+03
1.649384864880884834e+03
1.541823872589193115e+03
1.570163828195429232e+03
1.539448788134029883e+03
1.601250691871662184e+03
1.640691459912660321e+03
1.659015949427688838e+03
1.511581794932587627e+03
1.559403699037176239e+03
1.493693896722594900e+03
1.402277360558883402e+03
1.349105146765788731e+03
1.163964260584238900e+03
9.981788349499248625e+02
1.063236815335310666e+03
8.860483099237986835e+02
1.291436447864548200e+03
1.032890424431467181e+03
4.495756170998717494e+02
1.717805937994164083e+02
-7.829641784281147920e+01
-3.521359497268448422e+02
-4.690285960775070180e+02
-4.766648760083122625e+02
-2.198372945195177124e+02
-1.147519237040084619e+02
8.356918187571642420e+01
5.200636103279942972e+02
5.486546735213401007e+02
6.137316923821247201e+02
8.013105568540474906e+02
1.064448092377721196e+03
7.883589393870280446e+02
5.616774543153410377e+02
6.374774267416217981e+02
3.091965699302249391e+02
4.683978739431838676e+02
2.894015572213172618e+02
1.916934623752174218e+02
-3.728603057235162055e+01
4.197591242751932583e+01
1.839466115416003689e+01
-1.851369792198256050e+02
-1.032635225184984478e+02
2.206772283604566454e+01
-2.883503725118156336e+00
-7.481181302820466783e+01
-1.464849486233210598e+02
-2.633810179661830944e+02
-3.907203040270497922e+02
-5.129911298230244938e+02
-6.936588926565131032e+02
-8.559187464955874702e+02
-1.010709134437547050e+03
-1.156794504876181463e+03
-1.238759604052302848e+03
-1.367975464551961068e+03
-1.514819437279693830e+03
-1.606903871872721083e+03
-3.216134133362656939e+03
-3.458605537316851951e+03
-3.541072104710934127e+03
-3.675993100373034849e+03
-3.415727090871831024e+03
-3.301016720141140013e+03
-3.110931282108263531e+03
-2.778947883109072791e+03
-2.547839310927491624e+03
-2.053656742671879329e+03
-1.746089548833351728e+03
-1.368474302405342996e+03
-8.298778920552982754e+02
-5.263802680969320136e+02
-1.589770209059146850e+02
2.960225223542443018e+02
4.879052429034359193e+02
4.773789691081125852e+02
6.417310321372203816e+02
6.286943173194821384e+02
5.833908501284876138e+02
6.324360912719146199e+02
4.319891787308690709e+02
2.534828716993322928e+02
2.223306714926841039e+02
1.211292013655270949e+01
1.545844955793280917e+02
-8.337202183102377262e+01
-7.716748204707370462e+01
-2.582156288461256963e+02
-2.980626136724595199e+02
-3.886549344285785992e+02
-3.821627647052430348e+02
-4.169737350916732339e+02
-5.277668060291401844e+02
-5.101757299938698225e+02
-6.098671006022158281e+02
-6.994092055758655988e+02
-6.297015624814692956e+02
-6.583812224066233512e+02
-6.457174584398333081e+02
-6.916097747520061603e+02
-4.024981471854504775e+02
-3.306862495412929093e+02
-4.953667542028113644e+02
-1.397821077092381188e+02
-2.104618683604784053e+02
-3.369387660409136629e+02
-5.562269409788025314e+02
-9.600769652133836871e+02
-1.302538285188615419e+03
-1.390930489001435944e+03
-1.773766582280948342e+03
-2.020339054942485518e+03
-2.309766062391934611e+03
-2.223513650307654643e+03
-2.486659274333965641e+03
-2.289193020504443211e+03
-2.277481938061199799e+03
-1.896465934727190415e+03
-1.974322950011257262e+03
-1.647822588931263681e+03
-1.436721102125879952e+03
-1.211787104456627958e+03
-9.512985299813874462e+02
-8.522355727650999597e+02
-5.941468663278963049e+02
-4.451427688984124416e+02
-1.753311429291363766e+02
-1.108326134792755369e+02
-9.836208967228539279e+01
3.885504384628395513e+01
-8.442986615284302943e+00
4.862862073565533478e+02
4.200703490806432683e+02
5.275018274706208103e+02
6.659189043391016867e+02
3.214332888832884123e+02
9.533392512655476594e+02
9.295006014145831159e+02
1.195233714777968316e+03
1.175253086963450869e+03
1.416112317559098528e+03
1.444238123108190166e+03
1.586347478475886874e+03
1.660951044793199571e+03
1.431833373485562333e+03
1.355579728045871207e+03
1.665991727557127433e+03
1.314449796294722546e+03
1.144487954334271080e+03
1.286093268448172921e+03
8.765631867363091487e+02
6.941860229995609188e+02
5.388610568453387941e+02
2.544665011625622242e+02
4.616453589213689312e+00
-2.709032653966861517e+02
-4.218993271686586581e+02
-1.636558677734845730e+02
-4.023067802333681584e+02
-3.395022660034483124e+02
-4.598590818020461484e+02
-5.351903065510274473e+02
-5.136856431954398658e+02
-2.195005451711882074e+02
-1.679029901345777773e+02
-5.305267915906491538e+01
2.843908462332660037e+01
1.833877565836693577e+02
1.947455878950586623e+02
1.599231992274980030e+02
4.102658667775111212e+02
7.391334427509414127e+02
5.054591999666650395e+02
7.197895233589873669e+02
9.390593824845018389e+02
7.647067925670712611e+02
8.414159493738000037e+02
9.985715548430213175e+02
1.013436550361079298e+03
9.313818378968355773e+02
9.021953446186344081e+02
7.669432149170605726e+02
8.136304842906419026e+02
7.714302856315051713e+02
8.032043017772459734e+02
7.745061094325445765e+02
7.398370857207872859e+02
6.118718258778728796e+02
5.215982210279751143e+02
4.616657016706282661e+02
4.220603375321660451e+02
4.551276437510379083e+02
3.644700635076262643e+02
2.940732384945467288e+02
2.894125377318841856e+02
1.943814492372333689e+02
2.004563360709443032e+02
1.893849783035871610e+02
1.779225909618271260e+02
2.179012278482963723e+02
2.282689178093707767e+02
2.005523642532591566e+02
2.732722691177829688e+02
3.386958845522036654e+02
3.202327835377935230e+02
2.761391759132708330e+02
2.999395934350074526e+02
3.802701059774872192e+02
2.849047440349994531e+02
3.596495392425929367e+02
3.486960673822135277e+02
2.808964309009202225e+02
3.041317764070387852e+02
3.089770064285655167e+02
5.649391338731473979e+02
5.315546732444909139e+02
5.486663687206635132e+02
4.384964306120312472e+02
3.945443391776491353e+02
5.372828653235005731e+02
3.085992001369609170e+02
1.874401012123071553e+02
1.741320925825285997e+02
1.908363526249015649e+02
2.101414124402120081e+02
3.758735267082900577e+01
-2.965131101168094929e+01
4.319764514425384760e+01
1.418722643882311161e+02
7.639313921835176302e+01
1.041322060974852661e+02
1.911553989823239021e+02
1.001484074844291854e+02
1.767821955803093772e+02
1.527290453080100008e+02
1.014006747593546294e+02
2.425609015468810625e+01
1.120235127689332444e+02
-1.290192237336846759e+01
4.814169313176348197e+01
5.499485245628029872e+01
-2.827144717798560691e+00
2.966005451017315764e+01
