0.000000000000000000e+00
0.000000000000000000e+00
0.000000000000000000e+00
0.000000000000000000e+00
0.000000000000000000e+00
0.000000000000000000e+00
0.000000000000000000e+00
0.000000000000000000e+00
0.000000000000000000e+00
0.000000000000000000e+00
0.000000000000000000e+00
0.000000000000000000e+00
0.000000000000000000e+00
0.000000000000000000e+00
0.000000000000000000e+00
0.000000000000000000e+00
0.000000000000000000e+00
0.000000000000000000e+00
0.000000000000000000e+00
0.000000000000000000e+00
0.000000000000000000e+00
0.000000000000000000e+00
0.000000000000000000e+00
0.000000000000000000e+00
0.000000000000000000e+00
0.000000000000000000e+00
0.000000000000000000e+00
0.000000000000000000e+00
-1.430629170592653474e-02
-1.526004448632163613e-02
-1.624456348543916115e-02
-1.725984870327910981e-02
-1.830590013984147862e-02
-2.071393890913116043e-02
-2.189759256108151156e-02
-2.311412548114159457e-02
-2.436353766931140946e-02
-2.564582912559095970e-02
-2.474148239108990566e-02
-2.597855651064440510e-02
-2.724580316970022509e-02
-2.854322236825737949e-02
-2.987081410631586484e-02
-3.072467214848889280e-02
-3.209021313286617577e-02
-3.348543979081687605e-02
-3.491035212234100404e-02
-3.636495012743854588e-02
-3.601474236668639195e-02
-3.745533206135384652e-02
-3.892416861277949586e-02
-4.042125202096331915e-02
-4.194658228590533028e-02
-3.718114560497940563e-02
-3.853318726334229588e-02
-3.990937252274737862e-02
-4.130970138319465385e-02
-4.273417384468412156e-02
-4.026914752976159390e-02
-4.161145244742031624e-02
-4.297576236372917247e-02
-4.436207727868818340e-02
-4.577039719229733516e-02
-4.489215272487700331e-02
-4.627344973179629839e-02
-4.767567548124467675e-02
-4.909882997322212450e-02
-5.054291320772865553e-02
-4.527503886924752474e-02
-4.656861140836888319e-02
-4.788040327902715748e-02
-4.921041448122235457e-02
-5.055864501495447444e-02
-4.759876829403349857e-02
-4.886806878187439224e-02
-5.015407059192372036e-02
-5.145677372418147599e-02
-5.277617817864766608e-02
-4.526384885739754421e-02
-4.639544507883248264e-02
-4.754101162398884084e-02
-4.870054849286661880e-02
-4.987405568546580958e-02
-4.198927421129736159e-02
-4.297725713391612606e-02
-4.397672823005371184e-02
-4.498768749971011893e-02
-4.601013494288534733e-02
-3.362938410361495517e-02
-3.437670375036195464e-02
-3.513223570091936199e-02
-3.589597995528717722e-02
-3.666793651346539340e-02
-2.882101310059713775e-02
-2.942777127113602176e-02
-3.004084983928469177e-02
-3.066024880504313738e-02
-3.128596816841136552e-02
-3.074851900769795532e-02
-3.136348938785191859e-02
-3.198454858365096243e-02
-3.261169659509510071e-02
-3.324493342218432651e-02
-3.388425906491863981e-02
-3.452967352329804063e-02
-3.518117679732253589e-02
-3.583876888699211172e-02
-2.831292733617156790e-02
-2.883243059004627490e-02
-2.935665660077439384e-02
-2.988560536835591086e-02
-3.041927689279083635e-02
-3.095767117407917379e-02
-3.150078821222090930e-02
-3.204862800721605676e-02
-3.260119055906460922e-02
-1.485417398092024784e-02
-1.510593964161381121e-02
-1.535982098012833065e-02
-1.561581799646380268e-02
-1.587393069062022904e-02
-1.613415906259760974e-02
-1.639650311239594302e-02
-1.666096284001523237e-02
-1.692753824545547778e-02
-1.057033730735191038e-02
-1.073679931219209856e-02
-1.090456180144509964e-02
-1.107362477511091362e-02
-1.124398823318954396e-02
-1.141565217568098721e-02
-1.158861660258524509e-02
-1.176288151390231587e-02
-1.193844690963220129e-02
-4.008401107914933044e-03
-4.067348183031328952e-03
-4.126725528769012441e-03
-4.186533145127984377e-03
-4.246771032108243027e-03
-4.307439189709789257e-03
-4.368537617932623067e-03
-4.430066316776744458e-03
-4.492025286242153428e-03
1.975374741499526070e-03
2.002621289658139923e-03
2.030054458009621435e-03
2.057674246553970170e-03
2.085480655291185696e-03
2.113473684221268880e-03
2.141653333344219288e-03
2.170019602660036920e-03
2.198572492168721342e-03
9.612005264811082639e-03
9.736836502016420203e-03
9.862473102042440543e-03
9.988915064889138454e-03
1.011616239055651567e-02
1.024421507904457219e-02
1.037307313035330976e-02
1.050273654448272663e-02
1.063320532143282107e-02
3.667075667093409701e-03
3.712070460554678635e-03
3.757339612512661849e-03
3.802883122967361511e-03
3.848700991918775020e-03
3.894793219366904542e-03
3.941159805311748345e-03
3.987800749753307727e-03
4.034716052691581824e-03
5.522458734754625252e-03
5.586673371205260440e-03
5.651259190525552423e-03
5.716216192715501201e-03
5.781544377775106776e-03
5.847243745704370013e-03
5.913314296503289179e-03
5.979756030171866008e-03
6.046568946710098764e-03
1.164299300142845710e-02
1.177164485779783228e-02
1.190100359249890785e-02
1.203106920553168209e-02
1.216184169689615673e-02
1.229332106659233176e-02
1.242550731462020545e-02
1.255840044097978128e-02
1.269200044567105577e-02
1.217990444277431208e-02
1.230811396322457028e-02
1.243699473770859716e-02
1.256654676622639272e-02
1.269677004877796389e-02
1.282766458536330201e-02
1.295923037598241401e-02
1.309146742063529469e-02
1.322437571932194751e-02
9.695526289432182532e-03
9.792968764702857445e-03
9.890898452349885378e-03
9.989315352373268064e-03
1.008821946477300203e-02
1.018761078954909249e-02
1.028748932670153424e-02
1.038785507623032900e-02
1.048870803813547678e-02
1.078557424650104096e-02
1.088928169117893419e-02
1.099348534372610216e-02
1.109818520414253967e-02
1.120338127242825194e-02
1.130907354858323548e-02
1.141526203260749203e-02
1.152194672450101987e-02
1.162912762426381898e-02
1.270258283242304762e-02
1.281965732857441240e-02
1.293726886369894920e-02
1.305541743779665628e-02
1.317410305086753365e-02
1.329332570291158477e-02
1.341308539392880445e-02
1.353338212391919960e-02
1.365421589288276331e-02
3.603881148171982074e-02
3.635773901695628363e-02
3.667807151930831816e-02
3.699980898877593821e-02
3.732295142535912991e-02
3.764749882905790712e-02
3.797345119987226292e-02
3.830080853780219730e-02
3.862957084284770332e-02
3.826641507422275101e-02
3.859208669187570717e-02
3.891913827401024401e-02
3.924756982062636845e-02
3.957738133172407358e-02
3.990857280730334550e-02
4.024114424736421197e-02
4.057509565190665218e-02
4.091042702093067307e-02
4.466786402578939996e-02
4.503399405878766998e-02
4.540161850008390260e-02
4.577073734967807700e-02
4.614135060757020707e-02
4.651345827376028585e-02
4.688706034824832725e-02
4.726215683103431042e-02
4.763874772211824926e-02
8.873073970227242369e-02
8.943216847462240326e-02
9.013635877757218695e-02
9.084331061112177474e-02
9.155302397527116665e-02
9.226549887002034878e-02
9.298073529536934889e-02
9.369873325131813924e-02
9.441949273786674757e-02
8.896765710577378417e-02
8.964679952642853888e-02
9.032852423765612426e-02
9.101283123945656806e-02
9.169972053182981475e-02
9.238919211477590598e-02
9.308124598829482788e-02
9.377588215238658043e-02
9.447310060705116364e-02
9.545424009794839515e-02
9.615869943446461732e-02
9.686574869501214657e-02
9.757538787959098292e-02
9.828761698820114023e-02
9.900243602084260464e-02
9.971984497751537613e-02
1.004398438582194547e-01
1.011624326629548404e-01
9.897217563887028557e-02
9.967911975057650031e-02
1.003885796776268491e-01
1.011005554200213874e-01
1.018150469777600459e-01
1.025320543508428522e-01
1.032515775392698204e-01
1.039736165430409504e-01
1.046981713621562143e-01
5.779506590893709189e-02
5.819503176297818187e-02
5.859637680961941181e-02
5.899910104886078172e-02
5.940320448070229159e-02
5.980868710514394837e-02
6.021554892218573818e-02
6.062378993182767489e-02
6.103341013406975851e-02
-5.627672077275367585e-02
-5.665441688532249498e-02
-5.703337619559220584e-02
-5.741359870356282230e-02
-5.779508440923433743e-02
-5.817783331260675123e-02
-5.856184541368006369e-02
-5.894712071245427482e-02
-5.933365920892938461e-02
-1.366163380513653880e-01
-1.375063467683123875e-01
-1.383992451239507704e-01
-1.392950331182805646e-01
-1.401937107513017422e-01
-1.410952780230142756e-01
-1.419997349334182202e-01
-1.429070814825135483e-01
-1.438173176703002598e-01
-2.288808198178160225e-01
-2.303294326014730664e-01
-2.317826151415454672e-01
-2.332403674380331693e-01
-2.347026894909362005e-01
-2.361695813002545608e-01
-2.376410428659882224e-01
-2.391170741881372130e-01
-2.405976752667015328e-01
-1.512744107952135042e-01
-1.522053302462609559e-01
-1.531391052784466245e-01
-1.540757358917704545e-01
-1.550152220862324459e-01
-1.559575638618326543e-01
-1.569027612185710241e-01
-1.578508141564476108e-01
-1.588017226754623590e-01
1.861491751056213936e-02
1.872638408248167297e-02
1.883818339043678847e-02
1.895031543442748240e-02
1.906278021445375823e-02
1.917557773051561595e-02
1.928870798261305211e-02
1.940217097074607017e-02
1.951596669491467012e-02
2.656246008856434360e-01
2.671734323776879805e-01
2.687267662868605966e-01
2.702846026131612289e-01
2.718469413565899329e-01
2.734137825171466529e-01
2.749851260948313891e-01
2.765609720896441970e-01
2.781413205015850210e-01
5.205930975295456342e-01
5.235510128564180299e-01
5.265173075468226882e-01
5.294919816007596092e-01
5.324750350182286818e-01
5.354664677992300170e-01
5.384662799437633929e-01
5.414744714518291424e-01
5.444910423234270436e-01
5.521111130793044941e-01
5.551699004093837431e-01
5.582371374282202314e-01
5.613128241358137371e-01
5.643969605321642602e-01
5.674895466172720226e-01
5.705905823911369135e-01
5.737000678537589327e-01
5.768180030051380802e-01
6.110060068442136894e-01
6.143087420163445556e-01
6.176203794396132318e-01
6.209409191140198292e-01
6.242703610395641256e-01
6.276087052162462321e-01
6.309559516440662597e-01
6.343121003230239863e-01
6.376771512531196340e-01
3.850255090393340796e-01
3.870573059208081146e-01
3.890944496361807836e-01
3.911369401854520866e-01
3.931847775686220237e-01
3.952379617856905392e-01
3.972964928366576887e-01
3.993603707215234166e-01
4.014295954402877786e-01
-6.314947973922596658e-02
-6.347499252138692760e-02
-6.380134209733236139e-02
-6.412852846706226795e-02
-6.445655163057666115e-02
-6.478541158787551324e-02
-6.511510833895885197e-02
-6.544564188382666348e-02
-6.577701222247894774e-02
-4.947807562362642186e-01
-4.972733545044570325e-01
-4.997722155823688395e-01
-5.022773394699997507e-01
-5.047887261673498216e-01
-5.073063756744188302e-01
-5.098302879912069985e-01
-5.123604631177142155e-01
-5.148969010539405922e-01
-6.851529519533700041e-01
-6.885280896477216084e-01
-6.919115200636808405e-01
-6.953032432012480335e-01
-6.987032590604228544e-01
-7.021115676412054141e-01
-7.055281689435956016e-01
-7.089530629675936391e-01
-7.123862497131994154e-01
-6.423222966526200839e-01
-6.454178257931146856e-01
-6.485207961094276996e-01
-6.516312076015592369e-01
-6.547490602695091866e-01
-6.578743541132777706e-01
-6.610070891328647669e-01
-6.641472653282703975e-01
-6.672948826994943294e-01
-3.566808817330694437e-01
-3.583633387223763567e-01
-3.600497544340110490e-01
-3.617401288679735760e-01
-3.634344620242638824e-01
-3.651327539028819125e-01
-3.668350045038277218e-01
-3.685412138271013660e-01
-3.702513818727027894e-01
-2.885982623790231405e-01
-2.899312797572172751e-01
-2.912673686040246901e-01
-2.926065289194454966e-01
-2.939487607034796390e-01
-2.952940639561271730e-01
-2.966424386773880428e-01
-2.979938848672622487e-01
-2.993484025257497905e-01
-9.974794218122738643e-02
-1.001992903358935871e-01
-1.006516573351526889e-01
-1.011050431790047333e-01
-1.015594478674496925e-01
-1.020148714004875945e-01
-1.024713137781183975e-01
-1.029287750003421431e-01
-1.033872550671588175e-01
3.553900920841437383e-01
3.569661013616787226e-01
3.585455973854029810e-01
3.601285801553164578e-01
3.617150496714191532e-01
3.633050059337111226e-01
3.648984489421923105e-01
3.664953786968627170e-01
3.680957951977223974e-01
6.498322138244653212e-01
6.526575712758759806e-01
6.554890574853158292e-01
6.583266724527846447e-01
6.611704161782826494e-01
6.640202886618097322e-01
6.668762899033658931e-01
6.697384199029512430e-01
6.726066786605655601e-01
9.029748835531432594e-01
9.068255227154168319e-01
9.106843547269717343e-01
9.145513795878081886e-01
9.184265972979260839e-01
9.223100078573253091e-01
9.262016112660059752e-01
9.301014075239681933e-01
9.340093966312117413e-01
1.286417899588168101e+00
1.291800401260085218e+00
1.297194139887475783e+00
1.302599115470340463e+00
1.308015328008678591e+00
1.313442777502490610e+00
1.318881463951776079e+00
1.324331387356535661e+00
1.329792547716768691e+00
1.418061468745316800e+00
1.423885129807926031e+00
1.429720724602220772e+00
1.435568253128201022e+00
1.441427715385867225e+00
1.447299111375219161e+00
1.453182441096256605e+00
1.459077704548979559e+00
1.464984901733388467e+00
1.699617562293350481e+00
1.706470858915501099e+00
1.713337944866871299e+00
1.720218820147461081e+00
1.727113484757270667e+00
1.734021938696299614e+00
1.740944181964548365e+00
1.747880214562016699e+00
1.754830036488704614e+00
1.614301401401585734e+00
1.620694674278423619e+00
1.627100582081895563e+00
1.633519124812001788e+00
1.639950302468742072e+00
1.646394115052115970e+00
1.652850562562124370e+00
1.659319644998766830e+00
1.665801362362043347e+00
1.410395147602910626e+00
1.415883066465178697e+00
1.421381641480577329e+00
1.426890872649106745e+00
1.432410759970766723e+00
1.437941303445557262e+00
1.443482503073478584e+00
1.449034358854530247e+00
1.454596870788712915e+00
1.692192722058171395e+00
1.698663822333728257e+00
1.705147272037292216e+00
1.711643071168862829e+00
1.718151219728440315e+00
1.724671717716024677e+00
1.731204565131615469e+00
1.737749761975213358e+00
1.744307308246817900e+00
1.242855141236405725e+00
1.247527528985414857e+00
1.252208682940332052e+00
1.256898603101157308e+00
1.261597289467890404e+00
1.266304742040531783e+00
1.271020960819081447e+00
1.275745945803538950e+00
1.280479696993904515e+00
1.475415740513356333e+00
1.480870142511557352e+00
1.486334607982079614e+00
1.491809136924923340e+00
1.497293729340088531e+00
1.502788385227575185e+00
1.508293104587383082e+00
1.513807887419512443e+00
1.519332733723963269e+00
1.029333377471613131e+00
1.033076407935146435e+00
1.036826231557415490e+00
1.040582848338420519e+00
1.044346258278161743e+00
1.048116461376638719e+00
1.051893457633852114e+00
1.055677247049801037e+00
1.059467829624486157e+00
8.254966154579637116e-01
8.284500917207828774e-01
8.314088420483570774e-01
8.343728664406863116e-01
8.373421648977706910e-01
8.403167374196099937e-01
8.432965840062043306e-01
8.462817046575537017e-01
8.492720993736582180e-01
1.902494789147628484e-01
1.909193714461528968e-01
1.915904412930637957e-01
1.922626884554956006e-01
1.929361129334482838e-01
1.936107147269218731e-01
1.942864938359163962e-01
1.949634502604317698e-01
1.956415840004680495e-01
-4.849792503850651748e-01
-4.866602876480982665e-01
-4.883442332800986829e-01
-4.900310872810661467e-01
-4.917208496510009352e-01
-4.934135203899027711e-01
-4.951090994977718762e-01
-4.968075869746081397e-01
-4.985089828204116169e-01
-1.882939802480915636e+00
-1.889366218189041824e+00
-1.895803581794455628e+00
-1.902251893297158158e+00
-1.908711152697148528e+00
-1.915181359994426957e+00
-1.921662515188993448e+00
-1.928154618280848220e+00
-1.934657669269991054e+00
-3.137371519420598887e+00
-3.147917306040500574e+00
-3.158480786933254070e+00
-3.169061962098859375e+00
-3.179660831537316934e+00
-3.190277395248627190e+00
-3.200911653232788812e+00
-3.211563605489803574e+00
-3.222233252019669703e+00
-4.793825475301382255e+00
-4.809699069590459786e+00
-4.825598901225468751e+00
-4.841524970206410927e+00
-4.857477276533286314e+00
-4.873455820206092248e+00
-4.889460601224832281e+00
-4.905491619589503749e+00
-4.921548875300107539e+00
-7.085122159582497581e+00
-7.108238381962864061e+00
-7.131392252913883567e+00
-7.154583772435554323e+00
-7.177812940527878105e+00
-7.201079757190853137e+00
-7.224384222424481194e+00
-7.247726336228760502e+00
-7.271106098603691947e+00
-1.052017627488503848e+01
-1.055400320824479721e+01
-1.058788443844783167e+01
-1.062181996549413832e+01
-1.065580978938371892e+01
-1.068985391011657526e+01
-1.072395232769270379e+01
-1.075810504211210805e+01
-1.079231205337478450e+01
-1.420158449055192484e+01
-1.424659743663925404e+01
-1.429168160574254109e+01
-1.433683699786178956e+01
-1.438206361299700298e+01
-1.442736145114817425e+01
-1.447273051231530516e+01
-1.451817079649839926e+01
-1.456368230369745476e+01
-1.911399348131580922e+01
-1.917372471094492425e+01
-1.923354912501963554e+01
-1.929346672353994308e+01
-1.935347750650585397e+01
-1.941358147391736466e+01
-1.947377862577446805e+01
-1.953406896207717836e+01
-1.959445248282548491e+01
-2.431088590571508234e+01
-2.438580389001620929e+01
-2.446083713275471894e+01
-2.453598563393061838e+01
-2.461124939354390051e+01
-2.468662841159457244e+01
-2.476212268808262706e+01
-2.483773222300807149e+01
-2.491345701637090215e+01
-2.884447594207611942e+01
-2.893214912123136529e+01
-2.901995534011219036e+01
-2.910789459871859108e+01
-2.919596689705056747e+01
-2.928417223510812306e+01
-2.937251061289125431e+01
-2.946098203039996477e+01
-2.954958648763424733e+01
-3.480982304707696073e+01
-3.491420032757794445e+01
-3.501873386149284784e+01
-3.512342364882167800e+01
-3.522826968956442784e+01
-3.533327198372109734e+01
-3.543843053129170073e+01
-3.554374533227622379e+01
-3.564921638667467363e+01
-3.884922467536043200e+01
-3.896416320990292093e+01
-3.907927152071503940e+01
-3.919454960779679453e+01
-3.930999747114817922e+01
-3.942561511076920766e+01
-3.954140252665986566e+01
-3.965735971882016031e+01
-3.977348668725008451e+01
-4.378451253518360886e+01
-4.391235052798706562e+01
-4.404037487354970892e+01
-4.416858557187154588e+01
-4.429698262295256939e+01
-4.442556602679277233e+01
-4.455433578339217604e+01
-4.468329189275076629e+01
-4.481243435486854310e+01
-4.589005143427760913e+01
-4.602229942111991079e+01
-4.615473769283536143e+01
-4.628736624942396816e+01
-4.642018509088573808e+01
-4.655319421722064988e+01
-4.668639362842871776e+01
-4.681978332450994174e+01
-4.695336330546432180e+01
-4.735553361594402588e+01
-4.749025775140901828e+01
-4.762517325638460619e+01
-4.776028013087080382e+01
-4.789557837486760405e+01
-4.803106798837501401e+01
-4.816674897139301947e+01
-4.830262132392163466e+01
-4.843868504596084534e+01
-4.757172093651600875e+01
-4.770534936611296217e+01
-4.783916521286222689e+01
-4.797316847676380291e+01
-4.810735915781769023e+01
-4.824173725602388174e+01
-4.837630277138239165e+01
-4.851105570389320576e+01
-4.864599605355633116e+01
-4.751900624297407916e+01
-4.765082040730965218e+01
-4.778281713973986911e+01
-4.791499644026474414e+01
-4.804735830888425596e+01
-4.817990274559841879e+01
-4.831262975040722552e+01
-4.844553932331069035e+01
-4.857863146430879198e+01
-4.539498147316646026e+01
-4.551935128542171327e+01
-4.564389123421903349e+01
-4.576860131955842803e+01
-4.589348154143989689e+01
-4.601853189986344717e+01
-4.614375239482905755e+01
-4.626914302633674936e+01
-4.639470379438650838e+01
-4.367686358338120556e+01
-4.379506889754462406e+01
-4.391343394861906546e+01
-4.403195873660454396e+01
-4.415064326150105245e+01
-4.426948752330859094e+01
-4.438849152202716652e+01
-4.450765525765676500e+01
-4.462697873019740058e+01
-4.130387882417612389e+01
-4.141431700285038886e+01
-4.152490262902622220e+01
-4.163563570270362391e+01
-4.174651622388260108e+01
-4.185754419256313241e+01
-4.196871960874524632e+01
-4.208004247242891438e+01
-4.219151278361415791e+01
-3.905748702178303944e+01
-3.916067721206515984e+01
-3.926400353716295655e+01
-3.936746599707642957e+01
-3.947106459180557181e+01
-3.957479932135040457e+01
-3.967867018571089943e+01
-3.978267718488707771e+01
-3.988682031887892521e+01
-3.706007201253185457e+01
-3.715683460264290972e+01
-3.725372334997705082e+01
-3.735073825453427787e+01
-3.744787931631460509e+01
-3.754514653531801116e+01
-3.764253991154452450e+01
-3.774005944499411669e+01
-3.783770513566680904e+01
-3.473084016771522897e+01
-3.482046814234159626e+01
-3.491021161693525698e+01
-3.500007059149622535e+01
-3.509004506602449425e+01
-3.518013504052006368e+01
-3.527034051498293366e+01
-3.536066148941310416e+01
-3.545109796381058231e+01
-3.305832755278334645e+01
-3.314266002103023823e+01
-3.322709991917299277e+01
-3.331164724721160297e+01
-3.339630200514606173e+01
-3.348106419297638325e+01
-3.356593381070256044e+01
-3.365091085832459328e+01
-3.373599533584248178e+01
-3.195047383338290459e+01
-3.203105510408500578e+01
-3.211173786253358742e+01
-3.219252210872863884e+01
-3.227340784267016716e+01
-3.235439506435817236e+01
-3.243548377379265446e+01
-3.251667397097361345e+01
-3.259796565590104223e+01
-3.172094177141940818e+01
-3.180004636436559196e+01
-3.187924946863549280e+01
-3.195855108422911428e+01
-3.203795121114645639e+01
-3.211744984938751202e+01
-3.219704699895228828e+01
-3.227674265984078517e+01
-3.235653683205300268e+01
-3.118117432253729149e+01
-3.125806994355464496e+01
-3.133506026361266095e+01
-3.141214528271133943e+01
-3.148932500085068042e+01
-3.156659941803068037e+01
-3.164396853425134282e+01
-3.172143234951267132e+01
-3.179899086381465523e+01
-3.099517170221387019e+01
-3.107076968197537070e+01
-3.114645974210198176e+01
-3.122224188259371402e+01
-3.129811610345056394e+01
-3.137408240467253506e+01
-3.145014078625962028e+01
-3.152629124821181961e+01
-3.160253379052914369e+01
-3.153008411503855513e+01
-3.160615186923648068e+01
-3.168231127133102376e+01
-3.175856232132219503e+01
-3.183490501920998739e+01
-3.191133936499440438e+01
-3.198786535867544600e+01
-3.206448300025311227e+01
-3.214119228972739961e+01
-3.078087861417023419e+01
-3.085434133162649317e+01
-3.092789160893668665e+01
-3.100152944610081818e+01
-3.107525484311889485e+01
-3.114906779999091313e+01
-3.122296831671686590e+01
-3.129695639329676737e+01
-3.137103202973060689e+01
-3.093359561423471149e+01
-3.100663834295781740e+01
-3.107976720697422479e+01
-3.115298220628394432e+01
-3.122628334088696533e+01
-3.129967061078329138e+01
-3.137314401597292246e+01
-3.144670355645586213e+01
-3.152034923223210328e+01
-3.079462199918633658e+01
-3.086657205058630282e+01
-3.093860605770552041e+01
-3.101072402054399646e+01
-3.108292593910172386e+01
-3.115521181337870615e+01
-3.122758164337493980e+01
-3.130003542909042835e+01
-3.137257317052516470e+01
-3.239141251216399553e+01
-3.246630595149847665e+01
-3.254128587286452756e+01
-3.261635227626213407e+01
-3.269150516169131038e+01
-3.276674452915204938e+01
-3.284207037864435819e+01
-3.291748271016822258e+01
-3.299298152372365678e+01
-3.185609128315491034e+01
-3.192898851721247055e+01
-3.200196906239467154e+01
-3.207503291870150974e+01
-3.214818008613298161e+01
-3.222141056468909426e+01
-3.229472435436984767e+01
-3.236812145517523476e+01
-3.244160186710525551e+01
-3.244432018971324538e+01
-3.251780675865936843e+01
-3.259137645720837639e+01
-3.266502928536025507e+01
-3.273876524311501868e+01
-3.281258433047266720e+01
-3.288648654743318644e+01
-3.296047189399659061e+01
-3.303454037016287970e+01
-3.317798891905010805e+01
-3.325237902873407592e+01
-3.332685244201231711e+01
-3.340140915888482454e+01
-3.347604917935160529e+01
-3.355077250341265938e+01
-3.362557913106798679e+01
-3.370046906231758044e+01
-3.377544229716144741e+01
-3.495723277218072411e+01
-3.503482929331764240e+01
-3.511251184163985073e+01
-3.519028041714736332e+01
-3.526813501984016597e+01
-3.534607564971826577e+01
-3.542410230678165561e+01
-3.550221499103034972e+01
-3.558041370246434099e+01
-3.389275850214841768e+01
-3.396724808127401474e+01
-3.404181942722632215e+01
-3.411647254000532570e+01
-3.419120741961103249e+01
-3.426602406604344253e+01
-3.434092247930254871e+01
-3.441590265938836524e+01
-3.449096460630087790e+01
-3.436480289408277145e+01
-3.443959027796543637e+01
-3.451445895248274809e+01
-3.458940891763472081e+01
-3.466444017342134742e+01
-3.473955271984262794e+01
-3.481474655689856945e+01
-3.489002168458915776e+01
-3.496537810291439996e+01
-3.161844888748980864e+01
-3.168659209629905860e+01
-3.175480865624803073e+01
-3.182309856733673570e+01
-3.189146182956517350e+01
-3.195989844293333704e+01
-3.202840840744123341e+01
-3.209699172308886261e+01
-3.216564838987621755e+01
-2.891042510546531474e+01
-2.897213359021550616e+01
-2.903390786226287545e+01
-2.909574792160741552e+01
-2.915765376824913346e+01
-2.921962540218802928e+01
-2.928166282342409588e+01
-2.934376603195734035e+01
-2.940593502778775559e+01
-2.406418958830163035e+01
-2.411506525339317619e+01
-2.416599464146792542e+01
-2.421697775252587093e+01
-2.426801458656702337e+01
-2.431910514359137565e+01
-2.437024942359892776e+01
-2.442144742658968326e+01
-2.447269915256363504e+01
-1.564317364167954949e+01
-1.567593421475113047e+01
-1.570872905620458404e+01
-1.574155816603991198e+01
-1.577442154425711429e+01
-1.580731919085619097e+01
-1.584025110583714202e+01
-1.587321728919996566e+01
-1.590621774094466545e+01
-6.376456458839577124e+00
-6.389685621617251954e+00
-6.402928493371899954e+00
-6.416185074103518460e+00
-6.429455363812109248e+00
-6.442739362497671429e+00
-6.456037070160205893e+00
-6.469348486799710862e+00
-6.482673612416188114e+00
5.295724218549749729e+00
5.306609571516963442e+00
5.317506100411249825e+00
5.328413805232605327e+00
5.339332685981033499e+00
5.350262742656531678e+00
5.361203975259100751e+00
5.372156383788741607e+00
5.383119968245453357e+00
1.512476731173268973e+01
1.515557131847756445e+01
1.518640666195361177e+01
1.521727334216083527e+01
1.524817135909923316e+01
1.527910071276880544e+01
1.531006140316955388e+01
1.534105343030147495e+01
1.537207679416457218e+01
2.797709137773896870e+01
2.803355372158909731e+01
2.809007298312456058e+01
2.814664916234535141e+01
2.820328225925148047e+01
2.825997227384294064e+01
2.831671920611973192e+01
2.837352305608186143e+01
2.843038382372931849e+01
3.844522951180578474e+01
3.852211997082940087e+01
3.859908724349838849e+01
3.867613132981276181e+01
3.875325222977250661e+01
3.883044994337763001e+01
3.890772447062813200e+01
3.898507581152401258e+01
3.906250396606527175e+01
5.159196301234766224e+01
5.169422656638601410e+01
5.179659137146796866e+01
5.189905742759351881e+01
5.200162473476267877e+01
5.210429329297543433e+01
5.220706310223179969e+01
5.230993416253176065e+01
5.241290647387533141e+01
6.802162991205817377e+01
6.815526769184612021e+01
6.828903661763972366e+01
6.842293668943902674e+01
6.855696790724400103e+01
6.869113027105464653e+01
6.882542378087099166e+01
6.895984843669299380e+01
6.909440423852069557e+01
8.388474039438621332e+01
8.404809918775406175e+01
8.421161689045396770e+01
8.437529350248594540e+01
8.453912902384999484e+01
8.470312345454611602e+01
8.486727679457430895e+01
8.503158904393455941e+01
8.519606020262688162e+01
9.480111140615349541e+01
9.498412513473680008e+01
9.516731534714710961e+01
9.535068204338436715e+01
9.553422522344864376e+01
9.571794488733988260e+01
9.590184103505812629e+01
9.608591366660333222e+01
9.627016278197552879e+01
1.096228778464715532e+02
1.098326823973739010e+02
1.100426875262407691e+02
1.102528932330721716e+02
1.104632995178681227e+02
1.106739063806285941e+02
1.108847138213535999e+02
1.110957218400431401e+02
1.113069304366972005e+02
1.170993392205921282e+02
1.173215391052611949e+02
1.175439496059346709e+02
1.177665707226125704e+02
1.179894024552949077e+02
1.182124448039816684e+02
1.184356977686728527e+02
1.186591613493684605e+02
1.188828355460685060e+02
1.235339349567253038e+02
1.237663600460135882e+02
1.239990035799346657e+02
1.242318655584885363e+02
1.244649459816752000e+02
1.246982448494946283e+02
1.249317621619468781e+02
1.251654979190319068e+02
1.253994521207497286e+02
1.272854587481679545e+02
1.275229316189667657e+02
1.277606258065137581e+02
1.279985413108089460e+02
1.282366781318523294e+02
1.284750362696438515e+02
1.287136157241835974e+02
1.289524164954715104e+02
1.291914385835075905e+02
1.281234103339475610e+02
1.283604564215219455e+02
1.285977215905081152e+02
1.288352058409060987e+02
1.290729091727158959e+02
1.293108315859375068e+02
1.295489730805709030e+02
1.297873336566161129e+02
1.300259133140731080e+02
1.290494752701422954e+02
1.292862632981608897e+02
1.295232683637854052e+02
1.297604904670157566e+02
1.299979296078520292e+02
1.302355857862941662e+02
1.304734590023421958e+02
1.307115492559960899e+02
1.309498565472559051e+02
1.284500823185126137e+02
1.286838404301022933e+02
1.289178110490661027e+02
1.291519941754040985e+02
1.293863898091162525e+02
1.296209979502025931e+02
1.298558185986631202e+02
1.300908517544977769e+02
1.303260974177066487e+02
1.260680113831073612e+02
1.262955709704414744e+02
1.265233357512718584e+02
1.267513057255984705e+02
1.269794808934213250e+02
1.272078612547404362e+02
1.274364468095557754e+02
1.276652375578673713e+02
1.278942334996752095e+02
1.282937952854347543e+02
1.285235066467336367e+02
1.287534234743664285e+02
1.289835457683331299e+02
1.292138735286337123e+02
1.294444067552682043e+02
1.296751454482366057e+02
1.299060896075388882e+02
1.301372392331751087e+02
1.242586862425105778e+02
1.244793943885896397e+02
1.247002983715330231e+02
1.249213981913406997e+02
1.251426938480126978e+02
1.253641853415490033e+02
1.255858726719496161e+02
1.258077558392145505e+02
1.260298348433437923e+02
1.223701925169704339e+02
1.225858228121545324e+02
1.228016429227393047e+02
1.230176528487247793e+02
1.232338525901109421e+02
1.234502421468977786e+02
1.236668215190853175e+02
1.238835907066735587e+02
1.241005497096624595e+02
1.206982853680182757e+02
1.209092963564238943e+02
1.211204916339023612e+02
1.213318712004536764e+02
1.215434350560778256e+02
1.217551832007748374e+02
1.219671156345446832e+02
1.221792323573873631e+02
1.223915333693028913e+02
1.213192185898968489e+02
1.215296595588298914e+02
1.217402828856216246e+02
1.219510885702720486e+02
1.221620766127811635e+02
1.223732470131489833e+02
1.225845997713754798e+02
1.227961348874606955e+02
1.230078523614046020e+02
1.129535542508221084e+02
1.131479665645068309e+02
1.133425460426917084e+02
1.135372926853767410e+02
1.137322064925619571e+02
1.139272874642472999e+02
1.141225356004328120e+02
1.143179509011184933e+02
1.145135333663043156e+02
1.101865510237211510e+02
1.103747432543338221e+02
1.105630960585221203e+02
1.107516094362860031e+02
1.109402833876254988e+02
1.111291179125406217e+02
1.113181130110313291e+02
1.115072686830976494e+02
1.116965849287395827e+02
9.941660867612394270e+01
9.958511140269364148e+01
9.975375680727060512e+01
9.992254488985481942e+01
1.000914756504462844e+02
1.002605490890450142e+02
1.004297652056509946e+02
1.005991240002642257e+02
1.007686254728847359e+02
9.674341794724146837e+01
9.690614867549587075e+01
9.706901615226139768e+01
9.723202037753809179e+01
9.739516135132589625e+01
9.755843907362485368e+01
9.772185354443494987e+01
9.788540476375618482e+01
9.804909273158854432e+01
8.712874962562466408e+01
8.727420663668581824e+01
8.741978496301889834e+01
8.756548460462393280e+01
8.771130556150090740e+01
8.785724783364983637e+01
8.800331142107069127e+01
8.814949632376350053e+01
8.829580254172824993e+01
7.454082340213199132e+01
7.466433760826642185e+01
7.478795406126023693e+01
7.491167276111345075e+01
7.503549370782602068e+01
7.515941690139798936e+01
7.528344234182934258e+01
7.540757002912008033e+01
7.553179996327018841e+01
6.477532588661588875e+01
6.488186425156098380e+01
6.498849015830143117e+01
6.509520360683723084e+01
6.520200459716838282e+01
6.530889312929488710e+01
6.541586920321674370e+01
6.552293281893395260e+01
6.563008397644651382e+01
6.274492271699550372e+01
6.284736340714569991e+01
6.294988765413940968e+01
6.305249545797664013e+01
6.315518681865738415e+01
6.325796173618164175e+01
6.336082021054941293e+01
6.346376224176071190e+01
6.356678782981551024e+01
4.805747956712234981e+01
4.813536851293616081e+01
4.821332052672229906e+01
4.829133560848074325e+01
4.836941375821151468e+01
4.844755497591459914e+01
4.852575926159001085e+01
4.860402661523773560e+01
4.868235703685778049e+01
4.570688303485386683e+01
4.578042588768548882e+01
4.585402785856600616e+01
4.592768894749543307e+01
4.600140915447375534e+01
4.607518847950098007e+01
4.614902692257710726e+01
4.622292448370212981e+01
4.629688116287605482e+01
3.647214359672774009e+01
3.653040580694615613e+01
3.658871451533713071e+01
3.664706972190066381e+01
3.670547142663676254e+01
3.676391962954541981e+01
3.682241433062664271e+01
3.688095552988041703e+01
3.693954322730675699e+01
3.051523519333870738e+01
3.056363366311402885e+01
3.061207048349930915e+01
3.066054565449455893e+01
3.070905917609977109e+01
3.075761104831494919e+01
3.080620127114009321e+01
3.085482984457519962e+01
3.090349676862027195e+01
3.329965100896957608e+01
3.335209140425929064e+01
3.340457305871131410e+01
3.345709597232563937e+01
3.350966014510227353e+01
3.356226557704120950e+01
3.361491226814244726e+01
3.366760021840599393e+01
3.372032942783184239e+01
2.732157062903011280e+01
2.736429396074087350e+01
2.740705067005453088e+01
2.744984075697108850e+01
2.749266422149054279e+01
2.753552106361289731e+01
2.757841128333815206e+01
2.762133488066630349e+01
2.766429185559735515e+01
3.458665344243029693e+01
3.464035942603656082e+01
3.469410707448657405e+01
3.474789638778035084e+01
3.480172736591789118e+01
3.485560000889918797e+01
3.490951431672424832e+01
3.496347028939305801e+01
3.501746792690563836e+01
4.132596824520954470e+01
4.138969371667478470e+01
4.145346828326442079e+01
4.151729194497846009e+01
4.158116470181688840e+01
4.164508655377970570e+01
4.170905750086692620e+01
4.177307754307854282e+01
4.183714668041455553e+01
5.639330485094018997e+01
5.647966519527547291e+01
5.656609161485508963e+01
5.665258410967901881e+01
5.673914267974728176e+01
5.682576732505987849e+01
5.691245804561679478e+01
5.699921484141803774e+01
5.708603771246361447e+01
6.570138890059926950e+01
6.580131496736824204e+01
6.590131696579889820e+01
6.600139489589122377e+01
6.610154875764523297e+01
6.620177855106091158e+01
6.630208427613828803e+01
6.640246593287733390e+01
6.650292352127804918e+01
7.578312174904593235e+01
7.589759776377259470e+01
7.601216017549148773e+01
7.612680898420263986e+01
7.624154418990603688e+01
7.635636579260166457e+01
7.647127379228955135e+01
7.658626818896969723e+01
7.670134898264207379e+01
8.796440820478181877e+01
8.809638781199079460e+01
8.822846635443755758e+01
8.836064383212210771e+01
8.849292024504444498e+01
8.862529559320456940e+01
8.875776987660248096e+01
8.889034309523817967e+01
8.902301524911167974e+01
1.129626258702004407e+02
1.131309755361769049e+02
1.132994505555904112e+02
1.134680509284410022e+02
1.136367766547286351e+02
1.138056277344533527e+02
1.139746041676151265e+02
1.141437059542139565e+02
1.143129330942498569e+02
1.056793247056255041e+02
1.058357707821697318e+02
1.059923325732676176e+02
1.061490100789191615e+02
1.063058032991243493e+02
1.064627122338832095e+02
1.066197368831957277e+02
1.067768772470618899e+02
1.069341333254817243e+02
1.196873200168798519e+02
1.198633307816105571e+02
1.200394708709296054e+02
1.202157402848369827e+02
1.203921390233327173e+02
1.205686670864167809e+02
1.207453244740891876e+02
1.209221111863499232e+02
1.210990272231990161e+02
1.091283233699097082e+02
1.092877511615384947e+02
1.094472953238181248e+02
1.096069558567485558e+02
1.097667327603298162e+02
1.099266260345619202e+02
1.100866356794448251e+02
1.102467616949785736e+02
1.104070040811631230e+02
1.180383663277183786e+02
1.182096847113580225e+02
1.183811273287784047e+02
1.185526941799795395e+02
1.187243852649613984e+02
1.188962005837239957e+02
1.190681401362673455e+02
1.192402039225914478e+02
1.194123919426962601e+02
1.155550153640512718e+02
1.157216411973087418e+02
1.158883870779965122e+02
1.160552530061145688e+02
1.162222389816629402e+02
1.163893450046415978e+02
1.165565710750505843e+02
1.167239171928898429e+02
1.168913833581594162e+02
1.113555502269023521e+02
1.115150853991471962e+02
1.116747347697973680e+02
1.118344983388528817e+02
1.119943761063137089e+02
1.121543680721798779e+02
1.123144742364513604e+02
1.124746945991281848e+02
1.126350291602103226e+02
1.002969392070515937e+02
1.004397106507626916e+02
1.005825836388861205e+02
1.007255581714218522e+02
1.008686342483698866e+02
1.010118118697302378e+02
1.011550910355029202e+02
1.012984717456878911e+02
1.014419540002851789e+02
9.675643824517672442e+01
9.689329317904544325e+01
9.703024483018189983e+01
9.716729319858610836e+01
9.730443828425808306e+01
9.744168008719779550e+01
9.757901860740525990e+01
9.771645384488047625e+01
9.785398579962345877e+01
1.050370661165765682e+02
1.051846937569371789e+02
1.053324250683935617e+02
1.054802600509456880e+02
1.056281987045935722e+02
1.057762410293372142e+02
1.059243870251766282e+02
1.060726366921118000e+02
1.062209900301427297e+02
9.542776287427533077e+01
9.556104187270307193e+01
9.569441387810810795e+01
9.582787889049041041e+01
9.596143690984997932e+01
9.609508793618681466e+01
9.622883196950093065e+01
9.636266900979229888e+01
9.649659905706094776e+01
9.480835801886409797e+01
9.493994491410194314e+01
9.507162306238780047e+01
9.520339246372166997e+01
9.533525311810355163e+01
9.546720502553344545e+01
9.559924818601136565e+01
9.573138259953729801e+01
9.586360826611124253e+01
8.853037198751518133e+01
8.865248284542899171e+01
8.877467785968872249e+01
8.889695703029434526e+01
8.901932035724588843e+01
8.914176784054333780e+01
8.926429948018670757e+01
8.938691527617595511e+01
8.950961522851113727e+01
8.461050550259727743e+01
8.472648974591817250e+01
8.484255343050162423e+01
8.495869655634761841e+01
8.507491912345616925e+01
8.519122113182726252e+01
8.530760258146089825e+01
8.542406347235710484e+01
8.554060380451583967e+01
7.254184936445484766e+01
7.264068022189961482e+01
7.273957835698729468e+01
7.283854376971788724e+01
7.293757646009139251e+01
7.303667642810782468e+01
7.313584367376716955e+01
7.323507819706942712e+01
7.333437999801461160e+01
6.398191305064022316e+01
6.406855071218475928e+01
6.415524699190353886e+01
6.424200188979658321e+01
6.432881540586387814e+01
6.441568754010542364e+01
6.450261829252121970e+01
6.458960766311126633e+01
6.467665565187556354e+01
4.740280617957528619e+01
4.746660538035533961e+01
4.753044748577612211e+01
4.759433249583764791e+01
4.765826041053991702e+01
4.772223122988292232e+01
4.778624495386667093e+01
4.785030158249115573e+01
4.791440111575638383e+01
3.250833751255865423e+01
3.255182692729117377e+01
3.259534541248808637e+01
3.263889296814939200e+01
3.268246959427509069e+01
3.272607529086518241e+01
3.276971005791967428e+01
3.281337389543855210e+01
3.285706680342182295e+01
2.330868357338239250e+01
2.333967916324061420e+01
2.337069534817515404e+01
2.340173212818600845e+01
2.343278950327318455e+01
2.346386747343667878e+01
2.349496603867648403e+01
2.352608519899261452e+01
2.355722495438505959e+01
2.358838530485382279e+01
2.361956625039890412e+01
2.365076779102030358e+01
2.368198992671801761e+01
2.371323265749205333e+01
2.374449598334240363e+01
2.377577990426907562e+01
2.380708442027206573e+01
2.700089984964892409e+01
2.703640399146305739e+01
2.707193146057142030e+01
2.710748225697400926e+01
2.714305638067082427e+01
2.717865383166186888e+01
2.721427460994713954e+01
2.724991871552663625e+01
2.728558614840036256e+01
2.732127690856831848e+01
2.735699099603049689e+01
2.739272841078690846e+01
2.742848915283754252e+01
2.746427322218240619e+01
2.750008061882149590e+01
2.753591134275481522e+01
2.757176539398235704e+01
3.880844051931226346e+01
3.885890663182112092e+01
3.890940553582608885e+01
3.895993723132716013e+01
3.901050171832434188e+01
3.906109899681762698e+01
3.911172906680702255e+01
3.916239192829252147e+01
3.921308758127413086e+01
3.926381602575185070e+01
3.931457726172566680e+01
3.936537128919560047e+01
3.941619810816163749e+01
3.946705771862377787e+01
3.951795012058202872e+01
3.956887531403639002e+01
3.961983329898685469e+01
6.519123854224969250e+01
6.527508579439405878e+01
6.535898693294726058e+01
6.544294195790931212e+01
6.552695086928018497e+01
6.561101366705989335e+01
6.569513035124842304e+01
6.577930092184580246e+01
6.586352537885200320e+01
6.594780372226703946e+01
6.603213595209091125e+01
6.611652206832361856e+01
6.620096207096514718e+01
6.628545596001551132e+01
6.637000373547472520e+01
6.645460539734276040e+01
6.653926094561963112e+01
1.293581185275039331e+02
1.295226962864447842e+02
1.296873786720601061e+02
1.298521656843498988e+02
1.300170573233141340e+02
1.301820535889528685e+02
1.303471544812660454e+02
1.305123600002537216e+02
1.306776701459158687e+02
1.308430849182524582e+02
1.310086043172635186e+02
1.311742283429490783e+02
1.313399569953090804e+02
1.315057902743435818e+02
1.316717281800524972e+02
1.318377707124359404e+02
1.320039178714938259e+02
2.161417937670153435e+02
2.164138413362627205e+02
2.166860600046101979e+02
2.169584497720578327e+02
2.172310106386056532e+02
2.175037426042536310e+02
2.177766456690017378e+02
2.180497198328500303e+02
2.183229650957984518e+02
2.185963814578470306e+02
2.188699689189957951e+02
2.191437274792446885e+02
2.194176571385937393e+02
2.196917578970429759e+02
2.199660297545923413e+02
2.202404727112418357e+02
2.205150867669915158e+02
3.338376492367452784e+02
3.342533872806266686e+02
3.346693840289535160e+02
3.350856394817258206e+02
3.355021536389436392e+02
3.359189265006069149e+02
3.363359580667157047e+02
3.367532483372699517e+02
3.371707973122696558e+02
3.375886049917148171e+02
3.380066713756055492e+02
3.384249964639416248e+02
3.388435802567232713e+02
3.392624227539503750e+02
3.396815239556229926e+02
3.401008838617410106e+02
3.405205024723045426e+02
4.379678881384934925e+02
4.385075897874626776e+02
4.390476237650334497e+02
4.395879900712058088e+02
4.401286887059796982e+02
4.406697196693552314e+02
4.412110829613323517e+02
4.417527785819110022e+02
4.422948065310912966e+02
4.428371668088731212e+02
4.433798594152565329e+02
4.439228843502415316e+02
4.444662416138281174e+02
4.450099312060162902e+02
4.455539531268061069e+02
4.460983073761973969e+02
4.466429939541902741e+02
5.232248592993895500e+02
5.238629383960960695e+02
5.245014063283277892e+02
5.251402630960845954e+02
5.257795086993664881e+02
5.264191431381734674e+02
5.270591664125056468e+02
5.276995785223629127e+02
5.283403794677451515e+02
5.289815692486527041e+02
5.296231478650852296e+02
5.302651153170429552e+02
5.309074716045257674e+02
5.315502167275335523e+02
5.321933506860666512e+02
5.328368734801247228e+02
5.334807851097079947e+02
5.670348951235860113e+02
5.677193065842058104e+02
5.684041308382278430e+02
5.690893678856518818e+02
5.697750177264779268e+02
5.704610803607060916e+02
5.711475557883363763e+02
5.718344440093686671e+02
5.725217450238029642e+02
5.732094588316392674e+02
5.738975854328778041e+02
5.745861248275182334e+02
5.752750770155608961e+02
5.759644419970055651e+02
5.766542197718522402e+02
5.773444103401010352e+02
5.780350137017518364e+02
6.027301146591362340e+02
6.034502223230061873e+02
6.041707599018992596e+02
6.048917273958156784e+02
6.056131248047552162e+02
6.063349521287179869e+02
6.070572093677039902e+02
6.077798965217131126e+02
6.085030135907454678e+02
6.092265605748010557e+02
6.099505374738798764e+02
6.106749442879818162e+02
6.113997810171069887e+02
6.121250476612555076e+02
6.128507442204270319e+02
6.135768706946219027e+02
6.143034270838398925e+02
5.866730114638753548e+02
5.873668884732945799e+02
5.880611755755088552e+02
5.887558727705182946e+02
5.894509800583228980e+02
5.901464974389226654e+02
5.908424249123175969e+02
5.915387624785078060e+02
5.922355101374930655e+02
5.929326678892734890e+02
5.936302357338490765e+02
5.943282136712199417e+02
5.950266017013858573e+02
5.957253998243469368e+02
5.964246080401032941e+02
5.971242263486547017e+02
5.978242547500012734e+02
5.589215930932184619e+02
5.595760680265829023e+02
5.602309259177784497e+02
5.608861667668051041e+02
5.615417905736628654e+02
5.621977973383517337e+02
5.628541870608717090e+02
5.635109597412227913e+02
5.641681153794049806e+02
5.648256539754181631e+02
5.654835755292626800e+02
5.661418800409380765e+02
5.668005675104448073e+02
5.674596379377824178e+02
5.681190913229513626e+02
5.687789276659513007e+02
5.694391469667823458e+02
5.095390784499577990e+02
5.101298483959866985e+02
5.107209606189252895e+02
5.113124151187735151e+02
5.119042118955313754e+02
5.124963509491988134e+02
5.130888322797759429e+02
5.136816558872626501e+02
5.142748217716590489e+02
5.148683299329650254e+02
5.154621803711806933e+02
5.160563730863059391e+02
5.166509080783408763e+02
5.172457853472855049e+02
5.178410048931397114e+02
5.184365667159034956e+02
5.190324708155768576e+02
4.125699071243503226e+02
4.130435809557214952e+02
4.135175265448847313e+02
4.139917438918398602e+02
4.144662329965869390e+02
4.149409938591259674e+02
4.154160264794570026e+02
4.158913308575799306e+02
4.163669069934948652e+02
4.168427548872016928e+02
4.173188745387005270e+02
4.177952659479912541e+02
4.182719291150739309e+02
4.187488640399486144e+02
4.192260707226151908e+02
4.197035491630737738e+02
4.201812993613242497e+02
3.304564625618267542e+02
3.308321947534831793e+02
3.312081404293394371e+02
3.315842995893954708e+02
3.319606722336512803e+02
3.323372583621069225e+02
3.327140579747623974e+02
3.330910710716176482e+02
3.334682976526727316e+02
3.338457377179275909e+02
3.342233912673822260e+02
3.346012583010366939e+02
3.349793388188909944e+02
3.353576328209450708e+02
3.357361403071989798e+02
3.361148612776526647e+02
3.364937957323061823e+02
2.120902116223748237e+02
2.123290519507783927e+02
2.125680266856695368e+02
2.128071358270482278e+02
2.130463793749144941e+02
2.132857573292683355e+02
2.135252696901097522e+02
2.137649164574387157e+02
2.140046976312552260e+02
2.142446132115593400e+02
2.144846631983510292e+02
2.147248475916302368e+02
2.149651663913970197e+02
2.152056195976513777e+02
2.154462072103933110e+02
2.156869292296227911e+02
2.159277856553398465e+02
1.267782272657892690e+02
1.269196419085843672e+02
1.270611353778246979e+02
1.272027076735102895e+02
1.273443587956411562e+02
1.274860887442172697e+02
1.276278975192386440e+02
1.277697851207052935e+02
1.279117515486171754e+02
1.280537968029743183e+02
1.281959208837767505e+02
1.283381237910244295e+02
1.284804055247173551e+02
1.286227660848555558e+02
1.287652054714389749e+02
1.289077236844676975e+02
1.290503207239416668e+02
4.029511116361780410e+01
4.033963614832897804e+01
4.038418571889587838e+01
4.042875987531850512e+01
4.047335861759684406e+01
4.051798194573090939e+01
4.056262985972070112e+01
4.060730235956620504e+01
4.065199944526743536e+01
4.069672111682438498e+01
4.074146737423705389e+01
4.078623821750544920e+01
4.083103364662956380e+01
4.087585366160939770e+01
4.092069826244495090e+01
4.096556744913623049e+01
4.101046122168322938e+01
-3.557183339775737352e+01
-3.561077355473357642e+01
-3.564973501376501019e+01
-3.568871777485168906e+01
-3.572772183799359880e+01
-3.576674720319075362e+01
-3.580579387044314643e+01
-3.584486183975077722e+01
-3.588395111111364599e+01
-3.592306168453175275e+01
-3.596219356000509748e+01
-3.600134673753368730e+01
-3.604052121711750800e+01
-3.607971699875656668e+01
-3.611893408245087045e+01
-3.615817246820040509e+01
-3.619743215600518482e+01
-1.191348465035734563e+02
-1.192640600030350271e+02
-1.193933435369136475e+02
-1.195226971052093319e+02
-1.196521207079220659e+02
-1.197816143450518496e+02
-1.199111780165986971e+02
-1.200408117225625801e+02
-1.201705154629435270e+02
-1.203002892377415236e+02
-1.204301330469565556e+02
-1.205600468905886657e+02
-1.206900307686378255e+02
-1.208200846811040208e+02
-1.209502086279872799e+02
-1.210804026092875887e+02
-1.212106666250049472e+02
-1.852164303631518010e+02
-1.854154807987919753e+02
-1.856146381358475992e+02
-1.858139023743187010e+02
-1.860132735142053377e+02
-1.862127515555074240e+02
-1.864123364982250166e+02
-1.866120283423580588e+02
-1.868118270879066358e+02
-1.870117327348706908e+02
-1.872117452832502238e+02
-1.874118647330452632e+02
-1.876120910842557805e+02
-1.878124243368817758e+02
-1.880128644909233060e+02
-1.882134115463802857e+02
-1.884140655032527434e+02
-2.178145780980690063e+02
-2.180465425049891905e+02
-2.182786303628976157e+02
-2.185108416717943385e+02
-2.187431764316792737e+02
-2.189756346425524782e+02
-2.192082163044139520e+02
-2.194409214172636382e+02
-2.196737499811015653e+02
-2.199067019959277616e+02
-2.201397774617422272e+02
-2.203729763785449052e+02
-2.206062987463358525e+02
-2.208397445651150406e+02
-2.210733138348824980e+02
-2.213070065556381678e+02
-2.215408227273821069e+02
-2.388460254983522759e+02
-2.390981057363452464e+02
-2.393503189280502568e+02
-2.396026650734672785e+02
-2.398551441725963400e+02
-2.401077562254374129e+02
-2.403605012319904972e+02
-2.406133791922556213e+02
-2.408663901062327568e+02
-2.411195339739219321e+02
-2.413728107953230904e+02
-2.416262205704362884e+02
-2.418797632992615263e+02
-2.421334389817987471e+02
-2.423872476180480078e+02
-2.426411892080093082e+02
-2.428952637516826201e+02
-2.270884580206462147e+02
-2.273259982487012678e+02
-2.275636626483340024e+02
-2.278014512195443899e+02
-2.280393639623324304e+02
-2.282774008766981240e+02
-2.285155619626414705e+02
-2.287538472201624984e+02
-2.289922566492611509e+02
-2.292307902499374563e+02
-2.294694480221914148e+02
-2.297082299660230547e+02
-2.299471360814323191e+02
-2.301861663684192365e+02
-2.304253208269838638e+02
-2.306645994571260871e+02
-2.309040022588459919e+02
-2.076664414362831224e+02
-2.078817513807478861e+02
-2.080971728847694067e+02
-2.083127059483475989e+02
-2.085283505714825480e+02
-2.087441067541741972e+02
-2.089599744964225749e+02
-2.091759537982276527e+02
-2.093920446595894589e+02
-2.096082470805079652e+02
-2.098245610609832283e+02
-2.100409866010151916e+02
-2.102575237006038549e+02
-2.104741723597492467e+02
-2.106909325784513669e+02
-2.109078043567101872e+02
-2.111247876945257360e+02
-1.997828498999560907e+02
-1.999881765699457787e+02
-2.001936086979066829e+02
-2.003991462838388031e+02
-2.006047893277421963e+02
-2.008105378296168055e+02
-2.010163917894626309e+02
-2.012223512072797291e+02
-2.014284160830680435e+02
-2.016345864168275455e+02
-2.018408622085583204e+02
-2.020472434582603114e+02
-2.022537301659335753e+02
-2.024603223315780554e+02
-2.026670199551937230e+02
-2.028738230367806636e+02
-2.030807315763388203e+02
-1.909566229280422078e+02
-1.911511788352536598e+02
-1.913458338035176780e+02
-1.915405878328342340e+02
-1.917354409232033561e+02
-1.919303930746250160e+02
-1.921254442870992136e+02
-1.923205945606260059e+02
-1.925158438952053075e+02
-1.927111922908371753e+02
-1.929066397475215808e+02
-1.931021862652585526e+02
-1.932978318440480621e+02
-1.934935764838901378e+02
-1.936894201847847796e+02
-1.938853629467319593e+02
-1.940814047697316767e+02
-1.880434509442491446e+02
-1.882333938239908093e+02
-1.884234325860544175e+02
-1.886135672304399407e+02
-1.888037977571473789e+02
-1.889941241661767606e+02
-1.891845464575280573e+02
-1.893750646312012975e+02
-1.895656786871964812e+02
-1.897563886255135799e+02
-1.899471944461526220e+02
-1.901380961491135508e+02
-1.903290937343964799e+02
-1.905201872020012672e+02
-1.907113765519280264e+02
-1.909026617841767006e+02
-1.910940428987472899e+02
-1.103397593710134998e+02
-1.104502648886609961e+02
-1.105608257143753548e+02
-1.106714418481566184e+02
-1.107821132900047729e+02
-1.108928400399198324e+02
-1.110036220979017685e+02
-1.111144594639505954e+02
-1.112253521380663130e+02
-1.113363001202489215e+02
-1.114473034104984208e+02
-1.115583620088148109e+02
-1.116694759151980918e+02
-1.117806451296482777e+02
-1.118918696521653260e+02
-1.120031494827492793e+02
-1.121144846214001376e+02
-1.369247872709129012e+02
-1.370607602473487532e+02
-1.371968007041699309e+02
-1.373329086413764628e+02
-1.374690840589682921e+02
-1.376053269569454756e+02
-1.377416373353079848e+02
-1.378780151940558198e+02
-1.380144605331889522e+02
-1.381509733527074673e+02
-1.382875536526112512e+02
-1.384242014329004178e+02
-1.385609166935748817e+02
-1.386976994346346714e+02
-1.388345496560798153e+02
-1.389714673579102566e+02
-1.391084525401260521e+02
-1.392455052027271449e+02
-1.393826253457135920e+02
-1.395198129690853364e+02
-1.396570680728424350e+02
-1.397943906569848593e+02
-1.399317807215126095e+02
-1.400692382664256854e+02
-1.402067632917240871e+02
-1.403443557974078431e+02
-1.404820157834768963e+02
-1.406197432499312754e+02
-1.407575381967710086e+02
-1.408954006239960393e+02
-1.410333305316064241e+02
-1.411713279196021062e+02
-1.413093927879831426e+02
-1.653309246922714237e+02
-1.654924595478574361e+02
-1.656540732778846348e+02
-1.658157658823530483e+02
-1.659775373612626481e+02
-1.661393877146134628e+02
-1.663013169424054922e+02
-1.664633250446387081e+02
-1.666254120213131387e+02
-1.667875778724287841e+02
-1.669498225979856159e+02
-1.671121461979836624e+02
-1.672745486724229238e+02
-1.674370300213033431e+02
-1.675995902446250057e+02
-1.677622293423878830e+02
-1.679249473145919467e+02
-1.680877441612371967e+02
-1.682506198823236616e+02
-1.684135744778513413e+02
-1.685766079478202357e+02
-1.687397202922303165e+02
-1.689029115110815837e+02
-1.690661816043740941e+02
-1.692295305721077909e+02
-1.693929584142826741e+02
-1.695564651308987720e+02
-1.697200507219560848e+02
-1.698837151874546123e+02
-1.700474585273943262e+02
-1.702112807417752549e+02
-1.703751818305973700e+02
-1.705391617938606714e+02
-2.174199744120406876e+02
-2.176290320797445759e+02
-2.178381902076443737e+02
-2.180474487957401095e+02
-2.182568078440317549e+02
-2.184662673525192815e+02
-2.186758273212027746e+02
-2.188854877500821488e+02
-2.190952486391574610e+02
-2.193051099884286828e+02
-2.195150717978958426e+02
-2.197251340675588835e+02
-2.199352967974178625e+02
-2.201455599874727511e+02
-2.203559236377235777e+02
-2.205663877481702855e+02
-2.207769523188129313e+02
-2.209876173496514866e+02
-2.211983828406859800e+02
-2.214092487919163830e+02
-2.216202152033426955e+02
-2.218312820749649177e+02
-2.220424494067830778e+02
-2.222537171987971476e+02
-2.224650854510071269e+02
-2.226765541634130159e+02
-2.228881233360148428e+02
-2.230997929688125794e+02
-2.233115630618062255e+02
-2.235234336149958096e+02
-2.237354046283812750e+02
-2.239474761019626783e+02
-2.241596480357399912e+02
-2.493194397940567626e+02
-2.495554260125083204e+02
-2.497915238611483346e+02
-2.500277333399768622e+02
-2.502640544489938463e+02
-2.505004871881993438e+02
-2.507370315575932977e+02
-2.509736875571757082e+02
-2.512104551869466604e+02
-2.514473344469060407e+02
-2.516843253370539344e+02
-2.519214278573902845e+02
-2.521586420079151480e+02
-2.523959677886284965e+02
-2.526334051995303014e+02
-2.528709542406205912e+02
-2.531086149118993660e+02
-2.533463872133666257e+02
-2.535842711450223703e+02
-2.538222667068665999e+02
-2.540603738988993143e+02
-2.542985927211205137e+02
-2.545369231735301696e+02
-2.547753652561283104e+02
-2.550139189689149646e+02
-2.552525843118900752e+02
-2.554913612850536992e+02
-2.557302498884057513e+02
-2.559692501219463168e+02
-2.562083619856753671e+02
-2.564475854795928740e+02
-2.566869206036989226e+02
-2.569263673579934562e+02
-2.554332081501255800e+02
-2.556712633301350195e+02
-2.559094293881975375e+02
-2.561477063243132193e+02
-2.563860941384819512e+02
-2.566245928307037616e+02
-2.568632024009787074e+02
-2.571019228493067885e+02
-2.573407541756878913e+02
-2.575796963801221864e+02
-2.578187494626095031e+02
-2.580579134231499552e+02
-2.582971882617435426e+02
-2.585365739783901518e+02
-2.587760705730899531e+02
-2.590156780458427761e+02
-2.592553963966487913e+02
-2.594952256255078282e+02
-2.597351657324200005e+02
-2.599752167173852513e+02
-2.602153785804036374e+02
-2.604556513214751021e+02
-2.606960349405996453e+02
-2.609365294377773239e+02
-2.611771348130081378e+02
-2.614178510662920303e+02
-2.616586781976290013e+02
-2.618996162070190508e+02
-2.621406650944622356e+02
-2.623818248599585559e+02
-2.626230955035079546e+02
-2.628644770251104319e+02
-2.631059694247659877e+02
-2.536239579547200833e+02
-2.538567472690429270e+02
-2.540896433674548689e+02
-2.543226462499559943e+02
-2.545557559165462180e+02
-2.547889723672255968e+02
-2.550222956019941307e+02
-2.552557256208517913e+02
-2.554892624237985785e+02
-2.557229060108345493e+02
-2.559566563819596183e+02
-2.561905135371738425e+02
-2.564244774764771932e+02
-2.566585481998696423e+02
-2.568927257073513033e+02
-2.571270099989220626e+02
-2.573614010745820337e+02
-2.575958989343310463e+02
-2.578305035781692141e+02
-2.580652150060965369e+02
-2.583000332181130148e+02
-2.585349582142186478e+02
-2.587699899944133790e+02
-2.590051285586972654e+02
-2.592403739070702500e+02
-2.594757260395324465e+02
-2.597111849560837413e+02
-2.599467506567241912e+02
-2.601824231414537394e+02
-2.604182024102724995e+02
-2.606540884631803578e+02
-2.608900813001773145e+02
-2.611261809212634830e+02
-2.349132488503252318e+02
-2.351256478095027376e+02
-2.353381427465199067e+02
-2.355507336613767393e+02
-2.357634205540732637e+02
-2.359762034246093947e+02
-2.361890822729852459e+02
-2.364020570992007322e+02
-2.366151279032558818e+02
-2.368282946851507234e+02
-2.370415574448851999e+02
-2.372549161824593682e+02
-2.374683708978731715e+02
-2.376819215911266667e+02
-2.378955682622197969e+02
-2.381093109111526189e+02
-2.383231495379251044e+02
-2.385370841425372248e+02
-2.387511147249890371e+02
-2.389652412852805412e+02
-2.391794638234116519e+02
-2.393937823393824544e+02
-2.396081968331928920e+02
-2.398227073048430498e+02
-2.400373137543328141e+02
-2.402520161816622988e+02
-2.404668145868314184e+02
-2.406817089698402015e+02
-2.408966993306886479e+02
-2.411117856693767862e+02
-2.413269679859045596e+02
-2.415422462802719963e+02
-2.417576205524790964e+02
-2.053860502426106507e+02
-2.055690222250094337e+02
-2.057520756731171900e+02
-2.059352105869339198e+02
-2.061184269664596513e+02
-2.063017248116944131e+02
-2.064851041226381199e+02
-2.066685648992908568e+02
-2.068521071416525672e+02
-2.070357308497232793e+02
-2.072194360235029649e+02
-2.074032226629916806e+02
-2.075870907681893698e+02
-2.077710403390960607e+02
-2.079550713757116966e+02
-2.081391838780363912e+02
-2.083233778460700307e+02
-2.085076532798127005e+02
-2.086920101792643436e+02
-2.088764485444249885e+02
-2.090609683752946069e+02
-2.092455696718732554e+02
-2.094302524341608773e+02
-2.096150166621574726e+02
-2.097998623558630698e+02
-2.099847895152776971e+02
-2.101697981404012694e+02
-2.103548882312338435e+02
-2.105400597877754478e+02
-2.107253128100260255e+02
-2.109106472979855766e+02
-2.110960632516541295e+02
-2.112815606710316843e+02
-1.883743423661977090e+02
-1.885397280925947143e+02
-1.887051863884197189e+02
-1.888707172536727228e+02
-1.890363206883536975e+02
-1.892019966924626999e+02
-1.893677452659996732e+02
-1.895335664089646457e+02
-1.896994601213576175e+02
-1.898654264031785885e+02
-1.900314652544275305e+02
-1.901975766751044716e+02
-1.903637606652094121e+02
-1.905300172247423518e+02
-1.906963463537032908e+02
-1.908627480520922006e+02
-1.910292223199091097e+02
-1.911957691571540181e+02
-1.913623885638269257e+02
-1.915290805399278042e+02
-1.916958450854567104e+02
-1.918626822004135875e+02
-1.920295918847984638e+02
-1.921965741386113393e+02
-1.923636289618521857e+02
-1.925307563545210598e+02
-1.926979563166178764e+02
-1.928652288481427206e+02
-1.930325739490955641e+02
-1.931999916194764069e+02
-1.933674818592852205e+02
-1.935350446685220334e+02
-1.937026800471868455e+02
-1.681462792910627684e+02
-1.682917974903627112e+02
-1.684373786300602376e+02
-1.685830227101554328e+02
-1.687287297306482117e+02
-1.688744996915386309e+02
-1.690203325928266622e+02
-1.691662284345123055e+02
-1.693121872165955608e+02
-1.694582089390764565e+02
-1.696042936019549643e+02
-1.697504412052311125e+02
-1.698966517489048726e+02
-1.700429252329762448e+02
-1.701892616574452575e+02
-1.703356610223118537e+02
-1.704821233275761188e+02
-1.706286485732379674e+02
-1.707752367592974565e+02
-1.709218878857545576e+02
-1.710686019526092707e+02
-1.712153789598616243e+02
-1.713622189075115898e+02
-1.715091217955591674e+02
-1.716560876240043854e+02
-1.718031163928472154e+02
-1.719502081020876858e+02
-1.720973627517257398e+02
-1.722445803417614343e+02
-1.723918608721947408e+02
-1.725392043430256876e+02
-1.726866107542542466e+02
-1.728340801058804175e+02
-1.544459068299026967e+02
-1.545776866138872663e+02
-1.547095225939417560e+02
-1.548414147700661658e+02
-1.549733631422605242e+02
-1.551053677105248028e+02
-1.552374284748590014e+02
-1.553695454352631486e+02
-1.555017185917372160e+02
-1.556339479442812035e+02
-1.557662334928951111e+02
-1.558985752375789673e+02
-1.560309731783327436e+02
-1.561634273151564685e+02
-1.562959376480500850e+02
-1.564285041770136786e+02
-1.565611269020471639e+02
-1.566938058231505977e+02
-1.568265409403239801e+02
-1.569593322535672542e+02
-1.570921797628804768e+02
-1.572250834682636196e+02
-1.573580433697166825e+02
-1.574910594672396940e+02
-1.576241317608326540e+02
-1.577572602504955057e+02
-1.578904449362282776e+02
-1.580236858180310264e+02
-1.581569828959036954e+02
-1.582903361698462561e+02
-1.584237456398587653e+02
-1.585572113059412231e+02
-1.586907331680936011e+02
-1.509054123308695807e+02
-1.510323836496166052e+02
-1.511594083625263067e+02
-1.512864864695986284e+02
-1.514136179708335703e+02
-1.515408028662311892e+02
-1.516680411557913999e+02
-1.517953328395142591e+02
-1.519226779173997670e+02
-1.520500763894478951e+02
-1.521775282556586717e+02
-1.523050335160320685e+02
-1.524325921705681139e+02
-1.525602042192667795e+02
-1.526878696621280938e+02
-1.528155884991520566e+02
-1.529433607303386111e+02
-1.530711863556878427e+02
-1.531990653751996945e+02
-1.533269977888741948e+02
-1.534549835967113154e+02
-1.535830227987110845e+02
-1.537111153948734739e+02
-1.538392613851984834e+02
-1.539674607696861699e+02
-1.540957135483364482e+02
-1.542240197211494035e+02
-1.543523792881249790e+02
-1.544807922492631747e+02
-1.546092586045640189e+02
-1.547377783540274834e+02
-1.548663514976535964e+02
-1.549949780354423581e+02
-1.406156203063845851e+02
-1.407323137672197504e+02
-1.408490556284949378e+02
-1.409658458902100904e+02
-1.410826845523652651e+02
-1.411995716149604334e+02
-1.413165070779955954e+02
-1.414334909414707511e+02
-1.415505232053859288e+02
-1.416676038697410718e+02
-1.417847329345362368e+02
-1.419019103997713955e+02
-1.420191362654465479e+02
-1.421364105315616939e+02
-1.422537331981168336e+02
-1.423711042651119953e+02
-1.424885237325471223e+02
-1.426059916004222714e+02
-1.427235078687374141e+02
-1.428410725374925505e+02
-1.429586856066876805e+02
-1.430763470763228327e+02
-1.431940569463979500e+02
-1.433118152169130894e+02
-1.434296218878681941e+02
-1.435474769592633493e+02
-1.436653804310984697e+02
-1.437833323033735837e+02
-1.439013325760886914e+02
-1.440193812492438212e+02
-1.441374783228389447e+02
-1.442556237968740618e+02
-1.443738176713491441e+02
-1.375283640235379892e+02
-1.376409537607655977e+02
-1.377535895658071468e+02
-1.378662714386626078e+02
-1.379789993793320093e+02
-1.380917733878152944e+02
-1.382045934641125484e+02
-1.383174596082236860e+02
-1.384303718201487641e+02
-1.385433300998877826e+02
-1.386563344474407131e+02
-1.387693848628075557e+02
-1.388824813459883387e+02
-1.389956238969830338e+02
-1.391088125157916409e+02
-1.392220472024141884e+02
-1.393353279568506480e+02
-1.394486547791010196e+02
-1.395620276691653601e+02
-1.396754466270435842e+02
-1.397889116527357487e+02
-1.399024227462418253e+02
-1.400159799075618139e+02
-1.401295831366957430e+02
-1.402432324336435840e+02
-1.403569277984053372e+02
-1.404706692309810308e+02
-1.405844567313706648e+02
-1.406982902995742108e+02
-1.408121699355916689e+02
-1.409260956394230391e+02
-1.410400674110683497e+02
-1.411540852505275723e+02
-1.254694278790680642e+02
-1.255707763668540622e+02
-1.256721657704607225e+02
-1.257735960898880592e+02
-1.258750673251360439e+02
-1.259765794762047051e+02
-1.260781325430940285e+02
-1.261797265258040142e+02
-1.262813614243346620e+02
-1.263830372386859722e+02
-1.264847539688579587e+02
-1.265865116148506075e+02
-1.266883101766639044e+02
-1.267901496542978919e+02
-1.268920300477525274e+02
-1.269939513570278251e+02
-1.270959135821237993e+02
-1.271979167230404357e+02
-1.272999607797777344e+02
-1.274020457523356953e+02
-1.275041716407143184e+02
-1.276063384449136038e+02
-1.277085461649335656e+02
-1.278107948007741754e+02
-1.279130843524354759e+02
-1.280154148199173960e+02
-1.281177862032200210e+02
-1.282201985023433224e+02
-1.283226517172872434e+02
-1.284251458480518693e+02
-1.285276808946371148e+02
-1.286302568570430651e+02
-1.287328737352696635e+02
