1.413434301172171437e-04
2.826868602344342874e-04
4.711447670573904790e-04
7.067171505860857456e-04
9.894040108205199788e-04
1.319205347760693450e-03
1.696121161406605616e-03
2.120151451758257345e-03
2.591296218815647770e-03
3.109555462578777324e-03
3.674929183047645573e-03
4.287417380222252952e-03
4.947020054102599894e-03
5.653737204688685965e-03
-9.921663365668917725e-03
-1.116187128637753309e-02
-1.247503261418665514e-02
-1.386114734909628214e-02
-1.532021549110641756e-02
-1.685223704021706140e-02
-1.845721199642820845e-02
-2.013514035973986219e-02
-2.188602213015202608e-02
-2.370985730766469318e-02
-2.560664589227787044e-02
-2.757638788399155091e-02
-2.961908328280574154e-02
-3.173473208872043538e-02
-1.488330184063840073e-02
-1.587552196334762744e-02
-1.689974918678940896e-02
-1.795598351096374876e-02
-1.904422493587064336e-02
-2.174417566060515838e-02
-2.298669998406830881e-02
-2.426373887207210200e-02
-2.557529232461654145e-02
-2.692136034170162021e-02
-2.588933655295904898e-02
-2.718380338060700369e-02
-2.850984256990490157e-02
-2.986745412085275303e-02
-3.125663803345055808e-02
-3.230892939145064979e-02
-3.374488180884845784e-02
-3.521205058314621356e-02
-3.671043571434393082e-02
-3.824003720244158883e-02
-3.760630183220360634e-02
-3.911055390549175032e-02
-4.064430111747182467e-02
-4.220754346814381552e-02
-4.380028095750773676e-02
-3.900555125064438661e-02
-4.042393493248599978e-02
-4.186764689436050374e-02
-4.333668713626789154e-02
-4.483105565820815624e-02
-4.328079498660847291e-02
-4.472348815282876228e-02
-4.618983202669199595e-02
-4.767982660819819474e-02
-4.919347189734734477e-02
-4.783045538637677868e-02
-4.930216170595760200e-02
-5.079616660613814338e-02
-5.231247008691838202e-02
-5.385107214829833178e-02
-4.798778114608959200e-02
-4.935886060740643511e-02
-5.074925104705168416e-02
-5.215895246502534610e-02
-5.358796486132740705e-02
-5.053254229115923535e-02
-5.188007675225681653e-02
-5.324534192994778703e-02
-5.462833782423214685e-02
-5.602906443510989598e-02
-4.892096014275028326e-02
-5.014398414631904277e-02
-5.138210721166024814e-02
-5.263532933877392017e-02
-5.390365052766003112e-02
-4.638205741761911027e-02
-4.747339994509251065e-02
-4.857743250195512008e-02
-4.969415508820696631e-02
-5.082356770384803546e-02
-3.876704436377307467e-02
-3.962853423852358281e-02
-4.049949103497465369e-02
-4.137991475312627343e-02
-4.226980539297844897e-02
-3.425904550533243054e-02
-3.498028856860258690e-02
-3.570904458044847629e-02
-3.644531354087009178e-02
-3.718909544986744031e-02
-3.582002164117169263e-02
-3.653642207399512842e-02
-3.725991558041086976e-02
-3.799050216041893052e-02
-3.872818181401929682e-02
-3.947295454121197561e-02
-4.022482034199696688e-02
-4.098377921637426369e-02
-4.174983116434387992e-02
-3.402149228298220057e-02
-3.464573984780756205e-02
-3.527566239049497593e-02
-3.591125991104442833e-02
-3.655253240945594007e-02
-3.719947988572949726e-02
-3.785210233986509992e-02
-3.851039977186275498e-02
-3.917437218172246244e-02
-2.166070400853160188e-02
-2.202783458494739222e-02
-2.239805029225743621e-02
-2.277135113046172346e-02
-2.314773709956026437e-02
-2.352720819955305548e-02
-2.390976443044010025e-02
-2.429540579222138827e-02
-2.468413228489692995e-02
-1.782821878994346118e-02
-1.810897814096619485e-02
-1.839193092441878882e-02
-1.867707714030125005e-02
-1.896441678861357852e-02
-1.925394986935577077e-02
-1.954567638252782680e-02
-1.983959632812975007e-02
-2.013570970616153713e-02
-1.203631779815895163e-02
-1.221332247166129030e-02
-1.239161915007970169e-02
-1.257120783341419100e-02
-1.275208852166475476e-02
-1.293426121483139471e-02
-1.311772591291410911e-02
-1.330248261591289970e-02
-1.348853132382776474e-02
-6.069983482120752324e-03
-6.153707392218969556e-03
-6.238004753756215548e-03
-6.322875566732490300e-03
-6.408319831147794680e-03
-6.494337547002126954e-03
-6.580928714295489722e-03
-6.668093333027880383e-03
-6.755831403199298937e-03
1.589586165081898492e-03
1.610230141251793286e-03
1.631007304364719699e-03
1.651917654420677947e-03
1.672961191419667379e-03
1.694137915361688430e-03
1.715447826246741100e-03
1.736890924074825388e-03
1.758467208845941078e-03
-4.029372629010644601e-03
-4.078812783967830993e-03
-4.128554403284511246e-03
-4.178597486960687092e-03
-4.228942034996357666e-03
-4.279588047391523833e-03
-4.330535524146184728e-03
-4.381784465260341217e-03
-4.433334870733992433e-03
-2.247501424691842296e-03
-2.273635162188259329e-03
-2.299919961751129352e-03
-2.326355823380452797e-03
-2.352942747076229232e-03
-2.379680732838459090e-03
-2.406569780667142371e-03
-2.433609890562278642e-03
-2.460801062523868335e-03
4.271995687571131760e-03
4.319200059809486826e-03
4.366663796730470455e-03
4.414386898334081780e-03
4.462369364620321667e-03
4.510611195589190117e-03
4.559112391240687130e-03
4.607872951574811839e-03
4.656892876591565110e-03
4.787756385629477786e-03
4.838153821267683619e-03
4.888815117825459806e-03
4.939740275302808084e-03
4.990929293699729319e-03
5.042382173016220909e-03
5.094098913252284588e-03
5.146079514407920358e-03
5.198323976483127350e-03
3.201181531377905211e-03
3.233354210085220837e-03
3.265687752186073167e-03
3.298182157680462200e-03
3.330837426568387070e-03
3.363653558849849078e-03
3.396630554524847790e-03
3.429768413593382772e-03
3.463067136055454458e-03
3.956676083456019122e-03
3.994721045796943183e-03
4.032948041450502494e-03
4.071357070416697053e-03
4.109948132695528597e-03
4.148721228286995390e-03
4.187676357191099166e-03
4.226813519407838192e-03
4.266132714937213334e-03
5.176351777800172402e-03
5.224060089116302867e-03
5.271987245897186841e-03
5.320133248142823457e-03
5.368498095853212713e-03
5.417081789028354612e-03
5.465884327668249151e-03
5.514905711772898067e-03
5.564145941342298757e-03
2.823783158471540947e-02
2.848772389962439533e-02
2.873871706173562399e-02
2.899081107104909544e-02
2.924400592756480621e-02
2.949830163128276325e-02
2.975369818220295962e-02
3.001019558032539877e-02
3.026779382565007726e-02
3.221691988088572212e-02
3.249110643306347274e-02
3.276645479266570432e-02
3.304296495969242381e-02
3.332063693414361732e-02
3.359947071601929874e-02
3.387946630531945419e-02
3.416062370204409754e-02
3.444294290619322185e-02
4.111066917541967430e-02
4.144764187357884849e-02
4.178598997050602532e-02
4.212571346620119783e-02
4.246681236066435911e-02
4.280928665389552301e-02
4.315313634589468955e-02
4.349836143666184485e-02
4.384496192619700278e-02
8.809463698522275454e-02
8.879103727759606046e-02
8.949017930340390226e-02
9.019206306264629380e-02
9.089668855532320735e-02
9.160405578143467065e-02
9.231416474098066982e-02
9.302701543396121875e-02
9.374260786037630355e-02
9.404218003623754374e-02
9.476005927315538091e-02
9.548066808892081980e-02
9.620400648353387429e-02
9.693007445699448887e-02
9.765887200930271905e-02
9.839039914045855095e-02
9.912465585046197070e-02
9.986164213931299216e-02
1.076279864607503772e-01
1.084222889438555409e-01
1.092195116566780089e-01
1.100196545992177671e-01
1.108227177714748435e-01
1.116287011734492102e-01
1.124376048051408672e-01
1.132494286665498284e-01
1.140641727576760800e-01
1.241187965641752100e-01
1.250053593967764554e-01
1.258950772572517141e-01
1.267879501456010416e-01
1.276839780618243547e-01
1.285831610059217089e-01
1.294854989778930765e-01
1.303909919777385129e-01
1.312996400054579349e-01
1.033038681969145750e-01
1.040187738591769467e-01
1.047361447133781792e-01
1.054559807595182308e-01
1.061782819975971154e-01
1.069030484276148468e-01
1.076302800495714113e-01
1.083599768634668087e-01
1.090921388693010391e-01
1.345734483891944389e-02
1.354766258951621907e-02
1.363828240616850145e-02
1.372920428887629100e-02
1.382042823763958775e-02
1.391195425245839341e-02
1.400378233333270626e-02
1.409591248026252804e-02
1.418834469324785526e-02
-4.597175037971289180e-02
-4.627124061019962514e-02
-4.657170321156455656e-02
-4.687313818380769298e-02
-4.717554552692903441e-02
-4.747892524092857391e-02
-4.778327732580632536e-02
-4.808860178156227488e-02
-4.839489860819642941e-02
-1.333331022792426102e-01
-1.341769826734150184e-01
-1.350235251508498102e-01
-1.358727297115469856e-01
-1.367245963555065447e-01
-1.375791250827284595e-01
-1.384363158932127302e-01
-1.392961687869594123e-01
-1.401586837639684502e-01
-8.365767360801600050e-02
-8.417249006098839748e-02
-8.468888570553434469e-02
-8.520686054165382828e-02
-8.572641456934683435e-02
-8.624754778861337678e-02
-8.677026019945345559e-02
-8.729455180186708463e-02
-8.782042259585423616e-02
1.731534015932304285e-02
1.741902483093575593e-02
1.752301900903089488e-02
1.762732269360845969e-02
1.773193588466844689e-02
1.783685858221086690e-02
1.794209078623570930e-02
1.804763249674297756e-02
1.815348371373267169e-02
1.703479980001503802e-01
1.713412807873232746e-01
1.723374510244588542e-01
1.733365087115571745e-01
1.743384538486182078e-01
1.753432864356419540e-01
1.763510064726283855e-01
1.773616139595775576e-01
1.783751088964894427e-01
3.324789908237291702e-01
3.343680759988639783e-01
3.362625126900756767e-01
3.381623008973642652e-01
3.400674406207296885e-01
3.419779318601720020e-01
3.438937746156911501e-01
3.458149688872871885e-01
3.477415146749601171e-01
3.167510868270910773e-01
3.185059404937231609e-01
3.202656418224177903e-01
3.220301908131749102e-01
3.237995874659945206e-01
3.255738317808766769e-01
3.273529237578213791e-01
3.291368633968286272e-01
3.309256506978983103e-01
3.788359047798055546e-01
3.808836664272639561e-01
3.829369476478960976e-01
3.849957484417020348e-01
3.870600688086816565e-01
3.891299087488350184e-01
3.912052682621621758e-01
3.932861473486629622e-01
3.953725460083375998e-01
2.139184588865607195e-01
2.150473161893921570e-01
2.161791441693363403e-01
2.173139428263932138e-01
2.184517121605628331e-01
2.195924521718451428e-01
2.207361628602401704e-01
2.218828442257478883e-01
2.230324962683683521e-01
-1.506169473502562695e-01
-1.513933233675256174e-01
-1.521716952100321818e-01
-1.529520628777759350e-01
-1.537344263707568770e-01
-1.545187856889750355e-01
-1.553051408324303828e-01
-1.560934918011229189e-01
-1.568838385950526437e-01
-5.283222141501011659e-01
-5.309837870173561569e-01
-5.336520472536242510e-01
-5.363269948589055591e-01
-5.390086298332000814e-01
-5.416969521765078177e-01
-5.443919618888287681e-01
-5.470936589701628217e-01
-5.498020434205102003e-01
-6.924547436341844664e-01
-6.958658507456828568e-01
-6.992853389557353028e-01
-7.027132082643419153e-01
-7.061494586715025834e-01
-7.095940901772171960e-01
-7.130471027814858642e-01
-7.165084964843085880e-01
-7.199782712856854783e-01
-6.779581506611174202e-01
-6.812254188570746605e-01
-6.845005410631183063e-01
-6.877835172792483576e-01
-6.910743475054648144e-01
-6.943730317417677878e-01
-6.976795699881571666e-01
-7.009939622446329510e-01
-7.043162085111951409e-01
-4.195768515947090327e-01
-4.215559876871368683e-01
-4.235397805703704499e-01
-4.255282302444097775e-01
-4.275213367092547956e-01
-4.295190999649055041e-01
-4.315215200113619032e-01
-4.335285968486240482e-01
-4.355403304766919392e-01
-3.581937845870316606e-01
-3.598482593426299281e-01
-3.615065462520429818e-01
-3.631686453152707661e-01
-3.648345565323132811e-01
-3.665042799031705822e-01
-3.681778154278426141e-01
-3.698551631063293210e-01
-3.715363229386308141e-01
-1.711651987752683957e-01
-1.719397019371474433e-01
-1.727159534131616492e-01
-1.734939532033110410e-01
-1.742737013075955632e-01
-1.750551977260152714e-01
-1.758384424585701655e-01
-1.766234355052601901e-01
-1.774101768660854284e-01
2.900606401087789110e-01
2.913469400649154051e-01
2.926360858174150148e-01
2.939280773662777402e-01
2.952229147115036367e-01
2.965205978530927045e-01
2.978211267910448323e-01
2.991245015253601314e-01
3.004307220560385461e-01
5.995501944944960915e-01
6.021569344705590687e-01
6.047693289801927552e-01
6.073873780233970399e-01
6.100110816001719227e-01
6.126404397105176258e-01
6.152754523544337051e-01
6.179161195319206046e-01
6.205624412429781023e-01
8.658039316461896284e-01
8.694960592864717785e-01
8.731960425174780660e-01
8.769038813392083798e-01
8.806195757516627198e-01
8.843431257548409752e-01
8.880745313487432568e-01
8.918137925333695648e-01
8.955609093087197881e-01
1.245725492998238648e+00
1.250937733554716491e+00
1.256160855615487737e+00
1.261394859180552386e+00
1.266639744249910216e+00
1.271895510823561226e+00
1.277162158901505640e+00
1.282439688483743234e+00
1.287728099570274232e+00
1.392462516609687118e+00
1.398181048505414914e+00
1.403911298704207722e+00
1.409653267206065319e+00
1.415406954010988150e+00
1.421172359118975770e+00
1.426949482530028623e+00
1.432738324244146266e+00
1.438538884261328921e+00
1.681975616004296459e+00
1.688757775746249301e+00
1.695553581684865918e+00
1.702363033820146532e+00
1.709186132152090920e+00
1.716022876680699305e+00
1.722873267405971687e+00
1.729737304327907843e+00
1.736614987446507774e+00
1.606989045818518980e+00
1.613353358871265630e+00
1.619730249617792328e+00
1.626119718058099073e+00
1.632521764192186309e+00
1.638936388020053148e+00
1.645363589541700478e+00
1.651803368757127854e+00
1.658255725666335501e+00
1.435316800829995243e+00
1.440901691105598292e+00
1.446497425828338512e+00
1.452104004998215681e+00
1.457721428615230019e+00
1.463349696679381751e+00
1.468988809190670208e+00
1.474638766149095837e+00
1.480299567554658635e+00
1.735083332935668521e+00
1.741718450843644295e+00
1.748366231190375819e+00
1.755026673975862872e+00
1.761699779200105676e+00
1.768385546863104452e+00
1.775083976964858534e+00
1.781795069505368367e+00
1.788518824484633951e+00
1.336517609777333915e+00
1.341542112069729953e+00
1.346576041195695073e+00
1.351619397155229496e+00
1.356672179948333223e+00
1.361734389575006032e+00
1.366806026035248145e+00
1.371887089329059561e+00
1.376977579456440060e+00
1.609394740804827029e+00
1.615344444098005594e+00
1.621305124703533274e+00
1.627276782621409845e+00
1.633259417851635753e+00
1.639253030394210553e+00
1.645257620249134467e+00
1.651273187416407273e+00
1.657299731896029193e+00
1.244099697427405005e+00
1.248623696327141097e+00
1.253155905751196064e+00
1.257696325699570128e+00
1.262244956172262844e+00
1.266801797169274657e+00
1.271366848690605567e+00
1.275940110736255129e+00
1.280521583306223565e+00
1.102565345093305726e+00
1.106510122714390754e+00
1.110461944581227822e+00
1.114420810693816932e+00
1.118386721052158084e+00
1.122359675656250833e+00
1.126339674506095845e+00
1.130326717601692454e+00
1.134320804943041328e+00
5.305121627868831791e-01
5.323801633600765415e-01
5.342514468868254651e-01
5.361260133671301720e-01
5.380038628009904400e-01
5.398849951884064913e-01
5.417694105293782147e-01
5.436571088239057215e-01
5.455480900719889004e-01
-1.258035075382914481e-01
-1.262395682229995597e-01
-1.266763833379580262e-01
-1.271139528831668475e-01
-1.275522768586260791e-01
-1.279913552643356101e-01
-1.284311881002955513e-01
-1.288717753665058197e-01
-1.293131170629664428e-01
-1.571960733723634318e+00
-1.577325787422349856e+00
-1.582699980905901249e+00
-1.588083314174288718e+00
-1.593475787227512042e+00
-1.598877400065571441e+00
-1.604288152688466695e+00
-1.609708045096198026e+00
-1.615137077288765211e+00
-2.942579077468991944e+00
-2.952470099578131446e+00
-2.962377717361950769e+00
-2.972301930820449911e+00
-2.982242739953628430e+00
-2.992200144761487213e+00
-3.002174145244024928e+00
-3.012164741401243351e+00
-3.022171933233141150e+00
-4.779723953727140540e+00
-4.795550854236171112e+00
-4.811403914911331903e+00
-4.827283135752622911e+00
-4.843188516760045914e+00
-4.859120057933598247e+00
-4.875077759273281686e+00
-4.891061620779096231e+00
-4.907071642451040105e+00
-7.232188780072623224e+00
-7.255784828294719269e+00
-7.279419306562780356e+00
-7.303092214876805599e+00
-7.326803553236795885e+00
-7.350553321642749438e+00
-7.374341520094668034e+00
-7.398168148592550786e+00
-7.422033207136397692e+00
-1.074863716752121157e+01
-1.078319870182192197e+01
-1.081781571210064463e+01
-1.085248819835737777e+01
-1.088721616059212138e+01
-1.092199959880487548e+01
-1.095683851299564004e+01
-1.099173290316441509e+01
-1.102668276931120239e+01
-1.437680177355938049e+01
-1.442237008345972882e+01
-1.446801049511624626e+01
-1.451372300852893460e+01
-1.455950762369779738e+01
-1.460536434062282929e+01
-1.465129315930403209e+01
-1.469729407974140756e+01
-1.474336710193495392e+01
-1.907476123690151582e+01
-1.913436986576683552e+01
-1.919407148781290928e+01
-1.925386610303974066e+01
-1.931375371144732611e+01
-1.937373431303567628e+01
-1.943380790780477696e+01
-1.949397449575463881e+01
-1.955423407688525472e+01
-2.397400420679693411e+01
-2.404788403486102411e+01
-2.412187752419906062e+01
-2.419598467481103654e+01
-2.427020548669695899e+01
-2.434453995985682795e+01
-2.441898809429063988e+01
-2.449354988999839833e+01
-2.456822534698010330e+01
-2.822142963010856676e+01
-2.830720905147667921e+01
-2.839311863888632459e+01
-2.847915839233749224e+01
-2.856532831183019283e+01
-2.865162839736442280e+01
-2.873805864894018214e+01
-2.882461906655747441e+01
-2.891130965021629251e+01
-3.389087318719706587e+01
-3.399249499585432943e+01
-3.409426893296766536e+01
-3.419619499853707367e+01
-3.429827319256255436e+01
-3.440050351504411452e+01
-3.450288596598174706e+01
-3.460542054537545198e+01
-3.470810725322522927e+01
-3.776186596616434343e+01
-3.787358746310565749e+01
-3.798547398441468204e+01
-3.809752553009142417e+01
-3.820974210013586969e+01
-3.832212369454803991e+01
-3.843467031332791350e+01
-3.854738195647550469e+01
-3.866025862399080637e+01
-4.251574209867040821e+01
-4.263987565224316256e+01
-4.276419015851792693e+01
-4.288868561749468711e+01
-4.301336202917345730e+01
-4.313821939355421620e+01
-4.326325771063698511e+01
-4.338847698042174983e+01
-4.351387720290851746e+01
-4.449813503414502946e+01
-4.462637173453161665e+01
-4.475479294815616527e+01
-4.488339867501868241e+01
-4.501218891511917519e+01
-4.514116366845762229e+01
-4.527032293503403793e+01
-4.539966671484841498e+01
-4.552919500790076768e+01
-4.580669216963364931e+01
-4.593700992829548113e+01
-4.606751279740995386e+01
-4.619820077697707461e+01
-4.632907386699683627e+01
-4.646013206746925306e+01
-4.659137537839430365e+01
-4.672280379977200226e+01
-4.685441733160234890e+01
-4.588368170878727170e+01
-4.601256845516027028e+01
-4.614163596835847159e+01
-4.627088424838188985e+01
-4.640031329523050374e+01
-4.652992310890433458e+01
-4.665971368940336816e+01
-4.678968503672761869e+01
-4.691983715087706486e+01
-4.572962716097902103e+01
-4.585647772175843073e+01
-4.598350397583532612e+01
-4.611070592320970007e+01
-4.623808356388155261e+01
-4.636563689785087661e+01
-4.649336592511767918e+01
-4.662127064568196744e+01
-4.674935105954373427e+01
-4.362247909698640314e+01
-4.374199273834801005e+01
-4.386166987306305032e+01
-4.398151050113153104e+01
-4.410151462255344512e+01
-4.422168223732879966e+01
-4.434201334545758044e+01
-4.446250794693980168e+01
-4.458316604177546338e+01
-4.202491920926421898e+01
-4.213865376734071333e+01
-4.225254202076595789e+01
-4.236658396953995975e+01
-4.248077961366270472e+01
-4.259512895313420699e+01
-4.270963198795445948e+01
-4.282428871812346216e+01
-4.293909914364122216e+01
-3.987997144480561218e+01
-3.998660238449760129e+01
-4.009337568859506007e+01
-4.020029135709798140e+01
-4.030734939000636530e+01
-4.041454978732021175e+01
-4.052189254903952076e+01
-4.062937767516429233e+01
-4.073700516569453356e+01
-3.791206006532972594e+01
-3.801222402851421833e+01
-3.811252013413035655e+01
-3.821294838217812639e+01
-3.831350877265754207e+01
-3.841420130556859647e+01
-3.851502598091129670e+01
-3.861598279868563566e+01
-3.871707175889162045e+01
-3.614275067896792137e+01
-3.623711817421327197e+01
-3.633160870400261189e+01
-3.642622226833595533e+01
-3.652095886721328810e+01
-3.661581850063462440e+01
-3.671080116859995712e+01
-3.680590687110927917e+01
-3.690113560816260474e+01
-3.396135366573026459e+01
-3.404899586873860073e+01
-3.413675101273019408e+01
-3.422461909770504462e+01
-3.431260012366315948e+01
-3.440069409060452443e+01
-3.448890099852915370e+01
-3.457722084743704016e+01
-3.466565363732818383e+01
-3.226585159440865880e+01
-3.234816244031276256e+01
-3.243057814079763546e+01
-3.251309869586327750e+01
-3.259572410550968868e+01
-3.267845436973686901e+01
-3.276128948854481848e+01
-3.284422946193354420e+01
-3.292727428990303906e+01
-3.104270848421086271e+01
-3.112100030888731084e+01
-3.119939073787694994e+01
-3.127787977117978713e+01
-3.135646740879581529e+01
-3.143515365072503798e+01
-3.151393849696745875e+01
-3.159282194752307404e+01
-3.167180400239187676e+01
-3.063887030491240182e+01
-3.071527646527377797e+01
-3.079177777651979042e+01
-3.086837423865043917e+01
-3.094506585166571710e+01
-3.102185261556563134e+01
-3.109873453035018187e+01
-3.117571159601936515e+01
-3.125278381257318472e+01
-2.990398341500950607e+01
-2.997772936671113442e+01
-3.005156613855032433e+01
-3.012549373052707580e+01
-3.019951214264139594e+01
-3.027362137489327409e+01
-3.034782142728271737e+01
-3.042211229980972576e+01
-3.049649399247429571e+01
-2.956060034722878171e+01
-2.963269937246592534e+01
-2.970488621624781445e+01
-2.977716087857445260e+01
-2.984952335944583623e+01
-2.992197365886196891e+01
-2.999451177682284353e+01
-3.006713771332847074e+01
-3.013985146837883988e+01
-2.997969704395622870e+01
-3.005202441921306189e+01
-3.012443893588586263e+01
-3.019694059397463803e+01
-3.026952939347938454e+01
-3.034220533440010215e+01
-3.041496841673679441e+01
-3.048781864048945422e+01
-3.056075600565808870e+01
-2.919649628255540108e+01
-2.926617765793142922e+01
-2.933594208619825139e+01
-2.940578956735586402e+01
-2.947572010140427423e+01
-2.954573368834347846e+01
-2.961583032817346961e+01
-2.968601002089426188e+01
-2.975627276650584818e+01
-2.929830043347801549e+01
-2.936748178042837765e+01
-2.943674470915579988e+01
-2.950608921966029285e+01
-2.957551531194184591e+01
-2.964502298600046615e+01
-2.971461224183614291e+01
-2.978428307944889397e+01
-2.985403549883870156e+01
-2.920245162836312858e+01
-2.927068165553220069e+01
-2.933899129766879454e+01
-2.940738055477291724e+01
-2.947584942684456522e+01
-2.954439791388374204e+01
-2.961302601589044059e+01
-2.968173373286466443e+01
-2.975052106480641356e+01
-3.070438972717776949e+01
-3.077538253579552219e+01
-3.084645732225232351e+01
-3.091761408654817700e+01
-3.098885282868308266e+01
-3.106017354865703695e+01
-3.113157624647004340e+01
-3.120306092212209848e+01
-3.127462757561320217e+01
-3.025514038579157017e+01
-3.032437411665150506e+01
-3.039368697177528134e+01
-3.046307895116289899e+01
-3.053255005481435091e+01
-3.060210028272964422e+01
-3.067172963490878246e+01
-3.074143811135175497e+01
-3.081122571205856886e+01
-3.090212474847972146e+01
-3.097211823601874414e+01
-3.104219090171109485e+01
-3.111234274555677359e+01
-3.118257376755576971e+01
-3.125288396770809740e+01
-3.132327334601374602e+01
-3.139374190247271912e+01
-3.146428963708501669e+01
-3.171032801628555831e+01
-3.178142740645660069e+01
-3.185260641520566338e+01
-3.192386504253274637e+01
-3.199520328843784611e+01
-3.206662115292096615e+01
-3.213811863598211005e+01
-3.220969573762126714e+01
-3.228135245783844454e+01
-3.351211240345093501e+01
-3.358650111022885199e+01
-3.366097228785685047e+01
-3.373552593633493757e+01
-3.381016205566311328e+01
-3.388488064584137760e+01
-3.395968170686972343e+01
-3.403456523874815787e+01
-3.410953124147667381e+01
-3.269453077202513924e+01
-3.276638688361200025e+01
-3.283832187128184188e+01
-3.291033573503465703e+01
-3.298242847487043861e+01
-3.305460009078919370e+01
-3.312685058279091521e+01
-3.319917995087561025e+01
-3.327158819504327880e+01
-3.340788521290703272e+01
-3.348059007735297143e+01
-3.355337396882547552e+01
-3.362623688732455207e+01
-3.369917883285020110e+01
-3.377219980540242261e+01
-3.384529980498121660e+01
-3.391847883158658306e+01
-3.399173688521851489e+01
-3.112294004343578635e+01
-3.119001534525353847e+01
-3.125716284868788364e+01
-3.132438255373882541e+01
-3.139167446040636378e+01
-3.145903856869049520e+01
-3.152647487859122677e+01
-3.159398339010855494e+01
-3.166156410324247261e+01
-2.909942435072780853e+01
-2.916153624902178620e+01
-2.922371436469133954e+01
-2.928595869773647564e+01
-2.934826924815719096e+01
-2.941064601595348904e+01
-2.947308900112536634e+01
-2.953559820367281930e+01
-2.959817362359585502e+01
-2.515316352105074671e+01
-2.520634145661322023e+01
-2.525957554627871815e+01
-2.531286579004723691e+01
-2.536621218791878007e+01
-2.541961473989334763e+01
-2.547307344597093604e+01
-2.552658830615154528e+01
-2.558015932043517893e+01
-1.779869129062312894e+01
-1.783596603678150316e+01
-1.787327977326012629e+01
-1.791063250005899832e+01
-1.794802421717811924e+01
-1.798545492461748907e+01
-1.802292462237710780e+01
-1.806043331045697897e+01
-1.809798098885709905e+01
-9.615101247345466007e+00
-9.635049590182282131e+00
-9.655018604876959287e+00
-9.675008291429501028e+00
-9.695018649839903802e+00
-9.715049680108167607e+00
-9.735101382234294221e+00
-9.755173756218281866e+00
-9.775266802060132321e+00
1.229679858838521378e+00
1.232207463892660115e+00
1.234737664023856540e+00
1.237270459232110653e+00
1.239805849517422454e+00
1.242343834879791498e+00
1.244884415319218673e+00
1.247427590835703093e+00
1.249973361429245422e+00
1.076881446094121486e+01
1.079074687328529158e+01
1.081270159734080671e+01
1.083467863310775847e+01
1.085667798058615041e+01
1.087869963977597898e+01
1.090074361067724951e+01
1.092280989328995489e+01
1.094489848761410222e+01
2.364367711436112174e+01
2.369139391983914678e+01
2.373915882693559709e+01
2.378697183565046913e+01
2.383483294598377356e+01
2.388274215793549615e+01
2.393069947150565113e+01
2.397870488669422784e+01
2.402675840350122982e+01
3.438023010139345104e+01
3.444899056159623996e+01
3.451781971356746226e+01
3.458671755730711794e+01
3.465568409281520701e+01
3.472471932009172946e+01
3.479382323913669239e+01
3.486299584995008871e+01
3.493223715253191131e+01
4.784194090040494984e+01
4.793677130853261303e+01
4.803169560815346983e+01
4.812671379926752024e+01
4.822182588187477137e+01
4.831703185597520900e+01
4.841233172156884734e+01
4.850772547865568640e+01
4.860321312723571907e+01
6.419043395461233104e+01
6.431654482682179719e+01
6.444277945847404965e+01
6.456913784956908842e+01
6.469562000010694192e+01
6.482222591008756751e+01
6.494895557951102205e+01
6.507580900837724869e+01
6.520278619668627584e+01
7.979668868070567100e+01
7.995208632175865660e+01
8.010763512783211127e+01
8.026333509892604923e+01
8.041918623504045627e+01
8.057518853617536081e+01
8.073134200233074864e+01
8.088764663350659134e+01
8.104410242970293154e+01
9.045915231056144989e+01
9.063378387872855058e+01
9.080858384763641311e+01
9.098355221728503750e+01
9.115868898767442374e+01
9.133399415880455763e+01
9.150946773067546758e+01
9.168510970328713938e+01
9.186092007663954462e+01
1.048784310949663308e+02
1.050791553650045529e+02
1.052800715320504423e+02
1.054811795961040275e+02
1.056824795571653084e+02
1.058839714152342424e+02
1.060856551703108863e+02
1.062875308223952118e+02
1.064895983714872045e+02
1.121832862635867372e+02
1.123961577745233456e+02
1.126092310594039532e+02
1.128225061182285742e+02
1.130359829509972229e+02
1.132496615577098851e+02
1.134635419383665607e+02
1.136776240929672497e+02
1.138919080215119664e+02
1.185447738857131554e+02
1.187678120303711182e+02
1.189910597973454998e+02
1.192145171866363000e+02
1.194381841982434906e+02
1.196620608321670858e+02
1.198861470884070997e+02
1.201104429669635323e+02
1.203349484678363694e+02
1.224049185745244586e+02
1.226332859599246774e+02
1.228618661760661865e+02
1.230906592229490002e+02
1.233196651005730899e+02
1.235488838089384700e+02
1.237783153480451261e+02
1.240079597178930868e+02
1.242378169184823236e+02
1.237120985877250661e+02
1.239409831364535108e+02
1.241700792235818938e+02
1.243993868491102006e+02
1.246289060130384740e+02
1.248586367153666430e+02
1.250885789560947501e+02
1.253187327352228095e+02
1.255490980527507929e+02
1.252793413076964129e+02
1.255092116587197069e+02
1.257392927066733677e+02
1.259695844515573810e+02
1.262000868933717612e+02
1.264308000321165082e+02
1.266617238677915935e+02
1.268928584003970599e+02
1.271242036299328788e+02
1.252879990027865915e+02
1.255160026406442597e+02
1.257442135545363300e+02
1.259726317444628307e+02
1.262012572104237478e+02
1.264300899524190669e+02
1.266591299704488165e+02
1.268883772645129682e+02
1.271178318346115503e+02
1.237255042693753353e+02
1.239488355045186125e+02
1.241723681203969250e+02
1.243961021170102441e+02
1.246200374943585985e+02
1.248441742524419737e+02
1.250685123912603842e+02
1.252930519108138157e+02
1.255177928111022680e+02
1.263914909273331375e+02
1.266177961930937954e+02
1.268443038785912904e+02
1.270710139838255799e+02
1.272979265087967065e+02
1.275250414535046275e+02
1.277523588179493856e+02
1.279798786021309525e+02
1.282076008060493280e+02
1.228383915827651123e+02
1.230565770029831612e+02
1.232749560216220033e+02
1.234935286386816244e+02
1.237122948541620246e+02
1.239312546680631897e+02
1.241504080803851338e+02
1.243697550911278711e+02
1.245892957002913732e+02
1.209505958209521879e+02
1.211637246241609205e+02
1.213770410407527578e+02
1.215905450707276998e+02
1.218042367140857465e+02
1.220181159708268979e+02
1.222321828409511397e+02
1.224464373244585147e+02
1.226608794213489801e+02
1.191022129851645843e+02
1.193104336372365424e+02
1.195188361414063962e+02
1.197274204976741174e+02
1.199361867060397202e+02
1.201451347665032046e+02
1.203542646790645705e+02
1.205635764437238180e+02
1.207730700604809329e+02
1.193887267723009131e+02
1.195958190997463788e+02
1.198030908832814561e+02
1.200105421229061875e+02
1.202181728186205589e+02
1.204259829704245703e+02
1.206339725783182075e+02
1.208421416423015131e+02
1.210504901623744445e+02
1.109255763654075650e+02
1.111164981835924408e+02
1.113075841649915532e+02
1.114988343096049448e+02
1.116902486174326015e+02
1.118818270884745090e+02
1.120735697227306815e+02
1.122654765202011049e+02
1.124575474808857933e+02
1.085616030291237735e+02
1.087470199429224493e+02
1.089325950622789776e+02
1.091183283871933440e+02
1.093042199176655629e+02
1.094902696536956341e+02
1.096764775952835436e+02
1.098628437424293196e+02
1.100493680951329338e+02
9.861201269668282521e+01
9.877915170125348254e+01
9.894643222911334135e+01
9.911385428026243005e+01
9.928141785470074865e+01
9.944912295242828293e+01
9.961696957344503289e+01
9.978495771775101275e+01
9.995308738534622250e+01
9.667815983072294728e+01
9.684078078922711086e+01
9.700353840399891681e+01
9.716643267503837933e+01
9.732946360234548422e+01
9.749263118592025990e+01
9.765593542576266373e+01
9.781937632187273834e+01
9.798295387425045533e+01
8.787039850177950484e+01
8.801709365787596084e+01
8.816391116189242894e+01
8.831085101382892333e+01
8.845791321368541560e+01
8.860509776146193417e+01
8.875240465715846483e+01
8.889983390077500758e+01
8.904738549231156242e+01
7.605767033683939360e+01
7.618369795960134638e+01
7.630982990986559855e+01
7.643606618763212168e+01
7.656240679290092999e+01
7.668885172567202346e+01
7.681540098594541632e+01
7.694205457372109436e+01
7.706881248899904335e+01
6.645231828956859488e+01
6.656161486570275088e+01
6.667100125003423727e+01
6.678047744256302565e+01
6.689004344328913021e+01
6.699969925221255096e+01
6.710944486933328790e+01
6.721928029465135523e+01
6.732920552816672455e+01
6.390993478079145262e+01
6.401427753145397048e+01
6.411870539039598782e+01
6.422321835761749753e+01
6.432781643311849962e+01
6.443249961689899408e+01
6.453726790895899512e+01
6.464212130929848854e+01
6.474705981791748854e+01
4.847312120396137658e+01
4.855168379910555387e+01
4.863031000768710754e+01
4.870899982970601627e+01
4.878775326516229427e+01
4.886657031405593443e+01
4.894545097638693676e+01
4.902439525215530125e+01
4.910340314136103501e+01
4.525219517872288577e+01
4.532500643403861318e+01
4.539787621930233996e+01
4.547080453451406612e+01
4.554379137967379876e+01
4.561683675478153788e+01
4.568994065983728348e+01
4.576310309484102135e+01
4.583632405979276569e+01
3.551085063824879740e+01
3.556757723671245230e+01
3.562434910780058317e+01
3.568116625151318289e+01
3.573802866785025856e+01
3.579493635681180308e+01
3.585188931839782356e+01
3.590888755260830578e+01
3.596593105944327107e+01
2.916443094654529844e+01
2.921068698293950305e+01
2.925697967229439911e+01
2.930330901460999016e+01
2.934967500988626909e+01
2.939607765812324303e+01
2.944251695932091195e+01
2.948899291347927232e+01
2.953550552059832413e+01
3.118590063747804209e+01
3.123501229202524954e+01
3.128416258674126027e+01
3.133335152162607429e+01
3.138257909667969159e+01
3.143184531190210862e+01
3.148115016729332893e+01
3.153049366285334543e+01
3.157987579858216876e+01
2.539776649083767168e+01
2.543748152835266652e+01
2.547722759324071617e+01
2.551700468550182777e+01
2.555681280513599418e+01
2.559665195214322253e+01
2.563652212652350570e+01
2.567642332827684726e+01
2.571635555740325074e+01
3.224329188017773618e+01
3.229335910359416317e+01
3.234346516892168921e+01
3.239361007616032850e+01
3.244379382531007394e+01
3.249401641637092553e+01
3.254427784934288326e+01
3.259457812422594714e+01
3.264491724102011716e+01
3.901944183508485509e+01
3.907961059658845215e+01
3.913982571307009550e+01
3.920008718452979224e+01
3.926039501096752815e+01
3.932074919238331034e+01
3.938114972877714592e+01
3.944159662014902068e+01
3.950208986649894172e+01
5.353075880714973778e+01
5.361273546688503444e+01
5.369477484785961252e+01
5.377687695007345781e+01
5.385904177352659161e+01
5.394126931821899973e+01
5.402355958415068216e+01
5.410591257132164600e+01
5.418832827973188415e+01
6.266755726919309666e+01
6.276286914336677825e+01
6.285825344297676054e+01
6.295371016802303643e+01
6.304923931850562013e+01
6.314484089442450454e+01
6.324051489577970386e+01
6.333626132257118968e+01
6.343208017479898331e+01
7.253529905288142743e+01
7.264486899102777784e+01
7.275452162346705620e+01
7.286425695019929094e+01
7.297407497122445363e+01
7.308397568654255849e+01
7.319395909615360551e+01
7.330402520005759470e+01
7.341417399825452605e+01
8.429370702024235129e+01
8.442017919881735111e+01
8.454674618412292375e+01
8.467340797615906922e+01
8.480016457492577331e+01
8.492701598042303601e+01
8.505396219265087154e+01
8.518100321160927990e+01
8.530813903729824688e+01
1.088680510744134864e+02
1.090302985424826687e+02
1.091926668202823407e+02
1.093551559078125308e+02
1.095177658050732106e+02
1.096804965120644084e+02
1.098433480287861101e+02
1.100063203552383015e+02
1.101694134914210252e+02
1.028349917335097103e+02
1.029872271024712234e+02
1.031395750715577151e+02
1.032920356407691997e+02
1.034446088101056205e+02
1.035972945795670483e+02
1.037500929491534265e+02
1.039030039188647834e+02
1.040560274887011047e+02
1.180025678131164995e+02
1.181761010010769581e+02
1.183497616932166920e+02
1.185235498895356443e+02
1.186974655900338718e+02
1.188715087947113318e+02
1.190456795035680528e+02
1.192199777166040207e+02
1.193944034338192353e+02
1.103279533836590787e+02
1.104891337392232202e+02
1.106504317446819385e+02
1.108118474000352336e+02
1.109733807052830912e+02
1.111350316604255397e+02
1.112968002654625366e+02
1.114586865203941244e+02
1.116206904252202747e+02
1.220635312360328584e+02
1.222406916587266608e+02
1.224179805516327235e+02
1.225953979147510324e+02
1.227729437480815875e+02
1.229506180516243887e+02
1.231284208253794503e+02
1.233063520693467723e+02
1.234844117835263262e+02
1.225402312806185563e+02
1.227169295232726682e+02
1.228937550701361801e+02
1.230707079212090775e+02
1.232477880764913891e+02
1.234249955359831006e+02
1.236023302996842403e+02
1.237797923675947658e+02
1.239573817397147053e+02
1.207245819096186494e+02
1.208975397633573579e+02
1.210706214237200697e+02
1.212438268907067993e+02
1.214171561643175181e+02
1.215906092445522688e+02
1.217641861314110088e+02
1.219378868248937664e+02
1.221117113250005275e+02
1.115328339869516014e+02
1.116915995869330374e+02
1.118504781069713516e+02
1.120094695470665442e+02
1.121685739072186294e+02
1.123277911874275929e+02
1.124871213876934490e+02
1.126465645080161977e+02
1.128061205483958105e+02
1.087348290547003558e+02
1.088886265498272365e+02
1.090425327357634018e+02
1.091965476125088230e+02
1.093506711800635287e+02
1.095049034384275188e+02
1.096592443876007792e+02
1.098136940275833098e+02
1.099682523583751248e+02
1.169709191704952786e+02
1.171353196190834609e+02
1.172998355174248815e+02
1.174644668655194977e+02
1.176292136633673522e+02
1.177940759109684308e+02
1.179590536083227335e+02
1.181241467554302602e+02
1.182893553522909968e+02
1.074057484837583303e+02
1.075557565123669264e+02
1.077058692220841323e+02
1.078560866129099054e+02
1.080064086848442741e+02
1.081568354378872385e+02
1.083073668720387843e+02
1.084580029872989115e+02
1.086087437836676344e+02
1.064760660871010174e+02
1.066238468866667404e+02
1.067717301694499099e+02
1.069197159354505260e+02
1.070678041846686170e+02
1.072159949171041262e+02
1.073642881327571104e+02
1.075126838316275411e+02
1.076611820137154183e+02
9.990579052423355222e+01
1.000435916146118132e+02
1.001814876747284444e+02
1.003194787045834317e+02
1.004575647041768036e+02
1.005957456735085458e+02
1.007340216125786725e+02
1.008723925213871411e+02
1.010108583999340084e+02
9.575482293395150180e+01
9.588608382899461446e+01
9.601743462876036972e+01
9.614887533324873914e+01
9.628040594245975115e+01
9.641202645639339153e+01
9.654373687504966028e+01
9.667553719842857163e+01
9.680742742653011135e+01
8.352787178196722095e+01
8.364166997240586454e+01
8.375554562927776203e+01
8.386949875258289921e+01
8.398352934232129030e+01
8.409763739849292108e+01
8.421182292109779155e+01
8.432608591013593013e+01
8.444042636560729420e+01
7.430788190731162501e+01
7.440850192343526714e+01
7.450919001805426944e+01
7.460994619116860349e+01
7.471077044277829771e+01
7.481166277288332367e+01
7.491262318148370980e+01
7.501365166857944189e+01
7.511474823417050573e+01
5.719372640085421722e+01
5.727070315240315068e+01
5.734773167042924058e+01
5.742481195493250823e+01
5.750194400591294652e+01
5.757912782337054836e+01
5.765636340730532083e+01
5.773365075771725685e+01
5.781098987460635641e+01
4.112137678332336321e+01
4.117638865861877662e+01
4.123143730655810657e+01
4.128652272714135307e+01
4.134164492036850902e+01
4.139680388623958152e+01
4.145199962475456346e+01
4.150723213591346905e+01
4.156250141971627698e+01
2.943196667667241684e+01
2.947110493023182087e+01
2.951026918927531995e+01
2.954945945380291050e+01
2.958867572381459254e+01
2.962791799931036962e+01
2.966718628029023463e+01
2.970648056675419824e+01
2.974580085870224977e+01
2.978514715613439634e+01
2.982451945905063440e+01
2.986391776745096394e+01
2.990334208133538851e+01
2.994279240070390458e+01
2.998226872555651212e+01
3.002177105589321471e+01
3.006129939171401233e+01
2.811845987975809535e+01
2.815543352851517156e+01
2.819243147007695427e+01
2.822945370444343638e+01
2.826650023161462144e+01
2.830357105159050946e+01
2.834066616437110042e+01
2.837778556995639079e+01
2.841492926834638766e+01
2.845209725954108748e+01
2.848928954354048670e+01
2.852650612034458888e+01
2.856374698995339401e+01
2.860101215236690209e+01
2.863830160758510956e+01
2.867561535560802355e+01
2.871295339643563693e+01
3.369683935874488157e+01
3.374065839562230451e+01
3.378450590490837158e+01
3.382838188660305434e+01
3.387228634070636701e+01
3.391621926721830960e+01
3.396018066613887498e+01
3.400417053746807028e+01
3.404818888120589548e+01
3.409223569735234349e+01
3.413631098590742141e+01
3.418041474687112924e+01
3.422454698024345987e+01
3.426870768602442041e+01
3.431289686421400376e+01
3.435711451481221701e+01
3.440136063781906017e+01
5.444967355263194975e+01
5.451970528710479158e+01
5.458978202911905697e+01
5.465990377867477434e+01
5.473007053577191527e+01
5.480028230041049397e+01
5.487053907259050334e+01
5.494084085231195758e+01
5.501118763957484248e+01
5.508157943437915804e+01
5.515201623672491138e+01
5.522249804661210248e+01
5.529302486404072425e+01
5.536359668901077669e+01
5.543421352152227399e+01
5.550487536157520196e+01
5.557558220916956770e+01
1.136939220272925155e+02
1.138385707830524325e+02
1.139833114960632940e+02
1.141281441663251428e+02
1.142730687938379219e+02
1.144180853786016883e+02
1.145631939206163850e+02
1.147083944198820689e+02
1.148536868763987115e+02
1.149990712901662846e+02
1.151445476611848449e+02
1.152901159894543639e+02
1.154357762749748417e+02
1.155815285177462783e+02
1.157273727177686595e+02
1.158733088750420137e+02
1.160193369895663267e+02
1.951353205760640890e+02
1.953809282797469962e+02
1.956266904536837501e+02
1.958726070978744360e+02
1.961186782123189971e+02
1.963649037970174618e+02
1.966112838519698016e+02
1.968578183771760450e+02
1.971045073726361352e+02
1.973513508383501573e+02
1.975983487743180831e+02
1.978455011805398271e+02
1.980928080570155032e+02
1.983402694037450829e+02
1.985878852207285377e+02
1.988356555079658676e+02
1.990835802654571012e+02
3.047664242541849831e+02
3.051459590290968436e+02
3.055257299799731072e+02
3.059057371068138309e+02
3.062859804096190715e+02
3.066664598883888289e+02
3.070471755431229894e+02
3.074281273738216669e+02
3.078093153804848043e+02
3.081907395631124018e+02
3.085723999217045161e+02
3.089542964562610905e+02
3.093364291667821249e+02
3.097187980532676193e+02
3.101014031157176305e+02
3.104842443541321018e+02
3.108673217685110330e+02
4.033690536862998783e+02
4.038661196797518187e+02
4.043634917483229856e+02
4.048611698920132085e+02
4.053591541108226011e+02
4.058574444047510497e+02
4.063560407737986679e+02
4.068549432179653991e+02
4.073541517372512430e+02
4.078536663316562567e+02
4.083534870011803264e+02
4.088536137458235089e+02
4.093540465655858043e+02
4.098547854604672693e+02
4.103558304304679041e+02
4.108571814755875948e+02
4.113588385958263416e+02
4.896004494034725099e+02
4.901975231222572233e+02
4.907949606885244975e+02
4.913927621022741619e+02
4.919909273635064437e+02
4.925894564722211157e+02
4.931883494284184053e+02
4.937876062320981418e+02
4.943872268832603254e+02
4.949872113819051265e+02
4.955875597280323177e+02
4.961882719216420128e+02
4.967893479627343254e+02
4.973907878513089713e+02
4.979925915873662916e+02
4.985947591709060021e+02
4.991972906019282163e+02
5.394469431745563952e+02
5.400980559605244480e+02
5.407495614562549235e+02
5.414014596617477082e+02
5.420537505770028019e+02
5.427064342020203185e+02
5.433595105368001441e+02
5.440129795813422788e+02
5.446668413356468363e+02
5.453210957997135893e+02
5.459757429735427650e+02
5.466307828571342498e+02
5.472862154504881573e+02
5.479420407536044877e+02
5.485982587664830135e+02
5.492548694891239620e+02
5.499118729215271060e+02
5.813352907891587620e+02
5.820298371341876873e+02
5.827247981337508236e+02
5.834201737878483982e+02
5.841159640964802975e+02
5.848121690596465214e+02
5.855087886773471837e+02
5.862058229495820569e+02
5.869032718763513685e+02
5.876011354576550048e+02
5.882994136934929656e+02
5.889981065838652512e+02
5.896972141287719751e+02
5.903967363282130236e+02
5.910966731821882831e+02
5.917970246906980947e+02
5.924977908537421172e+02
5.703220838848202447e+02
5.709966221271441782e+02
5.716715590327318068e+02
5.723468946015832444e+02
5.730226288336984908e+02
5.736987617290774324e+02
5.743752932877201829e+02
5.750522235096267423e+02
5.757295523947971105e+02
5.764072799432312877e+02
5.770854061549291600e+02
5.777639310298908413e+02
5.784428545681164451e+02
5.791221767696056304e+02
5.798018976343587383e+02
5.804820171623755414e+02
5.811625353536561533e+02
5.480532227644750947e+02
5.486949712688832506e+02
5.493370952844114754e+02
5.499795948110598829e+02
5.506224698488284730e+02
5.512657203977173594e+02
5.519093464577263148e+02
5.525533480288555666e+02
5.531977251111048872e+02
5.538424777044745042e+02
5.544876058089643038e+02
5.551331094245742861e+02
5.557789885513044510e+02
5.564252431891547985e+02
5.570718733381253287e+02
5.577188789982160415e+02
5.583662601694269370e+02
5.061264664289886355e+02
5.067132797233990118e+02
5.073004330023368880e+02
5.078879262658022640e+02
5.084757595137951398e+02
5.090639327463154018e+02
5.096524459633631636e+02
5.102412991649384253e+02
5.108304923510411300e+02
5.114200255216712208e+02
5.120098986768289251e+02
5.126001118165139587e+02
5.131906649407266059e+02
5.137815580494666392e+02
5.143727911427341724e+02
5.149643642205290917e+02
5.155562772828515108e+02
4.173569157333348585e+02
4.178360855562204392e+02
4.183155302900772767e+02
4.187952499349053141e+02
4.192752444907046083e+02
4.197555139574752161e+02
4.202360583352170238e+02
4.207168776239300882e+02
4.211979718236144095e+02
4.216793409342699874e+02
4.221609849558967653e+02
4.226429038884948568e+02
4.231250977320641482e+02
4.236075664866046964e+02
4.240903101521165013e+02
4.245733287285995061e+02
4.250566222160538246e+02
3.397220305882360094e+02
3.401082978202862819e+02
3.404947845223547915e+02
3.408814906944415384e+02
3.412684163365464656e+02
3.416555614486695731e+02
3.420429260308109178e+02
3.424305100829704998e+02
3.428183136051482620e+02
3.432063365973442615e+02
3.435945790595584413e+02
3.439830409917908014e+02
3.443717223940414556e+02
3.447606232663102901e+02
3.451497436085973050e+02
3.455390834209025570e+02
3.459286427032259894e+02
2.224519017069480924e+02
2.227024106052667207e+02
2.229530604765163275e+02
2.232038513206968844e+02
2.234547831378083913e+02
2.237058559278508767e+02
2.239570696908243121e+02
2.242084244267287261e+02
2.244599201355640901e+02
2.247115568173304325e+02
2.249633344720277250e+02
2.252152530996559392e+02
2.254673127002151602e+02
2.257195132737053314e+02
2.259718548201264809e+02
2.262243373394785806e+02
2.264769608317616303e+02
1.354716558876653494e+02
1.356227676064468994e+02
1.357739635569557777e+02
1.359252437391919273e+02
1.360766081531554050e+02
1.362280567988461542e+02
1.363795896762642315e+02
1.365312067854096085e+02
1.366829081262822854e+02
1.368346936988822620e+02
1.369865635032095668e+02
1.371385175392641429e+02
1.372905558070460188e+02
1.374426783065552229e+02
1.375948850377916983e+02
1.377471760007555019e+02
1.378995511954466053e+02
4.626793155393666268e+01
4.631905634018409756e+01
4.637020935657304221e+01
4.642139060310347531e+01
4.647260007977540397e+01
4.652383778658882818e+01
4.657510372354374795e+01
4.662639789064016327e+01
4.667772028787806704e+01
4.672907091525747347e+01
4.678044977277836836e+01
4.683185686044076590e+01
4.688329217824465900e+01
4.693475572619004055e+01
4.698624750427691765e+01
4.703776751250529031e+01
4.708931575087515853e+01
-3.221913603099839918e+01
-3.225440602118011668e+01
-3.228969530566718760e+01
-3.232500388445960482e+01
-3.236033175755736835e+01
-3.239567892496049240e+01
-3.243104538666896985e+01
-3.246643114268278651e+01
-3.250183619300196369e+01
-3.253726053762648718e+01
-3.257270417655636408e+01
-3.260816710979159438e+01
-3.264364933733217100e+01
-3.267915085917810103e+01
-3.271467167532938447e+01
-3.275021178578601422e+01
-3.278577119054799738e+01
-1.167087092318243009e+02
-1.168352913459585949e+02
-1.169619420682848414e+02
-1.170886613988030263e+02
-1.172154493375131636e+02
-1.173423058844152251e+02
-1.174692310395092392e+02
-1.175962248027951915e+02
-1.177232871742730964e+02
-1.178504181539429254e+02
-1.179776177418047070e+02
-1.181048859378584552e+02
-1.182322227421041276e+02
-1.183596281545417241e+02
-1.184871021751712732e+02
-1.186146448039927890e+02
-1.187422560410062147e+02
-1.843118215038083747e+02
-1.845098997644250574e+02
-1.847080844043438788e+02
-1.849063754235648389e+02
-1.851047728220879947e+02
-1.853032765999132891e+02
-1.855018867570407508e+02
-1.857006032934703228e+02
-1.858994262092021188e+02
-1.860983555042360535e+02
-1.862973911785720986e+02
-1.864965332322103677e+02
-1.866957816651507471e+02
-1.868951364773932937e+02
-1.870945976689380075e+02
-1.872941652397848884e+02
-1.874938391899339081e+02
-2.194036730171460476e+02
-2.196373297509236409e+02
-2.198711108363423818e+02
-2.201050162734023274e+02
-2.203390460621034208e+02
-2.205732002024457188e+02
-2.208074786944292214e+02
-2.210418815380538717e+02
-2.212764087333197267e+02
-2.215110602802267294e+02
-2.217458361787749368e+02
-2.219807364289643203e+02
-2.222157610307948801e+02
-2.224509099842666160e+02
-2.226861832893795565e+02
-2.229215809461336448e+02
-2.231571029545289093e+02
-2.431499850939313490e+02
-2.434066077694922399e+02
-2.436633657945655216e+02
-2.439202591691512509e+02
-2.441772878932494280e+02
-2.444344519668599958e+02
-2.446917513899830396e+02
-2.449491861626184743e+02
-2.452067562847663282e+02
-2.454644617564266298e+02
-2.457223025775993221e+02
-2.459802787482844622e+02
-2.462383902684820498e+02
-2.464966371381920283e+02
-2.467550193574144544e+02
-2.470135369261492997e+02
-2.472721898443965927e+02
-2.325558800828669348e+02
-2.327991393716565369e+02
-2.330425258216007762e+02
-2.332860394326996243e+02
-2.335296802049531095e+02
-2.337734481383612319e+02
-2.340173432329239347e+02
-2.342613654886412746e+02
-2.345055149055132233e+02
-2.347497914835397808e+02
-2.349941952227210038e+02
-2.352387261230568072e+02
-2.354833841845472193e+02
-2.357281694071922971e+02
-2.359730817909919836e+02
-2.362181213359462788e+02
-2.364632880420551828e+02
-2.130965204972665106e+02
-2.133174603837333336e+02
-2.135385147468252853e+02
-2.137596835865423373e+02
-2.139809669028845462e+02
-2.142023646958518270e+02
-2.144238769654442081e+02
-2.146455037116617177e+02
-2.148672449345043560e+02
-2.150891006339720946e+02
-2.153110708100649333e+02
-2.155331554627829007e+02
-2.157553545921259968e+02
-2.159776681980941646e+02
-2.162000962806874895e+02
-2.164226388399058862e+02
-2.166452958757494116e+02
-2.028729197772046007e+02
-2.030814222641287472e+02
-2.032900318401576385e+02
-2.034987485052912461e+02
-2.037075722595296270e+02
-2.039165031028727526e+02
-2.041255410353205946e+02
-2.043346860568731813e+02
-2.045439381675305128e+02
-2.047532973672925323e+02
-2.049627636561593533e+02
-2.051723370341308623e+02
-2.053820175012071729e+02
-2.055918050573881715e+02
-2.058016997026738863e+02
-2.060117014370643744e+02
-2.062218102605596073e+02
-1.903191323257586873e+02
-1.905130387264981096e+02
-1.907070438575841820e+02
-1.909011477190168193e+02
-1.910953503107961069e+02
-1.912896516329219594e+02
-1.914840516853944337e+02
-1.916785504682135581e+02
-1.918731479813792191e+02
-1.920678442248915303e+02
-1.922626391987504633e+02
-1.924575329029559896e+02
-1.926525253375081093e+02
-1.928476165024068507e+02
-1.930428063976522139e+02
-1.932380950232441705e+02
-1.934334823791827489e+02
-1.842190634418825255e+02
-1.844051433039450387e+02
-1.845913170982952920e+02
-1.847775848249333421e+02
-1.849639464838591323e+02
-1.851504020750726909e+02
-1.853369515985740463e+02
-1.855235950543631418e+02
-1.857103324424400057e+02
-1.858971637628046381e+02
-1.860840890154570104e+02
-1.862711082003971796e+02
-1.864582213176251173e+02
-1.866454283671407950e+02
-1.868327293489442411e+02
-1.870201242630354557e+02
-1.872076131094144387e+02
-1.049381423121905783e+02
-1.050432380981817602e+02
-1.051483864846664176e+02
-1.052535874716445790e+02
-1.053588410591162159e+02
-1.054641472470813568e+02
-1.055695060355399733e+02
-1.056749174244920937e+02
-1.057803814139376897e+02
-1.058858980038767754e+02
-1.059914671943093509e+02
-1.060970889852354304e+02
-1.062027633766549854e+02
-1.063084903685680302e+02
-1.064142699609745648e+02
-1.065201021538745891e+02
-1.066259869472681032e+02
-1.293799979105742466e+02
-1.295084785440504902e+02
-1.296370229396277125e+02
-1.297656310973059135e+02
-1.298943030170850932e+02
-1.300230386989652516e+02
-1.301518381429463886e+02
-1.302807013490285044e+02
-1.304096283172116273e+02
-1.305386190474957289e+02
-1.306676735398807807e+02
-1.307967917943668397e+02
-1.309259738109538489e+02
-1.310552195896418652e+02
-1.311845291304308603e+02
-1.313139024333208340e+02
-1.314433394983117864e+02
-1.315728403254037175e+02
-1.317024049145966273e+02
-1.318320332658905158e+02
-1.319617253792853830e+02
-1.320914812547812573e+02
-1.322213008923781103e+02
-1.323511842920759136e+02
-1.324811314538747240e+02
-1.326111423777744847e+02
-1.327412170637752524e+02
-1.328713555118769705e+02
-1.330015577220797240e+02
-1.331318236943834279e+02
-1.332621534287880820e+02
-1.333925469252937432e+02
-1.335230041839004116e+02
-1.567195645086692934e+02
-1.568726857246035138e+02
-1.570258817067564223e+02
-1.571791524551280759e+02
-1.573324979697184460e+02
-1.574859182505275328e+02
-1.576394132975553362e+02
-1.577929831108018845e+02
-1.579466276902671211e+02
-1.581003470359510743e+02
-1.582541411478537441e+02
-1.584080100259751589e+02
-1.585619536703152619e+02
-1.587159720808740815e+02
-1.588700652576516177e+02
-1.590242332006478989e+02
-1.591784759098628967e+02
-1.593327933852965828e+02
-1.594871856269489854e+02
-1.596416526348201330e+02
-1.597961944089099973e+02
-1.599508109492185781e+02
-1.601055022557458756e+02
-1.602602683284918612e+02
-1.604151091674565919e+02
-1.605700247726400391e+02
-1.607250151440422030e+02
-1.608800802816630835e+02
-1.610352201855026806e+02
-1.611904348555609943e+02
-1.613457242918380246e+02
-1.615010884943337715e+02
-1.616565274630482349e+02
-2.062026044633211654e+02
-2.064008761983820364e+02
-2.065992432105861667e+02
-2.067977054999334996e+02
-2.069962630664240919e+02
-2.071949159100578868e+02
-2.073936640308349126e+02
-2.075925074287551695e+02
-2.077914461038186857e+02
-2.079904800560254046e+02
-2.081896092853753828e+02
-2.083888337918685352e+02
-2.085881535755049470e+02
-2.087875686362845897e+02
-2.089870789742074635e+02
-2.091866845892735682e+02
-2.093863854814829040e+02
-2.095861816508354423e+02
-2.097860730973312684e+02
-2.099860598209702687e+02
-2.101861418217525284e+02
-2.103863190996779906e+02
-2.105865916547467123e+02
-2.107869594869586365e+02
-2.109874225963138201e+02
-2.111879809828122063e+02
-2.113886346464538235e+02
-2.115893835872387001e+02
-2.117902278051667793e+02
-2.119911673002380894e+02
-2.121922020724526305e+02
-2.123933321218104027e+02
-2.125945574483114058e+02
-2.403159377437872877e+02
-2.405434019536725714e+02
-2.407709737625218054e+02
-2.409986531703351034e+02
-2.412264401771123232e+02
-2.414543347828536071e+02
-2.416823369875588412e+02
-2.419104467912280541e+02
-2.421386641938613309e+02
-2.423669891954585296e+02
-2.425954217960197639e+02
-2.428239619955449768e+02
-2.430526097940341685e+02
-2.432813651914873958e+02
-2.435102281879046018e+02
-2.437391987832858149e+02
-2.439682769776310067e+02
-2.441974627709401773e+02
-2.444267561632133834e+02
-2.446561571544505398e+02
-2.448856657446517318e+02
-2.451152819338169024e+02
-2.453450057219460234e+02
-2.455748371090392084e+02
-2.458047760950963436e+02
-2.460348226801175144e+02
-2.462649768641026640e+02
-2.464952386470517638e+02
-2.467256080289649276e+02
-2.469560850098420417e+02
-2.471866695896831629e+02
-2.474173617684882913e+02
-2.476481615462573984e+02
-2.499856629478837817e+02
-2.502186411985341863e+02
-2.504517279625756601e+02
-2.506849232400082599e+02
-2.509182270308318721e+02
-2.511516393350466103e+02
-2.513851601526524178e+02
-2.516187894836493228e+02
-2.518525273280372687e+02
-2.520863736858163406e+02
-2.523203285569864533e+02
-2.525543919415476637e+02
-2.527885638394999717e+02
-2.530228442508433204e+02
-2.532572331755777952e+02
-2.534917306137033108e+02
-2.537263365652199525e+02
-2.539610510301276349e+02
-2.541958740084264150e+02
-2.544308055001162643e+02
-2.546658455051972112e+02
-2.549009940236692557e+02
-2.551362510555323126e+02
-2.553716166007864956e+02
-2.556070906594317762e+02
-2.558426732314681260e+02
-2.560783643168955450e+02
-2.563141639157140617e+02
-2.565500720279236475e+02
-2.567860886535243026e+02
-2.570222137925160268e+02
-2.572584474448988772e+02
-2.574947896106727967e+02
-2.500646471237645301e+02
-2.502941695167188811e+02
-2.505237971951745806e+02
-2.507535301591316568e+02
-2.509833684085900529e+02
-2.512133119435498259e+02
-2.514433607640109472e+02
-2.516735148699734452e+02
-2.519037742614372632e+02
-2.521341389384024865e+02
-2.523646089008690296e+02
-2.525951841488369212e+02
-2.528258646823061895e+02
-2.530566505012767777e+02
-2.532875416057487712e+02
-2.535185379957220846e+02
-2.537496396711967748e+02
-2.539808466321728133e+02
-2.542121588786502002e+02
-2.544435764106289355e+02
-2.546750992281090191e+02
-2.549067273310904795e+02
-2.551384607195732883e+02
-2.553702993935574455e+02
-2.556022433530429510e+02
-2.558342925980298332e+02
-2.560664471285180639e+02
-2.562987069445076713e+02
-2.565310720459985987e+02
-2.567635424329909029e+02
-2.569961181054845838e+02
-2.572287990634795278e+02
-2.574615853069759055e+02
-2.325509551448330114e+02
-2.327612182145842041e+02
-2.329715762970194248e+02
-2.331820293921386735e+02
-2.333925774999419787e+02
-2.336032206204292834e+02
-2.338139587536006161e+02
-2.340247918994559768e+02
-2.342357200579953656e+02
-2.344467432292188107e+02
-2.346578614131262270e+02
-2.348690746097177282e+02
-2.350803828189932290e+02
-2.352917860409527577e+02
-2.355032842755962861e+02
-2.357148775229238709e+02
-2.359265657829355121e+02
-2.361383490556310960e+02
-2.363502273410107648e+02
-2.365622006390744900e+02
-2.367742689498221864e+02
-2.369864322732539392e+02
-2.371986906093696916e+02
-2.374110439581694720e+02
-2.376234923196532804e+02
-2.378360356938211453e+02
-2.380486740806730097e+02
-2.382614074802089306e+02
-2.384742358924288510e+02
-2.386871593173328279e+02
-2.389001777549208043e+02
-2.391132912051927804e+02
-2.393264996681488412e+02
-2.029580945308164814e+02
-2.031389035237170049e+02
-2.033197930192857541e+02
-2.035007630175227575e+02
-2.036818135184280152e+02
-2.038629445220015555e+02
-2.040441560282433215e+02
-2.042254480371533703e+02
-2.044068205487316732e+02
-2.045882735629782019e+02
-2.047698070798929848e+02
-2.049514210994760504e+02
-2.051331156217273701e+02
-2.053148906466469441e+02
-2.054967461742347439e+02
-2.056786822044907979e+02
-2.058606987374151345e+02
-2.060427957730077253e+02
-2.062249733112685703e+02
-2.064072313521976412e+02
-2.065895698957949946e+02
-2.067719889420606023e+02
-2.069544884909944642e+02
-2.071370685425965803e+02
-2.073197290968669506e+02
-2.075024701538055751e+02
-2.076852917134124255e+02
-2.078681937756875584e+02
-2.080511763406309740e+02
-2.082342394082426154e+02
-2.084173829785224825e+02
-2.086006070514706607e+02
-2.087839116270870647e+02
-1.854640495372311193e+02
-1.856268801338397338e+02
-1.857897821787136650e+02
-1.859527556718528842e+02
-1.861158006132573917e+02
-1.862789170029272157e+02
-1.864421048408623278e+02
-1.866053641270627281e+02
-1.867686948615284166e+02
-1.869320970442594216e+02
-1.870955706752557148e+02
-1.872591157545172962e+02
-1.874227322820441657e+02
-1.875864202578363802e+02
-1.877501796818938544e+02
-1.879140105542166168e+02
-1.880779128748046674e+02
-1.882418866436580345e+02
-1.884059318607766897e+02
-1.885700485261606332e+02
-1.887342366398098932e+02
-1.888984962017244413e+02
-1.890628272119042776e+02
-1.892272296703494021e+02
-1.893917035770598432e+02
-1.895562489320355724e+02
-1.897208657352765613e+02
-1.898855539867828952e+02
-1.900503136865545173e+02
-1.902151448345914275e+02
-1.903800474308936259e+02
-1.905450214754611125e+02
-1.907100669682939156e+02
-1.650002884570886295e+02
-1.651430840334253674e+02
-1.652859413725546176e+02
-1.654288604744764086e+02
-1.655718413391907404e+02
-1.657148839666976130e+02
-1.658579883569969979e+02
-1.660011545100889236e+02
-1.661443824259733901e+02
-1.662876721046503690e+02
-1.664310235461198886e+02
-1.665744367503819490e+02
-1.667179117174365501e+02
-1.668614484472836921e+02
-1.670050469399233464e+02
-1.671487071953555130e+02
-1.672924292135802489e+02
-1.674362129945974971e+02
-1.675800585384073145e+02
-1.677239658450096442e+02
-1.678679349144044863e+02
-1.680119657465918692e+02
-1.681560583415717929e+02
-1.683002126993442573e+02
-1.684444288199092625e+02
-1.685887067032667801e+02
-1.687330463494168384e+02
-1.688774477583594091e+02
-1.690219109300945490e+02
-1.691664358646222013e+02
-1.693110225619423943e+02
-1.694556710220551281e+02
-1.696003812449603743e+02
-1.506966995905718250e+02
-1.508252803922702583e+02
-1.509539160258671018e+02
-1.510826064913622986e+02
-1.512113517887558771e+02
-1.513401519180478374e+02
-1.514690068792381510e+02
-1.515979166723268747e+02
-1.517268812973139802e+02
-1.518559007541994390e+02
-1.519849750429832795e+02
-1.521141041636655018e+02
-1.522432881162461058e+02
-1.523725269007250915e+02
-1.525018205171024590e+02
-1.526311689653782082e+02
-1.527605722455523392e+02
-1.528900303576248234e+02
-1.530195433015957178e+02
-1.531491110774649940e+02
-1.532787336852326234e+02
-1.534084111248986346e+02
-1.535381433964630276e+02
-1.536679304999258022e+02
-1.537977724352869586e+02
-1.539276692025464968e+02
-1.540576208017043882e+02
-1.541876272327606898e+02
-1.543176884957153732e+02
-1.544478045905684098e+02
-1.545779755173198282e+02
-1.547082012759696568e+02
-1.548384818665178386e+02
-1.469595709993152752e+02
-1.470832223001140164e+02
-1.472069255989366638e+02
-1.473306808957831890e+02
-1.474544881906535920e+02
-1.475783474835479012e+02
-1.477022587744660598e+02
-1.478262220634081245e+02
-1.479502373503740671e+02
-1.480743046353639158e+02
-1.481984239183776140e+02
-1.483225951994152183e+02
-1.484468184784767004e+02
-1.485710937555620887e+02
-1.486954210306713549e+02
-1.488198003038044703e+02
-1.489442315749614920e+02
-1.490687148441424199e+02
-1.491932501113472256e+02
-1.493178373765759090e+02
-1.494424766398284703e+02
-1.495671679011049378e+02
-1.496919111604052546e+02
-1.498167064177294776e+02
-1.499415536730775784e+02
-1.500664529264495854e+02
-1.501914041778454703e+02
-1.503164074272652329e+02
-1.504414626747088732e+02
-1.505665699201763914e+02
-1.506917291636678158e+02
-1.508169404051831179e+02
-1.509422036447222979e+02
-1.373959505921890809e+02
-1.375099721279502489e+02
-1.376240409559286491e+02
-1.377381570761242529e+02
-1.378523204885371456e+02
-1.379665311931672420e+02
-1.380807891900145705e+02
-1.381950944790791596e+02
-1.383094470603609807e+02
-1.384238469338600339e+02
-1.385382940995763477e+02
-1.386527885575098651e+02
-1.387673303076606430e+02
-1.388819193500286531e+02
-1.389965556846138952e+02
-1.391112393114163979e+02
-1.392259702304361042e+02
-1.393407484416730711e+02
-1.394555739451272700e+02
-1.395704467407987295e+02
-1.396853668286873926e+02
-1.398003342087933163e+02
-1.399153488811164721e+02
-1.400304108456568599e+02
-1.401455201024144799e+02
-1.402606766513893604e+02
-1.403758804925814729e+02
-1.404911316259908176e+02
-1.406064300516173944e+02
-1.407217757694612033e+02
-1.408371687795222726e+02
-1.409526090818005741e+02
-1.410680966762960793e+02
-1.345398782154518642e+02
-1.346500213822266687e+02
-1.347602096157636993e+02
-1.348704429160628990e+02
-1.349807212831242680e+02
-1.350910447169478061e+02
-1.352014132175335703e+02
-1.353118267848814753e+02
-1.354222854189916063e+02
-1.355327891198638781e+02
-1.356433378874983759e+02
-1.357539317218950146e+02
-1.358645706230538508e+02
-1.359752545909748846e+02
-1.360859836256580877e+02
-1.361967577271034600e+02
-1.363075768953110298e+02
-1.364184411302807973e+02
-1.365293504320127340e+02
-1.366403048005068399e+02
-1.367513042357631434e+02
-1.368623487377816161e+02
-1.369734383065622865e+02
-1.370845729421051260e+02
-1.371957526444101632e+02
-1.373069774134773979e+02
-1.374182472493067735e+02
-1.375295621518983751e+02
-1.376409221212521459e+02
-1.377523271573680859e+02
-1.378637772602462235e+02
-1.379752724298865303e+02
-1.380868126662890063e+02
-1.230499225502388612e+02
-1.231493166718464920e+02
-1.232487509202694440e+02
-1.233482252955077740e+02
-1.234477397975614252e+02
-1.235472944264304118e+02
-1.236468891821147622e+02
-1.237465240646144480e+02
-1.238461990739294976e+02
-1.239459142100598683e+02
-1.240456694730055887e+02
-1.241454648627666586e+02
-1.242453003793430639e+02
-1.243451760227348188e+02
-1.244450917929419234e+02
-1.245450476899643633e+02
-1.246450437138021528e+02
-1.247450798644552918e+02
-1.248451561419237663e+02
-1.249452725462075904e+02
-1.250454290773067498e+02
-1.251456257352212447e+02
-1.252458625199511175e+02
-1.253461394314962973e+02
-1.254464564698568552e+02
-1.255468136350327200e+02
-1.256472109270239628e+02
-1.257476483458305410e+02
-1.258481258914524545e+02
-1.259486435638897177e+02
-1.260492013631423163e+02
-1.261497992892102644e+02
-1.262504373420935764e+02
