3.196180101732709611e-02
-2.776372883797693092e-01
-8.369454539714873964e-02
-1.190592218709051048e-01
-1.407851941276284657e-01
-1.729762950871020777e-01
-2.006985897555557397e-01
-2.067713373177819947e-01
-2.230845587796689566e-01
-2.469549115855526333e-01
-2.492884814963294837e-01
-2.614104408993156992e-01
-2.495883152237789726e-01
-2.329312719271733889e-01
-1.909712135715829762e-01
-1.670829661594588622e-01
-3.294572841824942033e-01
-3.070656656725698208e-01
-1.816333116602062425e-01
-1.432251747214646764e-01
-8.581172932155639588e-02
-3.182888148447340915e-02
3.661920158680445625e-02
-2.109689088709939056e-02
-8.207724944936113307e-03
4.431780519758891229e-02
4.070824510534345325e-02
1.687723522232948553e-02
1.984409954686017219e-02
2.854324221055215549e-02
2.306698779146293954e-01
2.434028576532799026e-01
2.902998601264087375e-01
6.740804374096447393e-01
6.643882814152298755e-01
7.005663973249102172e-01
7.130840405896669010e-01
3.226326382867150122e-01
-7.351541788565779667e-01
-1.494061770700493508e+00
-2.356718964047281428e+00
-1.695050186645690182e+00
-2.441053097795586324e-01
1.922161920891887643e+00
4.135167360904342004e+00
4.365753294905297288e+00
4.877513845677752258e+00
2.839825185228298743e+00
-1.173940026604371356e+00
-5.029514877199781075e+00
-6.646502302888805502e+00
-6.215707777418492341e+00
-3.576060314240892879e+00
-2.852169259544905522e+00
-1.053928866324901348e+00
3.080309053184404622e+00
5.805045084030979297e+00
8.184790634950866561e+00
1.161920133576285785e+01
1.286038692132044403e+01
1.543728238321126156e+01
1.466275531162759194e+01
1.289724589212988626e+01
1.547101302099631326e+01
1.151268172394401468e+01
1.362033799972297210e+01
9.694980385464932127e+00
7.880491671160368305e+00
2.285683295550259508e+00
-3.711779812365033848e+00
-1.623753580359260340e+01
-2.734342485527610478e+01
-4.224375213989133471e+01
-6.260551191043627739e+01
-9.335315228335973359e+01
-1.261324188763835963e+02
-1.699060550876710920e+02
-2.161313558617381716e+02
-2.564590830641708408e+02
-3.094289963233335925e+02
-3.451657416691624576e+02
-3.888587057141165246e+02
-4.072202492457589642e+02
-4.199358184873823348e+02
-4.214067043885116846e+02
-4.204921786265970809e+02
-4.013145508184329628e+02
-3.855819670231233545e+02
-3.639357046462856715e+02
-3.436730033616866535e+02
-3.254422183873170411e+02
-3.043549946995738082e+02
-2.891025830598206312e+02
-2.788752571772910187e+02
-2.764488366002817656e+02
-2.712430056180980955e+02
-2.692999530110133151e+02
-2.735125681590030240e+02
-2.666347695176492039e+02
-2.674720936462190934e+02
-2.662696470927699011e+02
-2.798510960118181856e+02
-2.753582997332590594e+02
-2.807551518469256280e+02
-2.877978763277359349e+02
-3.041084694049237100e+02
-2.957177088117554717e+02
-3.013880255891651814e+02
-2.790221559538845213e+02
-2.578576329051963967e+02
-2.183537564859609859e+02
-1.470538898060584074e+02
-6.876469461525547899e+01
3.069060468238154016e+01
1.144157675650919828e+02
2.262270107932967278e+02
3.172292139765610273e+02
4.343835900579067015e+02
5.815877750415900209e+02
7.244747570027292340e+02
8.246517952133689278e+02
9.602992734940570472e+02
1.031071007064845389e+03
1.092602110905755580e+03
1.130412947525878280e+03
1.142951759673299875e+03
1.156040961738123769e+03
1.154006906659784136e+03
1.137085249376016691e+03
1.159974861362820093e+03
1.127433091382723660e+03
1.113111239704836635e+03
1.099615134808297626e+03
1.106609809760922190e+03
1.031457556494704477e+03
1.007800112786888917e+03
9.110808377220240573e+02
8.845688871654640479e+02
7.952105297198481821e+02
6.797223609576803938e+02
5.877084460859098272e+02
5.629134135403434129e+02
4.223548337717289769e+02
3.919953231980919668e+02
3.008971524950590037e+02
2.380093006884899012e+02
2.514917201216121612e+02
1.926071745675091904e+02
2.501519190025687180e+02
3.095993637141413046e+02
4.431964506730848257e+02
5.305500300835061580e+02
6.284861067195865871e+02
7.468716135580482387e+02
9.799205832009762389e+02
9.308307174968452955e+02
1.070334636699541761e+03
9.915220977076022564e+02
1.086647962181537423e+03
1.079178887800850134e+03
1.054122144349336850e+03
9.683875088111246896e+02
9.483810027879926565e+02
1.030865709832938819e+03
9.520651853265362661e+02
9.538383280520713470e+02
9.004391246517542413e+02
8.705771076546928953e+02
7.609572101625881260e+02
6.825744961102128627e+02
5.294192014102626445e+02
3.876466986723822856e+02
5.418981935462353476e+02
5.309568411698564887e+02
6.308005822415822195e+02
9.549165679595475922e+02
1.909294404357592612e+03
3.266826347542350049e+03
5.178368791354753739e+03
6.926229228745361979e+03
8.415798494331247639e+03
9.237813695720116812e+03
9.951492211681481422e+03
9.795714821449470037e+03
9.433808627638343751e+03
8.685754434282642251e+03
7.117457147677445391e+03
5.765582913946309418e+03
3.768308257485778995e+03
2.304261523022455094e+03
7.971737828937178847e+02
-5.461424628544373263e+02
-2.024678997138203385e+03
-3.213108659860083662e+03
-3.815346481726538059e+03
-4.210546804922076262e+03
-4.005434790606184833e+03
-3.653812649746340412e+03
-3.475826229161713854e+03
-3.267597851740783426e+03
-3.165205613144582458e+03
-1.806584634453766057e+03
-4.290797266089929508e+03
-5.156503174198692250e+03
-6.895884418355658454e+03
-8.033110252459380717e+03
-8.336394912934383683e+03
-8.348083768412536301e+03
-7.765231086050756858e+03
-6.782180281276828282e+03
-6.185705292277500121e+03
-5.484185474006274490e+03
-5.006710733765798977e+03
-4.875702153523897323e+03
-4.556530502038469422e+03
-4.463618204211938064e+03
-4.084040135007892331e+03
