0.000000000000000000e+00
0.000000000000000000e+00
0.000000000000000000e+00
0.000000000000000000e+00
0.000000000000000000e+00
0.000000000000000000e+00
0.000000000000000000e+00
0.000000000000000000e+00
0.000000000000000000e+00
0.000000000000000000e+00
0.000000000000000000e+00
0.000000000000000000e+00
0.000000000000000000e+00
0.000000000000000000e+00
0.000000000000000000e+00
0.000000000000000000e+00
0.000000000000000000e+00
0.000000000000000000e+00
0.000000000000000000e+00
0.000000000000000000e+00
0.000000000000000000e+00
0.000000000000000000e+00
0.000000000000000000e+00
0.000000000000000000e+00
0.000000000000000000e+00
0.000000000000000000e+00
0.000000000000000000e+00
0.000000000000000000e+00
-1.448468766227530360e-02
-1.545033350642698901e-02
-1.644712921651905052e-02
-1.747507479255149335e-02
-1.853417023452431228e-02
-2.116770158026718904e-02
-2.237728452771102841e-02
-2.362046700147274816e-02
-2.489724900155235870e-02
-2.620763052794984962e-02
-2.510835774776880996e-02
-2.636377563515725220e-02
-2.764981347101857709e-02
-2.896647125535279504e-02
-3.031374898815990607e-02
-3.134623969058329684e-02
-3.273940589905367099e-02
-3.416285832944730705e-02
-3.561659698176421196e-02
-3.710062185600438572e-02
-3.653362947132490074e-02
-3.799497465017789150e-02
-3.948497365606722792e-02
-4.100362648899288920e-02
-4.255093314895488227e-02
-3.770990561910492894e-02
-3.908117491434510982e-02
-4.047693116128599916e-02
-4.189717435992761779e-02
-4.334190451026994489e-02
-4.182189398013581166e-02
-4.321595711280700608e-02
-4.463287373945641623e-02
-4.607264386008404211e-02
-4.753526747468989067e-02
-4.628978061893829904e-02
-4.771408156105947512e-02
-4.915996282048552823e-02
-5.062742439721643756e-02
-5.211646629125221003e-02
-4.617716909933766711e-02
-4.749651678789016535e-02
-4.883444683825326899e-02
-5.019095925042697109e-02
-5.156605402441127167e-02
-4.857353835186078300e-02
-4.986883270791040573e-02
-5.118117041075015416e-02
-5.251055146038002136e-02
-5.385697585680002814e-02
-4.673084925147463070e-02
-4.789912048276149387e-02
-4.908181481566918636e-02
-5.027893225019770818e-02
-5.149047278634704544e-02
-4.397862151907157985e-02
-4.501341261363797641e-02
-4.606023616279233956e-02
-4.711909216653469706e-02
-4.818998062486503503e-02
-3.593462750180155540e-02
-3.673317477961936944e-02
-3.754049730224836429e-02
-3.835659506968854687e-02
-3.918146808193991026e-02
-3.111866868134767830e-02
-3.177379854832341338e-02
-3.243575268474682000e-02
-3.310453109061788773e-02
-3.378013376593662354e-02
-3.281421358415879952e-02
-3.347049785584197551e-02
-3.413327999160122028e-02
-3.480255999143654771e-02
-3.547833785534793005e-02
-3.616061358333539505e-02
-3.684938717539892189e-02
-3.754465863153852445e-02
-3.824642795175419580e-02
-3.068804270315274654e-02
-3.125112605550417477e-02
-3.181932834742243199e-02
-3.239264957890752167e-02
-3.297108974995943687e-02
-3.355464886057819146e-02
-3.414332691076377158e-02
-3.473712390051618415e-02
-3.533603982983542918e-02
-1.774946633530653101e-02
-1.805030474776935304e-02
-1.835367121411841940e-02
-1.865956573435372662e-02
-1.896798830847527470e-02
-1.927893893648306711e-02
-1.959241761837710039e-02
-1.990842435415737452e-02
-2.022695914382389298e-02
-1.356015246639405598e-02
-1.377369817452624677e-02
-1.398891220850321734e-02
-1.420579456832497291e-02
-1.442434525399151173e-02
-1.464456426550283207e-02
-1.486645160285893566e-02
-1.509000726605982251e-02
-1.531523125510549088e-02
-7.172716045695540221e-03
-7.278197164014591977e-03
-7.384448217503856125e-03
-7.491469206163332666e-03
-7.599260129993020731e-03
-7.707820988992921188e-03
-7.817151783163034037e-03
-7.927252512503356677e-03
-8.038123177013894310e-03
-8.635440330034443220e-04
-8.754549851828023191e-04
-8.874475192264023003e-04
-8.995216351342444827e-04
-9.116773329063288661e-04
-9.239146125426554506e-04
-9.362334740432242362e-04
-9.486339174080351145e-04
-9.611159426370881938e-04
7.228735946795948955e-03
7.322615634416675644e-03
7.417100997441407502e-03
7.512192035870143662e-03
7.607888749702884992e-03
7.704191138939629757e-03
7.801099203580379692e-03
7.898612943625135663e-03
7.996732359073893334e-03
1.772099638306795944e-03
1.793843192151051190e-03
1.815719328640697915e-03
1.837728047775736770e-03
1.859869349556167320e-03
1.882143233981989783e-03
1.904549701053203726e-03
1.927088750769809797e-03
1.949760383131807565e-03
4.054970095958588920e-03
4.102120911027874565e-03
4.149544274161144977e-03
4.197240185358400155e-03
4.245208644619638365e-03
4.293449651944862208e-03
4.341963207334069083e-03
4.390749310787261592e-03
4.439807962304437132e-03
1.113502907960464000e-02
1.125806807495938720e-02
1.138178310875014899e-02
1.150617418097692711e-02
1.163124129163971981e-02
1.175698444073852884e-02
1.188340362827335073e-02
1.201049885424418893e-02
1.213827011865104173e-02
1.258386431160332490e-02
1.271632604119915175e-02
1.284948128770385320e-02
1.298333005111743446e-02
1.311787233143989727e-02
1.325310812867123468e-02
1.338903744281145364e-02
1.352566027386054893e-02
1.366297662181852404e-02
1.107443745290996422e-02
1.118573833183368268e-02
1.129759571515201975e-02
1.141000960286497543e-02
1.152297999497254970e-02
1.163650689147474257e-02
1.175059029237155231e-02
1.186523019766298238e-02
1.198042660734903106e-02
1.260543466891468102e-02
1.272664077150039916e-02
1.284842680759131286e-02
1.297079277718741867e-02
1.309373868028872352e-02
1.321726451689521874e-02
1.334137028700691299e-02
1.346605599062379935e-02
1.359132162774588128e-02
1.480633337518521414e-02
1.494279727726065439e-02
1.507988716053827553e-02
1.521760302501807757e-02
1.535594487070005877e-02
1.549491269758422260e-02
1.563450650567056732e-02
1.577472629495909121e-02
1.591557206544979772e-02
3.954888060244247938e-02
3.989887069626939925e-02
4.025040259667705955e-02
4.060347630366545335e-02
4.095809181723458758e-02
4.131424913738445531e-02
4.167194826411505654e-02
4.203118919742639126e-02
4.239197193731845947e-02
4.442374835815723205e-02
4.480182281226920832e-02
4.518149927677996003e-02
4.556277775168950106e-02
4.594565823699781754e-02
4.633014073270490946e-02
4.671622523881078376e-02
4.710391175531543351e-02
4.749320028221887258e-02
5.475027644529632115e-02
5.519904920304464363e-02
5.564965368633480874e-02
5.610208989516680261e-02
5.655635782954061830e-02
5.701245748945626968e-02
5.747038887491374981e-02
5.793015198591305870e-02
5.839174682245419634e-02
1.046078903403735161e-01
1.054348301849614561e-01
1.062650256982288627e-01
1.070984768801757636e-01
1.079351837308021311e-01
1.087751462501079791e-01
1.096183644380933075e-01
1.104648382947581303e-01
1.113145678201024197e-01
1.119775069311126636e-01
1.128322970603578002e-01
1.136903373421856017e-01
1.145516277765961100e-01
1.154161683635892832e-01
1.162839591031651354e-01
1.171549999953236942e-01
1.180292910400649042e-01
1.189068322373888070e-01
1.283729737504073765e-01
1.293203757707055979e-01
1.302712608866666566e-01
1.312256290982905804e-01
1.321834804055773971e-01
1.331448148085270511e-01
1.341096323071395424e-01
1.350779329014149266e-01
1.360497165913531759e-01
1.474147009975922962e-01
1.484676631475751185e-01
1.495243724938211949e-01
1.505848290363305808e-01
1.516490327751032208e-01
1.527169837101391425e-01
1.537886818414383738e-01
1.548641271690008869e-01
1.559433196928266818e-01
1.281842813265916259e-01
1.290713697786787795e-01
1.299615171564627580e-01
1.308547234599436171e-01
1.317509886891213011e-01
1.326503128439958656e-01
1.335526959245672551e-01
1.344581379308354974e-01
1.353666388628006201e-01
3.936075718152413916e-02
3.962492333710484343e-02
3.988997299153363568e-02
4.015590614481052978e-02
4.042272279693551185e-02
4.069042294790859576e-02
4.095900659772977459e-02
4.122847374639905527e-02
4.149882439391642391e-02
-1.756625814676089636e-02
-1.768069631058344360e-02
-1.779550602688593011e-02
-1.791068729566836285e-02
-1.802624011693074180e-02
-1.814216449067306003e-02
-1.825846041689532448e-02
-1.837512789559753168e-02
-1.849216692677968163e-02
-1.034979662331564076e-01
-1.041530166523536027e-01
-1.048101334766586706e-01
-1.054693167060716252e-01
-1.061305663405924526e-01
-1.067938823802211390e-01
-1.074592648249577259e-01
-1.081267136748021856e-01
-1.087962289297545182e-01
-4.850580137723112945e-02
-4.880429861647562345e-02
-4.910371149142333386e-02
-4.940404000207423985e-02
-4.970528414842834836e-02
-5.000744393048566633e-02
-5.031051934824617988e-02
-5.061451040170990984e-02
-5.091941709087683537e-02
6.329103501780168617e-02
6.367002325144122121e-02
6.405014279324086623e-02
6.443139364320063511e-02
6.481377580132051397e-02
6.519728926760051668e-02
6.558193404204064325e-02
6.596771012464087980e-02
6.635461751540124020e-02
2.256696805165450403e-01
2.269855387119767698e-01
2.283052220765812712e-01
2.296287306103585724e-01
2.309560643133086177e-01
2.322872231854314351e-01
2.336222072267269967e-01
2.349610164371953580e-01
2.363036508168364913e-01
3.998708973605505368e-01
4.021428910955536229e-01
4.044213210734320940e-01
4.067061872941860057e-01
4.089974897578151913e-01
4.112952284643198175e-01
4.135994034136997177e-01
4.159100146059550029e-01
4.182270620410856732e-01
3.891116166081515781e-01
3.912673596364515949e-01
3.934290577559900748e-01
3.955967109667668513e-01
3.977703192687820355e-01
3.999498826620356273e-01
4.021354011465276268e-01
4.043268747222580339e-01
4.065243033892267932e-01
4.544137205675133906e-01
4.568700109489594041e-01
4.593329220591963469e-01
4.618024538982243299e-01
4.642786064660431866e-01
4.667613797626530281e-01
4.692507737880538543e-01
4.717467885422456098e-01
4.742494240252283499e-01
2.866942856325007116e-01
2.882071842374215320e-01
2.897240641544606143e-01
2.912449253836178475e-01
2.927697679248933427e-01
2.942985917782870997e-01
2.958313969437989521e-01
2.973681834214290665e-01
2.989089512111774427e-01
-8.704429587287870751e-02
-8.749297781036777244e-02
-8.794281317186067315e-02
-8.839380195735739576e-02
-8.884594416685794027e-02
-8.929923980036232056e-02
-8.975368885787052275e-02
-9.020929133938256073e-02
-9.066604724489840672e-02
-4.751685832260653108e-01
-4.775623796151135525e-01
-4.799621905679532508e-01
-4.823680160845845721e-01
-4.847798561650075722e-01
-4.871977108092220843e-01
-4.896215800172281085e-01
-4.920514637890257559e-01
-4.944873621246150264e-01
-6.528738687095650972e-01
-6.560899961416318815e-01
-6.593140256067012706e-01
-6.625459571047734864e-01
-6.657857906358481959e-01
-6.690335261999255101e-01
-6.722891637970054290e-01
-6.755527034270878417e-01
-6.788241450901730811e-01
-6.431858830506749225e-01
-6.462855740533288706e-01
-6.493927162362775896e-01
-6.525073095995210792e-01
-6.556293541430594507e-01
-6.587588498668927040e-01
-6.618957967710207280e-01
-6.650401948554436338e-01
-6.681920441201613103e-01
-3.875700931702072971e-01
-3.893982539870479154e-01
-3.912307163587516179e-01
-3.930674802853185712e-01
-3.949085457667486088e-01
-3.967539128030418416e-01
-3.986035813941981587e-01
-4.004575515402177266e-01
-4.023158232411004342e-01
-3.373804981142091153e-01
-3.389388375974156098e-01
-3.405007677245926456e-01
-3.420662884957401673e-01
-3.436353999108582302e-01
-3.452081019699468345e-01
-3.467843946730059801e-01
-3.483642780200356115e-01
-3.499477520110357842e-01
-1.578028770568516148e-01
-1.585169172245296798e-01
-1.592325692210286858e-01
-1.599498330463486329e-01
-1.606687087004895209e-01
-1.613891961834513500e-01
-1.621112954952341201e-01
-1.628350066358378589e-01
-1.635603296052625388e-01
3.076951842193987874e-01
3.090596861449836918e-01
3.104272068801384732e-01
3.117977464248631314e-01
3.131713047791576665e-01
3.145478819430221340e-01
3.159274779164564229e-01
3.173100926994605886e-01
3.186957262920346867e-01
6.144141182931851519e-01
6.170854840248946038e-01
6.197626444761957787e-01
6.224455996470883434e-01
6.251343495375725201e-01
6.278288941476483087e-01
6.305292334773155982e-01
6.332353675265744997e-01
6.359472962954249020e-01
8.738952582508934253e-01
8.776218904822404854e-01
8.813564517183352098e-01
8.850989419591773766e-01
8.888493612047672077e-01
8.926077094551043700e-01
8.963739867101893077e-01
9.001481929700216877e-01
9.039303282346015100e-01
1.261822338344585903e+00
1.267101929718412512e+00
1.272392543203666904e+00
1.277694178800348856e+00
1.283006836508458370e+00
1.288330516327995667e+00
1.293665218258960303e+00
1.299010942301352722e+00
1.304367688455172702e+00
1.404478146350594869e+00
1.410246023748338740e+00
1.416025720566979285e+00
1.421817236806516949e+00
1.427620572466951954e+00
1.433435727548283634e+00
1.439262702050512432e+00
1.445101495973638128e+00
1.450952109317660943e+00
1.693608047490028801e+00
1.700437112197650036e+00
1.707279917478123243e+00
1.714136463331449090e+00
1.721006749757627130e+00
1.727890776756657809e+00
1.734788544328540683e+00
1.741700052473275973e+00
1.748625301190863457e+00
1.617783268541741482e+00
1.624190330991411857e+00
1.630610055619836407e+00
1.637042442427015132e+00
1.643487491412948476e+00
1.649945202577635772e+00
1.656415575921077465e+00
1.662898611443273333e+00
1.669394309144223820e+00
1.435557106026057461e+00
1.441142931341333755e+00
1.446739602919358436e+00
1.452347120760131061e+00
1.457965484863651850e+00
1.463594695229920806e+00
1.469234751858937926e+00
1.474885654750702990e+00
1.480547403905216441e+00
1.735698579908942607e+00
1.742336050577810491e+00
1.748986188175435608e+00
1.755648992701818401e+00
1.762324464156958426e+00
1.769012602540855905e+00
1.775713407853510617e+00
1.782426880094922561e+00
1.789153019265092182e+00
1.321693808433635597e+00
1.326662582149551683e+00
1.331640678142608225e+00
1.336628096412805222e+00
1.341624836960142897e+00
1.346630899784621027e+00
1.351646284886239613e+00
1.356670992264998876e+00
1.361705021920898817e+00
1.597431212090921093e+00
1.603336687921201653e+00
1.609253059463346291e+00
1.615180326717354786e+00
1.621118489683227581e+00
1.627067548360964233e+00
1.633027502750564741e+00
1.638998352852029328e+00
1.644980098665357993e+00
1.217643399120515779e+00
1.222071193299135716e+00
1.226507023401854912e+00
1.230950889428673367e+00
1.235402791379590637e+00
1.239862729254607387e+00
1.244330703053723175e+00
1.248806712776937777e+00
1.253290758424251861e+00
1.072629450741250157e+00
1.076467123194707165e+00
1.080311648634688204e+00
1.084163027061193496e+00
1.088021258474222597e+00
1.091886342873775728e+00
1.095758280259853112e+00
1.099637070632454305e+00
1.103522713991579529e+00
4.794441821647907886e-01
4.811323659048076795e-01
4.828235165758263392e-01
4.845176341778467677e-01
4.862147187108689650e-01
4.879147701748929866e-01
4.896177885699188326e-01
4.913237738959463918e-01
4.930327261529758309e-01
-1.949403661090449713e-01
-1.956160692844662319e-01
-1.962929414965232378e-01
-1.969709827452158779e-01
-1.976501930305442079e-01
-1.983305723525082276e-01
-1.990121207111079094e-01
-1.996948381063432532e-01
-2.003787245382143145e-01
-1.668586865494199989e+00
-1.674281701212610329e+00
-1.679986238525089437e+00
-1.685700477431637312e+00
-1.691424417932254176e+00
-1.697158060026939808e+00
-1.702901403715694206e+00
-1.708654448998517594e+00
-1.714417195875409528e+00
-3.080809527732479403e+00
-3.091165190010571884e+00
-3.101538227560943106e+00
-3.111928640383592626e+00
-3.122336428478520887e+00
-3.132761591845727889e+00
-3.143204130485213632e+00
-3.153664044396978117e+00
-3.164141333581021343e+00
-4.946808983357855460e+00
-4.963189145554404824e+00
-4.979596382399212651e+00
-4.996030693892278940e+00
-5.012492080033605468e+00
-5.028980540823188683e+00
-5.045496076261032137e+00
-5.062038686347134053e+00
-5.078608371081494433e+00
-7.463763401107931905e+00
-7.488114994586260842e+00
-7.512506248640288042e+00
-7.536937163270012618e+00
-7.561407738475435458e+00
-7.585917974256553897e+00
-7.610467870613372376e+00
-7.635057427545886455e+00
-7.659686645054099685e+00
-1.104588400866747655e+01
-1.108140132059245175e+01
-1.111697564264892968e+01
-1.115260697483690677e+01
-1.118829531715638481e+01
-1.122404066960736380e+01
-1.125984303218984373e+01
-1.129570240490382282e+01
-1.133161878774930464e+01
-1.475811076269193300e+01
-1.480488765892867598e+01
-1.485173856924173919e+01
-1.489866349363112796e+01
-1.494566243209684231e+01
-1.499273538463888045e+01
-1.503988235125724060e+01
-1.508710333195192632e+01
-1.513439832672293583e+01
-1.955893892368756681e+01
-1.962006060782409023e+01
-1.968127764560201243e+01
-1.974259003702133342e+01
-1.980399778208204964e+01
-1.986550088078417176e+01
-1.992709933312768555e+01
-1.998879313911260169e+01
-2.005058229873891662e+01
-2.457261368028817827e+01
-2.464833822167581800e+01
-2.472417926235789665e+01
-2.480013680233441775e+01
-2.487621084160538132e+01
-2.495240138017078735e+01
-2.502870841803063939e+01
-2.510513195518493035e+01
-2.518167199163366377e+01
-2.891693689770584896e+01
-2.900483032292683916e+01
-2.909285712208595243e+01
-2.918101729518317811e+01
-2.926931084221853041e+01
-2.935773776319199868e+01
-2.944629805810359002e+01
-2.953499172695330088e+01
-2.962381876974112771e+01
-3.472725658038999796e+01
-3.483138628527872527e+01
-3.493567187295919751e+01
-3.504011334343142181e+01
-3.514471069669539816e+01
-3.524946393275111944e+01
-3.535437305159859989e+01
-3.545943805323781817e+01
-3.556465893766879560e+01
-3.870686173696130083e+01
-3.882137907937834598e+01
-3.893606557592008954e+01
-3.905092122658651732e+01
-3.916594603137764352e+01
-3.928113999029346104e+01
-3.939650310333396988e+01
-3.951203537049917003e+01
-3.962773679178906150e+01
-4.359082756258020908e+01
-4.371810005181401948e+01
-4.384555806945779466e+01
-4.397320161551152751e+01
-4.410103068997522513e+01
-4.422904529284888042e+01
-4.435724542413250049e+01
-4.448563108382608533e+01
-4.461420227192962784e+01
-4.565467990246578722e+01
-4.578624958518182808e+01
-4.591800857679386638e+01
-4.604995687730189502e+01
-4.618209448670592110e+01
-4.631442140500593752e+01
-4.644693763220194427e+01
-4.657964316829394846e+01
-4.671253801328195010e+01
-4.702231302744252162e+01
-4.715608916692315944e+01
-4.729005532932918499e+01
-4.742421151466061247e+01
-4.755855772291744188e+01
-4.769309395409967323e+01
-4.782782020820729940e+01
-4.796273648524032751e+01
-4.809784278519875045e+01
-4.714399925112069667e+01
-4.727642621530923606e+01
-4.740903891156536076e+01
-4.754183733988907790e+01
-4.767482150028037324e+01
-4.780799139273926102e+01
-4.794134701726572700e+01
-4.807488837385978542e+01
-4.820861546252142205e+01
-4.702870249987909546e+01
-4.715915659835309981e+01
-4.728979138117401959e+01
-4.742060684834186901e+01
-4.755160299985661965e+01
-4.768277983571829282e+01
-4.781413735592688141e+01
-4.794567556048239254e+01
-4.807739444938481199e+01
-4.489809859606484110e+01
-4.502110708536913108e+01
-4.514428384894058865e+01
-4.526762888677922092e+01
-4.539114219888503499e+01
-4.551482378525802375e+01
-4.563867364589818010e+01
-4.576269178080551114e+01
-4.588687818998001688e+01
-4.330932090930393485e+01
-4.342653152069582490e+01
-4.354390052480581375e+01
-4.366142792163390141e+01
-4.377911371118008077e+01
-4.389695789344435894e+01
-4.401496046842674303e+01
-4.413312143612721172e+01
-4.425144079654578633e+01
-4.117232897625542165e+01
-4.128241541736840503e+01
-4.139264883637339665e+01
-4.150302923327038940e+01
-4.161355660805939749e+01
-4.172423096074039961e+01
-4.183505229131341707e+01
-4.194602059977844277e+01
-4.205713588613546960e+01
-3.918872767976845495e+01
-3.929226460890918560e+01
-3.939593813030472802e+01
-3.949974824395506801e+01
-3.960369494986021266e+01
-3.970777824802016198e+01
-3.981199813843490887e+01
-3.991635462110446753e+01
-4.002084769602882375e+01
-3.742909557541641874e+01
-3.752682167352455878e+01
-3.762467518505917496e+01
-3.772265611002026731e+01
-3.782076444840783580e+01
-3.791900020022187334e+01
-3.801736336546240125e+01
-3.811585394412939820e+01
-3.821447193622288552e+01
-3.523733007088353730e+01
-3.532826511622775456e+01
-3.541931734590875180e+01
-3.551048675992653614e+01
-3.560177335828110046e+01
-3.569317714097245187e+01
-3.578469810800059037e+01
-3.587633625936550885e+01
-3.596809159506720732e+01
-3.354223396368855958e+01
-3.362780088706531245e+01
-3.371347681289223175e+01
-3.379926174116931747e+01
-3.388515567189655542e+01
-3.397115860507395979e+01
-3.405727054070151638e+01
-3.414349147877924651e+01
-3.422982141930713595e+01
-3.232935386876862793e+01
-3.241089070072012390e+01
-3.249253022389574141e+01
-3.257427243829548047e+01
-3.265611734391933396e+01
-3.273806494076731610e+01
-3.282011522883941268e+01
-3.290226820813563080e+01
-3.298452387865597046e+01
-3.195492393410504306e+01
-3.203461202371627792e+01
-3.211439935129713774e+01
-3.219428591684763319e+01
-3.227427172036775005e+01
-3.235435676185749543e+01
-3.243454104131686933e+01
-3.251482455874587174e+01
-3.259520731414450267e+01
-3.124429114854638456e+01
-3.132134242141579605e+01
-3.139848858501534323e+01
-3.147572963934502255e+01
-3.155306558440484110e+01
-3.163049642019478824e+01
-3.170802214671487462e+01
-3.178564276396509669e+01
-3.186335827194544734e+01
-3.092113405207764387e+01
-3.099655145220466324e+01
-3.107206071274596226e+01
-3.114766183370154806e+01
-3.122335481507142063e+01
-3.129913965685557642e+01
-3.137501635905401187e+01
-3.145098492166673410e+01
-3.152704534469373954e+01
-3.140647482683499447e+01
-3.148224436803363346e+01
-3.155810519783612378e+01
-3.163405731624246542e+01
-3.171010072325266549e+01
-3.178623541886671333e+01
-3.186246140308462316e+01
-3.193877867590638076e+01
-3.201518723733199323e+01
-3.062660734111980076e+01
-3.069970186938023105e+01
-3.077288351865169602e+01
-3.084615228893419925e+01
-3.091950818022774072e+01
-3.099295119253232400e+01
-3.106648132584793487e+01
-3.114009858017459109e+01
-3.121380295551228201e+01
-3.078571909356150371e+01
-3.085841264514016302e+01
-3.093119192024662212e+01
-3.100405691888089521e+01
-3.107700764104296454e+01
-3.115004408673284431e+01
-3.122316625595052386e+01
-3.129637414869601386e+01
-3.136966776496930720e+01
-3.068131432527856362e+01
-3.075299963912267387e+01
-3.082476859977406747e+01
-3.089662120723274796e+01
-3.096855746149871180e+01
-3.104057736257196609e+01
-3.111268091045250728e+01
-3.118486810514033181e+01
-3.125713894663543968e+01
-3.228199278839165487e+01
-3.235663323414515702e+01
-3.243135986978983709e+01
-3.250617269532568088e+01
-3.258107171075270259e+01
-3.265605691607088801e+01
-3.273112831128025135e+01
-3.280628589638077841e+01
-3.288152967137247629e+01
-3.179069313775165639e+01
-3.186344071930257726e+01
-3.193627144094669390e+01
-3.200918530268401696e+01
-3.208218230451453934e+01
-3.215526244643826459e+01
-3.222842572845518561e+01
-3.230167215056531660e+01
-3.237500171276863625e+01
-3.243072570675902710e+01
-3.250418148412427399e+01
-3.257772035626030771e+01
-3.265134232316710694e+01
-3.272504738484468589e+01
-3.279883554129304457e+01
-3.287270679251216876e+01
-3.294666113850207267e+01
-3.302069857926274921e+01
-3.319570848114630479e+01
-3.327013832079012445e+01
-3.334465150851865900e+01
-3.341924804433190133e+01
-3.349392792822985143e+01
-3.356869116021250932e+01
-3.364353774027987498e+01
-3.371846766843194132e+01
-3.379348094466872254e+01
-3.497816049148433137e+01
-3.505580346704811490e+01
-3.513353252129877546e+01
-3.521134765423631308e+01
-3.528924886586072773e+01
-3.536723615617202654e+01
-3.544530952517019529e+01
-3.552346897285524818e+01
-3.560171449922717812e+01
-3.402098373927881170e+01
-3.409575513211239439e+01
-3.417060860111812559e+01
-3.424554414629601951e+01
-3.432056176764606903e+01
-3.439566146516826706e+01
-3.447084323886262069e+01
-3.454610708872913705e+01
-3.462145301476780190e+01
-3.458212323512368158e+01
-3.465738356860600078e+01
-3.473272570679861815e+01
-3.480814964970154790e+01
-3.488365539731478293e+01
-3.495924294963833034e+01
-3.503491230667217593e+01
-3.511066346841633390e+01
-3.518649643487079004e+01
-3.201770499406077874e+01
-3.208670866861694293e+01
-3.215578662054076631e+01
-3.222493884983225598e+01
-3.229416535649140485e+01
-3.236346614051820580e+01
-3.243284120191267306e+01
-3.250229054067479950e+01
-3.257181415680457803e+01
-2.962549591322978060e+01
-2.968873069639569096e+01
-2.975203289404258911e+01
-2.981540250617047505e+01
-2.987883953277934879e+01
-2.994234397386921032e+01
-3.000591582944005964e+01
-3.006955509949189320e+01
-3.013326178402471456e+01
-2.519618483646682350e+01
-2.524945372618451245e+01
-2.530277886604973858e+01
-2.535616025606249835e+01
-2.540959789622279885e+01
-2.546309178653063654e+01
-2.551664192698601141e+01
-2.557024831758892347e+01
-2.562391095833937271e+01
-1.729104936140518234e+01
-1.732726098310445906e+01
-1.736351048306911338e+01
-1.739979786129914174e+01
-1.743612311779454771e+01
-1.747248625255532772e+01
-1.750888726558148534e+01
-1.754532615687302055e+01
-1.758180292642992981e+01
-8.480905690264629371e+00
-8.498500930285924682e+00
-8.516114403716569470e+00
-8.533746110556561959e+00
-8.551396050805903926e+00
-8.569064224464593593e+00
-8.586750631532632738e+00
-8.604455272010019584e+00
-8.622178145896754131e+00
3.071764544129070629e+00
3.078078551414022090e+00
3.084399041252654960e+00
3.090726013644967907e+00
3.097059468590961817e+00
3.103399406090635804e+00
3.109745826143991199e+00
3.116098728751026670e+00
3.122458113911743105e+00
1.322058646610627441e+01
1.324751230412278424e+01
1.327446553363269821e+01
1.330144615463601809e+01
1.332845416713274034e+01
1.335548957112286672e+01
1.338255236660640080e+01
1.340964255358333546e+01
1.343676013205367603e+01
2.663896026388951199e+01
2.669272204040593621e+01
2.674653801226159544e+01
2.680040817945647902e+01
2.685433254199059760e+01
2.690831109986394765e+01
2.696234385307652559e+01
2.701643080162833499e+01
2.707057194551937229e+01
3.783110993058102878e+01
3.790677215044219395e+01
3.798250995693658183e+01
3.805832335006419953e+01
3.813421232982504705e+01
3.821017689621911728e+01
3.828621704924642444e+01
3.836233278890695431e+01
3.843852411520070689e+01
5.153911467093914922e+01
5.164127347107976362e+01
5.174353341854725130e+01
5.184589451334160515e+01
5.194835675546283937e+01
5.205092014491093266e+01
5.215358468168590633e+01
5.225635036578775328e+01
5.235921719721646639e+01
6.808963735185336930e+01
6.822340874154268420e+01
6.835731140835630981e+01
6.849134535229426035e+01
6.862551057335653582e+01
6.875980707154313620e+01
6.889423484685407573e+01
6.902879389928934017e+01
6.916348422884892955e+01
8.379730124278586345e+01
8.396048975543004644e+01
8.412383701176355544e+01
8.428734301178641886e+01
8.445100775549862249e+01
8.461483124290018054e+01
8.477881347399107881e+01
8.494295444877130308e+01
8.510725416724088177e+01
9.431478322068184639e+01
9.449685809176423845e+01
9.467910854131442022e+01
9.486153456933236328e+01
9.504413617581809604e+01
9.522691336077157587e+01
9.540986612419285962e+01
9.559299446608190465e+01
9.577629838643871096e+01
1.085781369996671799e+02
1.087859420465564995e+02
1.089939457598386241e+02
1.092021481395135822e+02
1.094105491855813597e+02
1.096191488980419422e+02
1.098279472768953582e+02
1.100369443221415935e+02
1.102461400337806481e+02
1.155349380106359405e+02
1.157541693920603052e+02
1.159736085757419346e+02
1.161932555616808287e+02
1.164131103498770017e+02
1.166331729403304678e+02
1.168534433330411986e+02
1.170739215280091940e+02
1.172946075252344826e+02
1.215273384638030763e+02
1.217559882069146511e+02
1.219848528464013384e+02
1.222139323822631241e+02
1.224432268145000222e+02
1.226727361431120045e+02
1.229024603680990992e+02
1.231323994894613207e+02
1.233625535071986263e+02
1.249541386057559151e+02
1.251872619986770871e+02
1.254206026547790032e+02
1.256541605740616490e+02
1.258879357565250245e+02
1.261219282021691157e+02
1.263561379109939367e+02
1.265905648829995016e+02
1.268252091181857821e+02
1.257088865622672955e+02
1.259414654458237521e+02
1.261742592821376689e+02
1.264072680712090175e+02
1.266404918130378263e+02
1.268739305076240669e+02
1.271075841549677534e+02
1.273414527550689002e+02
1.275755363079274787e+02
1.267567749691521897e+02
1.269893562076277078e+02
1.272221506278066840e+02
1.274551582296891041e+02
1.276883790132749965e+02
1.279218129785643612e+02
1.281554601255571413e+02
1.283893204542534363e+02
1.286233939646531610e+02
1.263912353455918236e+02
1.266212466928995468e+02
1.268514671414320816e+02
1.270818966911894563e+02
1.273125353421716568e+02
1.275433830943786688e+02
1.277744399478105208e+02
1.280057059024671844e+02
1.282371809583486879e+02
1.243168466228408988e+02
1.245412452629543196e+02
1.247658462462959932e+02
1.249906495728658911e+02
1.252156552426640275e+02
1.254408632556904024e+02
1.256662736119450159e+02
1.258918863114278537e+02
1.261177013541389442e+02
1.266820349155645715e+02
1.269088604033274379e+02
1.271358887761419822e+02
1.273631200340081904e+02
1.275905541769260623e+02
1.278181912048955979e+02
1.280460311179168116e+02
1.282740739159896748e+02
1.285023195991142018e+02
1.226795563807820741e+02
1.228974596780836350e+02
1.231155563234750900e+02
1.233338463169564392e+02
1.235523296585276682e+02
1.237710063481887772e+02
1.239898763859397661e+02
1.242089397717806492e+02
1.244281965057114263e+02
1.204686655827697024e+02
1.206809451696996973e+02
1.208934116224632618e+02
1.211060649410603816e+02
1.213189051254910709e+02
1.215319321757553155e+02
1.217451460918531296e+02
1.219585468737845133e+02
1.221721345215494523e+02
1.184214153162117498e+02
1.186284457625687594e+02
1.188356570215426871e+02
1.190430490931335044e+02
1.192506219773412397e+02
1.194583756741658789e+02
1.196663101836074219e+02
1.198744255056658687e+02
1.200827216403412194e+02
1.185374219814418524e+02
1.187430376310193907e+02
1.189488314570696872e+02
1.191548034595927419e+02
1.193609536385885690e+02
1.195672819940571827e+02
1.197737885259985546e+02
1.199804732344127132e+02
1.201873361192996299e+02
1.099906075380918935e+02
1.101799201156101304e+02
1.103693954726447117e+02
1.105590336091956374e+02
1.107488345252629358e+02
1.109387982208465786e+02
1.111289246959465657e+02
1.113192139505629115e+02
1.115096659846956157e+02
1.074736502641866593e+02
1.076572090178402590e+02
1.078409243915908462e+02
1.080247963854384068e+02
1.082088249993829265e+02
1.083930102334244339e+02
1.085773520875629146e+02
1.087618505617983544e+02
1.089465056561307819e+02
9.744508293835799861e+01
9.761024409588064543e+01
9.777554510197019511e+01
9.794098595662664763e+01
9.810656665985003144e+01
9.827228721164031811e+01
9.843814761199750762e+01
9.860414786092162842e+01
9.877028795841265207e+01
9.578964985679316158e+01
9.595077626529912607e+01
9.611203807414837286e+01
9.627343528334088774e+01
9.643496789287669912e+01
9.659663590275579281e+01
9.675843931297816880e+01
9.692037812354382709e+01
9.708245233445275346e+01
8.725610346438645593e+01
8.740177308619678342e+01
8.754756420060245148e+01
8.769347680760346009e+01
8.783951090719979504e+01
8.798566649939148476e+01
8.813194358417850083e+01
8.827834216156085745e+01
8.842486223153855462e+01
7.562593204204685549e+01
7.575124427409663497e+01
7.587666024143786103e+01
7.600217994407051947e+01
7.612780338199459607e+01
7.625353055521010504e+01
7.637936146371706059e+01
7.650529610751543430e+01
7.663133448660525460e+01
6.642294144656460730e+01
6.653218970552276801e+01
6.664152773297638532e+01
6.675095552892544504e+01
6.686047309336994715e+01
6.697008042630989166e+01
6.707977752774529279e+01
6.718956439767613631e+01
6.729944103610242223e+01
6.458778470889073731e+01
6.469323415331342630e+01
6.479876960870218738e+01
6.490439107505703475e+01
6.501009855237798263e+01
6.511589204066500258e+01
6.522177153991812304e+01
6.532773705013731558e+01
6.543378857132260862e+01
4.997421927572847267e+01
5.005521476888200283e+01
5.013627584543080218e+01
5.021740250537486361e+01
5.029859474871419422e+01
5.037985257544878692e+01
5.046117598557864881e+01
5.054256497910377988e+01
5.062401955602417303e+01
4.775202573406887296e+01
4.782885924289279700e+01
4.790575451498747839e+01
4.798271155035292423e+01
4.805973034898912033e+01
4.813681091089608088e+01
4.821395323607379879e+01
4.829115732452227405e+01
4.836842317624151377e+01
3.883700363137192824e+01
3.889904357327507967e+01
3.896113302830026726e+01
3.902327199644746969e+01
3.908546047771670828e+01
3.914769847210798304e+01
3.920998597962127974e+01
3.927232300025660550e+01
3.933470953401396031e+01
3.348898009381836260e+01
3.354209505035098715e+01
3.359525209480479191e+01
3.364845122717978398e+01
3.370169244747594917e+01
3.375497575569330166e+01
3.380830115183184148e+01
3.386166863589156151e+01
3.391507820787246175e+01
3.681571566549369834e+01
3.687369317047872386e+01
3.693171629112463705e+01
3.698978502743143792e+01
3.704789937939912647e+01
3.710605934702769559e+01
3.716426493031715239e+01
3.722251612926748976e+01
3.728081294387871480e+01
3.156808603722553741e+01
3.161744973704919204e+01
3.166685200226332952e+01
3.171629283286795697e+01
3.176577222886307084e+01
3.181529019024867466e+01
3.186484671702476135e+01
3.191444180919133444e+01
3.196407546674839750e+01
3.933383000922830064e+01
3.939490738501903166e+01
3.945603214434412109e+01
3.951720428720356182e+01
3.957842381359737516e+01
3.963969072352554690e+01
3.970100501698807705e+01
3.976236669398496559e+01
3.982377575451621254e+01
4.628792651284899051e+01
4.635930342343164057e+01
4.643073532392999425e+01
4.650222221434405157e+01
4.657376409467381251e+01
4.664536096491926997e+01
4.671701282508043818e+01
4.678871967515731001e+01
4.686048151514988547e+01
6.110241752463059584e+01
6.119598937382604475e+01
6.128963281586710110e+01
6.138334785075374356e+01
6.147713447848598634e+01
6.157099269906382943e+01
6.166492251248726575e+01
6.175892391875630238e+01
6.185299691787093224e+01
6.988291330398583057e+01
6.998919910368771014e+01
7.009556566767507491e+01
7.020201299594792488e+01
7.030854108850627426e+01
7.041514994535009464e+01
7.052183956647942864e+01
7.062860995189423363e+01
7.073546110159452383e+01
7.898719220455100753e+01
7.910650820485999191e+01
7.922591425498053752e+01
7.934541035491263017e+01
7.946499650465628406e+01
7.958467270421148498e+01
7.970443895357824715e+01
7.982429525275655635e+01
7.994424160174642680e+01
8.981272231842474696e+01
8.994747509009529551e+01
9.008232887583757531e+01
9.021728367565155793e+01
9.035233948953727179e+01
9.048749631749468847e+01
9.062275415952382218e+01
9.075811301562468714e+01
9.089357288579725491e+01
1.136118193055298207e+02
1.137811364729002150e+02
1.139505797141107877e+02
1.141201490291615528e+02
1.142898444180524962e+02
1.144596658807836320e+02
1.146296134173549461e+02
1.147996870277664527e+02
1.149698867120181518e+02
1.057011156362678008e+02
1.058575939717766943e+02
1.060141880456994556e+02
1.061708978580360423e+02
1.063277234087864542e+02
1.064846646979507199e+02
1.066417217255288250e+02
1.067988944915207554e+02
1.069561829959265253e+02
1.194632592852928923e+02
1.196389405489477156e+02
1.198147508950887214e+02
1.199906903237158673e+02
1.201667588348291673e+02
1.203429564284286215e+02
1.205192831045142441e+02
1.206957388630859924e+02
1.208723237041439091e+02
1.099686818830658126e+02
1.101293373715728450e+02
1.102901101268598154e+02
1.104510001489267097e+02
1.106120074377735421e+02
1.107731319934003125e+02
1.109343738158070067e+02
1.110957329049936391e+02
1.112572092609601810e+02
1.201472960273035966e+02
1.203216752668207192e+02
1.204961809597385241e+02
1.206708131060569684e+02
1.208455717057761092e+02
1.210204567588958895e+02
1.211954682654163520e+02
1.213706062253374682e+02
1.215458706386592667e+02
1.190071791270079160e+02
1.191787828460086587e+02
1.193505101988127137e+02
1.195223611854200527e+02
1.196943358058307467e+02
1.198664340600447247e+02
1.200386559480620434e+02
1.202110014698826603e+02
1.203834706255066038e+02
1.157901038202172828e+02
1.159559922211058449e+02
1.161219993681654046e+02
1.162881252613959759e+02
1.164543699007975448e+02
1.166207332863701112e+02
1.167872154181136750e+02
1.169538162960282506e+02
1.171205359201138236e+02
1.050210084614344765e+02
1.051705045588884815e+02
1.053201069835810699e+02
1.054698157355122419e+02
1.056196308146819973e+02
1.057695522210903505e+02
1.059195799547372872e+02
1.060697140156228215e+02
1.062199544037469110e+02
1.008759390159058427e+02
1.010186206835379608e+02
1.011614031862708885e+02
1.013042865241045973e+02
1.014472706970391158e+02
1.015903557050744297e+02
1.017335415482105532e+02
1.018768282264474720e+02
1.020202157397851863e+02
1.082536795721481440e+02
1.084058281028187594e+02
1.085580834793676814e+02
1.087104457017948533e+02
1.088629147701003035e+02
1.090154906842840461e+02
1.091681734443460812e+02
1.093209630502863803e+02
1.094738595021049719e+02
9.775801159011993491e+01
9.789454512586031854e+01
9.803117393971358240e+01
9.816789803167971229e+01
9.830471740175870821e+01
9.844163204995057015e+01
9.857864197625529812e+01
9.871574718067290632e+01
9.885294766320336635e+01
9.597826056640332126e+01
9.611147119869534095e+01
9.624477421006662325e+01
9.637816960051716819e+01
9.651165737004697576e+01
9.664523751865601753e+01
9.677891004634435035e+01
9.691267495311193159e+01
9.704653223895876124e+01
8.900721267731013597e+01
8.912998124652021659e+01
8.925283442535760514e+01
8.937577221382227322e+01
8.949879461191424923e+01
8.962190161963353319e+01
8.974509323698011087e+01
8.986836946395398229e+01
8.999173030055514744e+01
8.420904433730036942e+01
8.432447825688542764e+01
8.443999124079897456e+01
8.455558328904098175e+01
8.467125440161150607e+01
8.478700457851049066e+01
8.490283381973796395e+01
8.501874212529391173e+01
8.513472949517836241e+01
7.201795010975132527e+01
7.211606720799348125e+01
7.221425109799756115e+01
7.231250177976353655e+01
7.241081925329143587e+01
7.250920351858123070e+01
7.260765457563293523e+01
7.270617242444654948e+01
7.280475706502207345e+01
6.287734208669970570e+01
6.296248405296470452e+01
6.304768362543150317e+01
6.313294080410010167e+01
6.321825558897051422e+01
6.330362798004271951e+01
6.338905797731672465e+01
6.347454558079254383e+01
6.356009079047016286e+01
4.609633720591494921e+01
4.615837803660932082e+01
4.622046058944940938e+01
4.628258486443522912e+01
4.634475086156677293e+01
4.640695858084404080e+01
4.646920802226703984e+01
4.653149918583576294e+01
4.659383207155021012e+01
3.077673236915162036e+01
3.081790525526419700e+01
3.085910566335947181e+01
3.090033359343743768e+01
3.094158904549810174e+01
3.098287201954146042e+01
3.102418251556751727e+01
3.106552053357626875e+01
3.110688607356771129e+01
2.116616576685438389e+01
2.119431226388477540e+01
2.122247746290654646e+01
2.125066136391970417e+01
2.127886396692424142e+01
2.130708527192016533e+01
2.133532527890746522e+01
2.136358398788615176e+01
2.139186139885621785e+01
2.142015751181767058e+01
2.144847232677050286e+01
2.147680584371471468e+01
2.150515806265031316e+01
2.153352898357729117e+01
2.156191860649565228e+01
2.159032693140539649e+01
2.161875395830652380e+01
2.414223307455015544e+01
2.417397828569354346e+01
2.420574435440010674e+01
2.423753128066983820e+01
2.426933906450273781e+01
2.430116770589880915e+01
2.433301720485804509e+01
2.436488756138045275e+01
2.439677877546602858e+01
2.442869084711477612e+01
2.446062377632669183e+01
2.449257756310177570e+01
2.452455220744002773e+01
2.455654770934145148e+01
2.458856406880603984e+01
2.462060128583379992e+01
2.465265936042472816e+01
3.568985098042605131e+01
3.573626170991944662e+01
3.578270259583227642e+01
3.582917363816452649e+01
3.587567483691620396e+01
3.592220619208729460e+01
3.596876770367781972e+01
3.601535937168775803e+01
3.606198119611713082e+01
3.610863317696592389e+01
3.615531531423414435e+01
3.620202760792178509e+01
3.624877005802885321e+01
3.629554266455533451e+01
3.634234542750125030e+01
3.638917834686658637e+01
3.643604142265134982e+01
6.398846114870524815e+01
6.407076142027914045e+01
6.415311458405842870e+01
6.423552064004309159e+01
6.431797958823312911e+01
6.440049142862855547e+01
6.448305616122935646e+01
6.456567378603554630e+01
6.464834430304712498e+01
6.473106771226406408e+01
6.481384401368640624e+01
6.489667320731412303e+01
6.497955529314721446e+01
6.506249027118568051e+01
6.514547814142954962e+01
6.522851890387879337e+01
6.531161255853341174e+01
1.319094469062259236e+02
1.320772706300251969e+02
1.322452010440493950e+02
1.324132381482984897e+02
1.325813819427725377e+02
1.327496324274714823e+02
1.329179896023953518e+02
1.330864534675441462e+02
1.332550240229178655e+02
1.334237012685164814e+02
1.335924852043400222e+02
1.337613758303884879e+02
1.339303731466619070e+02
1.340994771531601941e+02
1.342686878498834346e+02
1.344380052368315717e+02
1.346074293140046620e+02
2.211180496878496626e+02
2.213963606377399742e+02
2.216748466259635393e+02
2.219535076525203579e+02
2.222323437174104583e+02
2.225113548206338407e+02
2.227905409621904766e+02
2.230699021420803660e+02
2.233494383603035089e+02
2.236291496168599338e+02
2.239090359117496405e+02
2.241890972449725723e+02
2.244693336165287860e+02
2.247497450264182817e+02
2.250303314746410308e+02
2.253110929611970334e+02
2.255920294860862896e+02
3.370288579410013767e+02
3.374485700928582332e+02
3.378685434221586092e+02
3.382887779289025616e+02
3.387092736130901471e+02
3.391300304747213090e+02
3.395510485137960472e+02
3.399723277303144187e+02
3.403938681242763664e+02
3.408156696956818905e+02
3.412377324445311046e+02
3.416600563708237814e+02
3.420826414745601483e+02
3.425054877557400346e+02
3.429285952143636109e+02
3.433519638504307068e+02
3.437755936639414358e+02
4.378236026418612710e+02
4.383631264898487530e+02
4.389029825569544982e+02
4.394431708431784500e+02
4.399836913485205514e+02
4.405245440729809729e+02
4.410657290165595441e+02
4.416072461792563786e+02
4.421490955610714195e+02
4.426912771620047238e+02
4.432337909820561777e+02
4.437766370212258380e+02
4.443198152795137617e+02
4.448633257569198918e+02
4.454071684534442852e+02
4.459513433690868283e+02
4.464958505038475778e+02
5.224930395423536993e+02
5.231302261759419707e+02
5.237678011012020534e+02
5.244057643181340609e+02
5.250441158267381070e+02
5.256828556270138506e+02
5.263219837189616328e+02
5.269615001025813399e+02
5.276014047778727445e+02
5.282416977448363014e+02
5.288823790034716694e+02
5.295234485537788487e+02
5.301649063957579529e+02
5.308067525294089819e+02
5.314489869547319358e+02
5.320916096717268147e+02
5.327346206803935047e+02
5.682873678275922202e+02
5.689732910235217105e+02
5.696596279246356289e+02
5.703463785309343166e+02
5.710335428424173188e+02
5.717211208590848628e+02
5.724091125809369487e+02
5.730975180079735765e+02
5.737863371401947461e+02
5.744755699776003439e+02
5.751652165201904836e+02
5.758552767679651652e+02
5.765457507209243886e+02
5.772366383790680402e+02
5.779279397423962337e+02
5.786196548109089690e+02
5.793117835846062462e+02
6.042731233027911912e+02
6.049950744656380266e+02
6.057174566441044590e+02
6.064402698381904884e+02
6.071635140478961148e+02
6.078871892732214519e+02
6.086112955141662724e+02
6.093358327707308035e+02
6.100608010429148180e+02
6.107862003307185432e+02
6.115120306341419791e+02
6.122382919531847847e+02
6.129649842878474146e+02
6.136921076381295279e+02
6.144196620040312382e+02
6.151476473855526592e+02
6.158760637826936772e+02
5.861949564730123257e+02
5.868882680714428943e+02
5.875819894285012879e+02
5.882761205441876200e+02
5.889706614185018907e+02
5.896656120514441000e+02
5.903609724430141341e+02
5.910567425932122205e+02
5.917529225020381318e+02
5.924495121694919817e+02
5.931465115955737701e+02
5.938439207802833835e+02
5.945417397236210491e+02
5.952399684255865395e+02
5.959386068861799686e+02
5.966376551054012225e+02
5.973371130832504150e+02
5.572015179907366473e+02
5.578539787846368654e+02
5.585068213578196037e+02
5.591600457102848623e+02
5.598136518420326411e+02
5.604676397530631675e+02
5.611220094433761005e+02
5.617767609129716675e+02
5.624318941618497547e+02
5.630874091900103622e+02
5.637433059974536036e+02
5.643995845841793653e+02
5.650562449501877609e+02
5.657132870954786767e+02
5.663707110200522266e+02
5.670285167239081829e+02
5.676867042070467733e+02
5.095069836414081692e+02
5.100977163760648523e+02
5.106887913660718823e+02
5.112802086114292024e+02
5.118719681121369263e+02
5.124640698681949971e+02
5.130565138796032443e+02
5.136493001463618384e+02
5.142424286684708932e+02
5.148358994459300675e+02
5.154297124787397024e+02
5.160238677668996843e+02
5.166183653104098994e+02
5.172132051092704614e+02
5.178083871634813704e+02
5.184039114730426263e+02
5.189997780379541155e+02
4.152233863859063376e+02
4.157001066917454750e+02
4.161771005032105109e+02
4.166543678203013314e+02
4.171319086430179937e+02
4.176097229713604975e+02
4.180878108053288429e+02
4.185661721449230868e+02
4.190448069901431154e+02
4.195237153409889856e+02
4.200028971974606975e+02
4.204823525595582510e+02
4.209620814272816460e+02
4.214420838006308827e+02
4.219223596796059610e+02
4.224029090642068809e+02
4.228837319544336424e+02
3.342817339796099532e+02
3.346618155418380525e+02
3.350421130594992292e+02
3.354226265325935401e+02
3.358033559611208716e+02
3.361843013450812805e+02
3.365654626844747668e+02
3.369468399793014441e+02
3.373284332295610852e+02
3.377102424352538605e+02
3.380922675963797133e+02
3.384745087129386434e+02
3.388569657849306509e+02
3.392396388123557927e+02
3.396225277952139550e+02
3.400056327335052515e+02
3.403889536272296255e+02
2.150201482309693404e+02
2.152622880375357397e+02
2.155045641073585045e+02
2.157469764404376633e+02
2.159895250367731592e+02
2.162322098963650490e+02
2.164750310192133043e+02
2.167179884053179251e+02
2.169610820546788830e+02
2.172043119672962632e+02
2.174476781431699806e+02
2.176911805823000634e+02
2.179348192846865118e+02
2.181785942503293541e+02
2.184225054792285334e+02
2.186665529713841067e+02
2.189107367267960171e+02
1.280054545085995699e+02
1.281482380607563982e+02
1.282911012024071908e+02
1.284340439335519193e+02
1.285770662541906404e+02
1.287201681643232973e+02
1.288633496639498901e+02
1.290066107530704755e+02
1.291499514316849968e+02
1.292933716997934539e+02
1.294368715573959037e+02
1.295804510044922893e+02
1.297241100410826391e+02
1.298678486671669532e+02
1.300116668827452031e+02
1.301555646878174173e+02
1.302995420823835957e+02
4.012184395493753186e+01
4.016617748416950207e+01
4.021053549353910483e+01
4.025491798304631885e+01
4.029932495269115833e+01
4.034375640247361616e+01
4.038821233239369946e+01
4.043269274245140110e+01
4.047719763264672821e+01
4.052172700297967367e+01
4.056628085345023749e+01
4.061085918405842676e+01
4.065546199480423439e+01
4.070008928568766038e+01
4.074474105670871182e+01
4.078941730786738162e+01
4.083411803916367688e+01
-3.593203518493101711e+01
-3.597136965147171850e+01
-3.601072563577311314e+01
-3.605010313783519393e+01
-3.608950215765796088e+01
-3.612892269524142108e+01
-3.616836475058557454e+01
-3.620782832369041415e+01
-3.624731341455593991e+01
-3.628682002318216604e+01
-3.632634814956907121e+01
-3.636589779371666964e+01
-3.640546895562495422e+01
-3.644506163529393206e+01
-3.648467583272360315e+01
-3.652431154791395329e+01
-3.656396878086500379e+01
-1.177290923707220571e+02
-1.178567811910807421e+02
-1.179845392194721541e+02
-1.181123664558962929e+02
-1.182402629003531445e+02
-1.183682285528427087e+02
-1.184962634133649857e+02
-1.186243674819199612e+02
-1.187525407585076636e+02
-1.188807832431280787e+02
-1.190090949357812065e+02
-1.191374758364670754e+02
-1.192659259451856286e+02
-1.193944452619368946e+02
-1.195230337867209016e+02
-1.196516915195376072e+02
-1.197804184603870254e+02
-1.820653844392341796e+02
-1.822610484740963557e+02
-1.824568175916840005e+02
-1.826526917919971424e+02
-1.828486710750357531e+02
-1.830447554407998894e+02
-1.832409448892894943e+02
-1.834372394205045680e+02
-1.836336390344451388e+02
-1.838301437311112352e+02
-1.840267535105027719e+02
-1.842234683726198341e+02
-1.844202883174623935e+02
-1.846172133450303932e+02
-1.848142434553239468e+02
-1.850113786483429408e+02
-1.852086189240874603e+02
-2.146310460732216256e+02
-2.148596201371973962e+02
-2.150883158478276869e+02
-2.153171332051126399e+02
-2.155460722090521415e+02
-2.157751328596462486e+02
-2.160043151568949611e+02
-2.162336191007982222e+02
-2.164630446913560888e+02
-2.166925919285685609e+02
-2.169222608124356384e+02
-2.171520513429572645e+02
-2.173819635201334961e+02
-2.176119973439643331e+02
-2.178421528144497756e+02
-2.180724299315897667e+02
-2.183028286953843633e+02
-2.363765274505690570e+02
-2.366260013581685939e+02
-2.368756068448333281e+02
-2.371253439105632594e+02
-2.373752125553583596e+02
-2.376252127792186855e+02
-2.378753445821441801e+02
-2.381256079641348720e+02
-2.383760029251907326e+02
-2.386265294653117905e+02
-2.388771875844980457e+02
-2.391279772827494696e+02
-2.393788985600661192e+02
-2.396299514164479376e+02
-2.398811358518949532e+02
-2.401324518664071377e+02
-2.403838994599845194e+02
-2.260138093720804591e+02
-2.262502254906704877e+02
-2.264867651932221690e+02
-2.267234284797354462e+02
-2.269602153502103761e+02
-2.271971258046469302e+02
-2.274341598430451086e+02
-2.276713174654049112e+02
-2.279085986717263097e+02
-2.281460034620093609e+02
-2.283835318362540363e+02
-2.286211837944603360e+02
-2.288589593366282600e+02
-2.290968584627578082e+02
-2.293348811728489807e+02
-2.295730274669017774e+02
-2.298112973449161984e+02
-2.076549852754081655e+02
-2.078702833420493334e+02
-2.080856929620929066e+02
-2.083012141355388849e+02
-2.085168468623872684e+02
-2.087325911426380571e+02
-2.089484469762912511e+02
-2.091644143633468502e+02
-2.093804933038048546e+02
-2.095966837976652641e+02
-2.098129858449280789e+02
-2.100293994455932989e+02
-2.102459245996609241e+02
-2.104625613071309260e+02
-2.106793095680033900e+02
-2.108961693822782024e+02
-2.111131407499554484e+02
-1.999131826805530636e+02
-2.001186432999575402e+02
-2.003242094461310785e+02
-2.005298811190737354e+02
-2.007356583187854540e+02
-2.009415410452662627e+02
-2.011475292985161332e+02
-2.013536230785351222e+02
-2.015598223853232014e+02
-2.017661272188803139e+02
-2.019725375792065449e+02
-2.021790534663018377e+02
-2.023856748801662206e+02
-2.025924018207996937e+02
-2.027992342882022285e+02
-2.030061722823738819e+02
-2.032132158033145970e+02
-1.906446433101309879e+02
-1.908388813573139942e+02
-1.910332183037064055e+02
-1.912276541493081083e+02
-1.914221888941192162e+02
-1.916168225381396724e+02
-1.918115550813695052e+02
-1.920063865238086862e+02
-1.922013168654571871e+02
-1.923963461063150930e+02
-1.925914742463823472e+02
-1.927867012856589781e+02
-1.929820272241449572e+02
-1.931774520618402846e+02
-1.933729757987449887e+02
-1.935685984348590409e+02
-1.937643199701824415e+02
-1.875803845277206108e+02
-1.877698596636072068e+02
-1.879594304457006899e+02
-1.881490968740011169e+02
-1.883388589485084026e+02
-1.885287166692226322e+02
-1.887186700361437488e+02
-1.889087190492717809e+02
-1.890988637086067570e+02
-1.892891040141486201e+02
-1.894794399658973703e+02
-1.896698715638530359e+02
-1.898603988080156455e+02
-1.900510216983851137e+02
-1.902417402349615259e+02
-1.904325544177448535e+02
-1.906234642467350682e+02
-1.098455123546215617e+02
-1.099555228827684061e+02
-1.100655884712396357e+02
-1.101757091200352789e+02
-1.102858848291553073e+02
-1.103961155985997493e+02
-1.105064014283685765e+02
-1.106167423184618173e+02
-1.107271382688794290e+02
-1.108375892796214544e+02
-1.109480953506878791e+02
-1.110586564820787032e+02
-1.111692726737939125e+02
-1.112799439258335354e+02
-1.113906702381975435e+02
-1.115014516108859510e+02
-1.116122880438987721e+02
-1.383595078835664651e+02
-1.384969056073833258e+02
-1.386343715186561383e+02
-1.387719056173849879e+02
-1.389095079035697893e+02
-1.390471783772105994e+02
-1.391849170383073897e+02
-1.393227238868601603e+02
-1.394605989228689396e+02
-1.395985421463336991e+02
-1.397365535572544388e+02
-1.398746331556311873e+02
-1.400127809414638875e+02
-1.401509969147525965e+02
-1.402892810754973141e+02
-1.404276334236979835e+02
-1.405660539593546616e+02
-1.407045426824673484e+02
-1.408430995930359870e+02
-1.409817246910606059e+02
-1.411204179765412619e+02
-1.412591794494778696e+02
-1.413980091098704861e+02
-1.415369069577190828e+02
-1.416758729930236598e+02
-1.418149072157842454e+02
-1.419540096260007829e+02
-1.420931802236733290e+02
-1.422324190088018838e+02
-1.423717259813864189e+02
-1.425111011414269342e+02
-1.426505444889234298e+02
-1.427900560238759340e+02
-1.682816299435374958e+02
-1.684460477549137067e+02
-1.686105458484243513e+02
-1.687751242240694864e+02
-1.689397828818490552e+02
-1.691045218217631145e+02
-1.692693410438116075e+02
-1.694342405479945626e+02
-1.695992203343119797e+02
-1.697642804027638874e+02
-1.699294207533502288e+02
-1.700946413860710322e+02
-1.702599423009262978e+02
-1.704253234979160254e+02
-1.705907849770402152e+02
-1.707563267382988670e+02
-1.709219487816919809e+02
-1.710876511072195569e+02
-1.712534337148815951e+02
-1.714192966046780953e+02
-1.715852397766090576e+02
-1.717512632306744536e+02
-1.719173669668743401e+02
-1.720835509852086886e+02
-1.722498152856774993e+02
-1.724161598682807437e+02
-1.725825847330184786e+02
-1.727490898798906471e+02
-1.729156753088973062e+02
-1.730823410200383989e+02
-1.732490870133139822e+02
-1.734159132887239991e+02
-1.735828198462684782e+02
-2.178383441520895190e+02
-2.180478040983895767e+02
-2.182573646981958291e+02
-2.184670259515082194e+02
-2.186767878583267759e+02
-2.188866504186514419e+02
-2.190966136324822742e+02
-2.193066774998192727e+02
-2.195168420206624376e+02
-2.197271071950117118e+02
-2.199374730228671808e+02
-2.201479395042287592e+02
-2.203585066390965039e+02
-2.205691744274704149e+02
-2.207799428693504638e+02
-2.209908119647366505e+02
-2.212017817136290034e+02
-2.214128521160274943e+02
-2.216240231719321514e+02
-2.218352948813429748e+02
-2.220466672442599076e+02
-2.222581402606830068e+02
-2.224697139306122722e+02
-2.226813882540476754e+02
-2.228931632309892450e+02
-2.231050388614369240e+02
-2.233170151453907977e+02
-2.235290920828508092e+02
-2.237412696738169871e+02
-2.239535479182893027e+02
-2.241659268162677563e+02
-2.243784063677523477e+02
-2.245909865727431054e+02
-2.498724863431153835e+02
-2.501089960320345824e+02
-2.503456175987630843e+02
-2.505823510433009460e+02
-2.508191963656480823e+02
-2.510561535658046068e+02
-2.512932226437704060e+02
-2.515304035995455365e+02
-2.517676964331300553e+02
-2.520051011445238487e+02
-2.522426177337269735e+02
-2.524802462007394297e+02
-2.527179865455612173e+02
-2.529558387681923364e+02
-2.531938028686327868e+02
-2.534318788468825687e+02
-2.536700667029416536e+02
-2.539083664368100699e+02
-2.541467780484878460e+02
-2.543853015379749252e+02
-2.546239369052713357e+02
-2.548626841503770777e+02
-2.551015432732921226e+02
-2.553405142740165275e+02
-2.555795971525502637e+02
-2.558187919088933029e+02
-2.560580985430456735e+02
-2.562975170550074040e+02
-2.565370474447784090e+02
-2.567766897123588024e+02
-2.570164438577484702e+02
-2.572563098809475264e+02
-2.574962877819558571e+02
-2.565751516558152048e+02
-2.568142710888588454e+02
-2.570535018956486510e+02
-2.572928440761846787e+02
-2.575322976304668146e+02
-2.577718625584951724e+02
-2.580115388602696953e+02
-2.582513265357903833e+02
-2.584912255850572365e+02
-2.587312360080703115e+02
-2.589713578048294949e+02
-2.592115909753349001e+02
-2.594519355195865273e+02
-2.596923914375842628e+02
-2.599329587293282202e+02
-2.601736373948183427e+02
-2.604144274340546303e+02
-2.606553288470370831e+02
-2.608963416337657577e+02
-2.611374657942405975e+02
-2.613787013284616023e+02
-2.616200482364287723e+02
-2.618615065181421073e+02
-2.621030761736016643e+02
-2.623447572028074433e+02
-2.625865496057592736e+02
-2.628284533824573828e+02
-2.630704685329016002e+02
-2.633125950570920395e+02
-2.635548329550287008e+02
-2.637971822267114703e+02
-2.640396428721404050e+02
-2.642822148913155615e+02
-2.544403860815172038e+02
-2.546739247562134096e+02
-2.549075705587420657e+02
-2.551413234891031152e+02
-2.553751835472966150e+02
-2.556091507333225366e+02
-2.558432250471808800e+02
-2.560774064888716453e+02
-2.563116950583948892e+02
-2.565460907557505266e+02
-2.567805935809386142e+02
-2.570152035339590952e+02
-2.572499206148120265e+02
-2.574847448234974081e+02
-2.577196761600151831e+02
-2.579547146243654083e+02
-2.581898602165480838e+02
-2.584251129365631527e+02
-2.586604727844106719e+02
-2.588959397600905845e+02
-2.591315138636029474e+02
-2.593671950949477605e+02
-2.596029834541249670e+02
-2.598388789411346238e+02
-2.600748815559766740e+02
-2.603109912986512313e+02
-2.605472081691581820e+02
-2.607835321674975262e+02
-2.610199632936693206e+02
-2.612565015476735653e+02
-2.614931469295102602e+02
-2.617298994391792917e+02
-2.619667590766808303e+02
-2.355705171957317816e+02
-2.357835104300859541e+02
-2.359965999108180768e+02
-2.362097856379281211e+02
-2.364230676114160872e+02
-2.366364458312819750e+02
-2.368499202975258129e+02
-2.370634910101475725e+02
-2.372771579691472255e+02
-2.374909211745248570e+02
-2.377047806262803817e+02
-2.379187363244138567e+02
-2.381327882689252533e+02
-2.383469364598145717e+02
-2.385611808970818117e+02
-2.387755215807270019e+02
-2.389899585107501139e+02
-2.392044916871511191e+02
-2.394191211099300745e+02
-2.396338467790870084e+02
-2.398486686946218072e+02
-2.400635868565345561e+02
-2.402786012648251983e+02
-2.404937119194938191e+02
-2.407089188205403332e+02
-2.409242219679647974e+02
-2.411396213617671833e+02
-2.413551170019474910e+02
-2.415707088885057487e+02
-2.417863970214418998e+02
-2.420021814007560010e+02
-2.422180620264479955e+02
-2.424340388985179686e+02
-2.057600049249464575e+02
-2.059433100518283766e+02
-2.061266967927471967e+02
-2.063101651477028895e+02
-2.064937151166955118e+02
-2.066773466997250353e+02
-2.068610598967914598e+02
-2.070448547078947854e+02
-2.072287311330350121e+02
-2.074126891722121115e+02
-2.075967288254261689e+02
-2.077808500926770989e+02
-2.079650529739649301e+02
-2.081493374692896907e+02
-2.083337035786512956e+02
-2.085181513020498301e+02
-2.087026806394852940e+02
-2.088872915909576307e+02
-2.090719841564668968e+02
-2.092567583360130072e+02
-2.094416141295960756e+02
-2.096265515372160451e+02
-2.098115705588728872e+02
-2.099966711945666304e+02
-2.101818534442973032e+02
-2.103671173080648771e+02
-2.105524627858693236e+02
-2.107378898777106713e+02
-2.109233985835889484e+02
-2.111089889035041267e+02
-2.112946608374561777e+02
-2.114804143854451581e+02
-2.116662495474710397e+02
-1.890396562785843741e+02
-1.892056261260633505e+02
-1.893716687992762218e+02
-1.895377842982229595e+02
-1.897039726229035637e+02
-1.898702337733180343e+02
-1.900365677494663430e+02
-1.902029745513485466e+02
-1.903694541789645882e+02
-1.905360066323145247e+02
-1.907026319113983277e+02
-1.908693300162159687e+02
-1.910361009467674762e+02
-1.912029447030528786e+02
-1.913698612850721474e+02
-1.915368506928252543e+02
-1.917039129263122277e+02
-1.918710479855330959e+02
-1.920382558704878022e+02
-1.922055365811763750e+02
-1.923728901175988142e+02
-1.925403164797551483e+02
-1.927078156676452920e+02
-1.928753876812693306e+02
-1.930430325206272357e+02
-1.932107501857190357e+02
-1.933785406765446453e+02
-1.935464039931041498e+02
-1.937143401353975207e+02
-1.938823491034247581e+02
-1.940504308971858336e+02
-1.942185855166808039e+02
-1.943868129619096408e+02
-1.692860018261845880e+02
-1.694325063712526855e+02
-1.695790742833385423e+02
-1.697257055624421866e+02
-1.698724002085635334e+02
-1.700191582217026962e+02
-1.701659796018596182e+02
-1.703128643490342995e+02
-1.704598124632267115e+02
-1.706068239444369112e+02
-1.707538987926648701e+02
-1.709010370079106167e+02
-1.710482385901740940e+02
-1.711955035394553590e+02
-1.713428318557543832e+02
-1.714902235390711382e+02
-1.716376785894056809e+02
-1.717851970067579828e+02
-1.719327787911280723e+02
-1.720804239425158926e+02
-1.722281324609214721e+02
-1.723759043463448393e+02
-1.725237395987859372e+02
-1.726716382182448228e+02
-1.728196002047214677e+02
-1.729676255582159001e+02
-1.731157142787280634e+02
-1.732638663662579859e+02
-1.734120818208056960e+02
-1.735603606423711653e+02
-1.737087028309543939e+02
-1.738571083865553533e+02
-1.740055773091741287e+02
-1.555157409145317047e+02
-1.556484335262335037e+02
-1.557811827232708026e+02
-1.559139885056435730e+02
-1.560468508733518433e+02
-1.561797698263955851e+02
-1.563127453647747984e+02
-1.564457774884895116e+02
-1.565788661975396963e+02
-1.567120114919253524e+02
-1.568452133716465084e+02
-1.569784718367031360e+02
-1.571117868870952350e+02
-1.572451585228228055e+02
-1.573785867438858759e+02
-1.575120715502844178e+02
-1.576456129420184595e+02
-1.577792109190879444e+02
-1.579128654814929575e+02
-1.580465766292334138e+02
-1.581803443623093699e+02
-1.583141686807207975e+02
-1.584480495844676966e+02
-1.585819870735500956e+02
-1.587159811479679661e+02
-1.588500318077213080e+02
-1.589841390528101499e+02
-1.591183028832344633e+02
-1.592525232989942481e+02
-1.593868003000895044e+02
-1.595211338865202606e+02
-1.596555240582865167e+02
-1.597899708153882443e+02
-1.521281448153937959e+02
-1.522561449372410038e+02
-1.523841988858845866e+02
-1.525123066613246010e+02
-1.526404682635610186e+02
-1.527686836925938394e+02
-1.528969529484230350e+02
-1.530252760310486337e+02
-1.531536529404706641e+02
-1.532820836766890977e+02
-1.534105682397039345e+02
-1.535391066295151461e+02
-1.536676988461227893e+02
-1.537963448895268073e+02
-1.539250447597272569e+02
-1.540537984567241097e+02
-1.541826059805173372e+02
-1.543114673311070248e+02
-1.544403825084930588e+02
-1.545693515126755244e+02
-1.546983743436543648e+02
-1.548274510014296652e+02
-1.549565814860013120e+02
-1.550857657973693904e+02
-1.552150039355338720e+02
-1.553442959004947284e+02
-1.554736416922520164e+02
-1.556030413108057076e+02
-1.557324947561557735e+02
-1.558620020283022711e+02
-1.559915631272451719e+02
-1.561211780529844759e+02
-1.562508468055201831e+02
-1.417922312841857888e+02
-1.419099011856664276e+02
-1.420276198925811286e+02
-1.421453874049298918e+02
-1.422632037227126602e+02
-1.423810688459294909e+02
-1.424989827745803836e+02
-1.426169455086652817e+02
-1.427349570481842420e+02
-1.428530173931372644e+02
-1.429711265435243206e+02
-1.430892844993453821e+02
-1.432074912606005341e+02
-1.433257468272897199e+02
-1.434440511994129395e+02
-1.435624043769702212e+02
-1.436808063599615366e+02
-1.437992571483868858e+02
-1.439177567422462971e+02
-1.440363051415397422e+02
-1.441549023462672494e+02
-1.442735483564287904e+02
-1.443922431720243651e+02
-1.445109867930539735e+02
-1.446297792195176442e+02
-1.447486204514153769e+02
-1.448675104887471150e+02
-1.449864493315129437e+02
-1.451054369797127777e+02
-1.452244734333466738e+02
-1.453435586924146037e+02
-1.454626927569165673e+02
-1.455818756268525931e+02
-1.386004613295846752e+02
-1.387139287559699312e+02
-1.388274426092890508e+02
-1.389410028895420623e+02
-1.390546095967289375e+02
-1.391682627308496762e+02
-1.392819622919042786e+02
-1.393957082798927729e+02
-1.395095006948151308e+02
-1.396233395366713523e+02
-1.397372248054614943e+02
-1.398511565011854714e+02
-1.399651346238433121e+02
-1.400791591734350447e+02
-1.401932301499606410e+02
-1.403073475534201009e+02
-1.404215113838134528e+02
-1.405357216411406682e+02
-1.406499783254017757e+02
-1.407642814365967183e+02
-1.408786309747255530e+02
-1.409930269397882796e+02
-1.411074693317848414e+02
-1.412219581507152952e+02
-1.413364933965796126e+02
-1.414510750693778220e+02
-1.415657031691098950e+02
-1.416803776957758600e+02
-1.417950986493756602e+02
-1.419098660299093524e+02
-1.420246798373769366e+02
-1.421395400717783559e+02
-1.422544467331136673e+02
-1.263793141059026226e+02
-1.264813975583306558e+02
-1.265835222232949917e+02
-1.266856881007956446e+02
-1.267878951908325718e+02
-1.268901434934058301e+02
-1.269924330085153912e+02
-1.270947637361612550e+02
-1.271971356763434216e+02
-1.272995488290618908e+02
-1.274020031943166629e+02
-1.275044987721077661e+02
-1.276070355624351436e+02
-1.277096135652988380e+02
-1.278122327806988352e+02
-1.279148932086351351e+02
-1.280175948491077520e+02
-1.281203377021166716e+02
-1.282231217676618940e+02
-1.283259470457434190e+02
-1.284288135363612469e+02
-1.285317212395153774e+02
-1.286346701552058107e+02
-1.287376602834325467e+02
-1.288406916241956139e+02
-1.289437641774949554e+02
-1.290468779433306281e+02
-1.291500329217026035e+02
-1.292532291126108817e+02
-1.293564665160554625e+02
-1.294597451320363177e+02
-1.295630649605535041e+02
-1.296664260016070216e+02
