-8.137664852080792044e-02
-1.157350237462566322e-01
-1.363798785460077767e-01
-1.675756273219514980e-01
-1.947620773476883838e-01
-1.996675806189478486e-01
-2.149888368118965942e-01
-2.384830211188687654e-01
-2.394931130528203944e-01
-2.508538595706607532e-01
-2.377749097385513100e-01
-2.199410820178626658e-01
-1.757022400236488424e-01
-1.502358511844723576e-01
-2.993870652690115985e-01
-2.739151747407197468e-01
-1.429288465502106809e-01
-1.012349086310903173e-01
-3.823384740761281292e-02
1.877492450340668972e-02
9.106962239962902717e-02
3.464653968217042829e-02
5.204503488606566919e-02
1.094777816220164068e-01
1.142910680600147943e-01
9.080859155424762796e-02
1.008453176879324370e-01
1.185830386270029513e-01
3.359487118416995544e-01
3.562378309199640269e-01
4.153169877170704294e-01
8.240600616954345536e-01
8.253749535036533080e-01
8.846662506147495719e-01
9.164108972601648917e-01
5.346702161043248580e-01
-5.201936556141359969e-01
-1.261830085922457156e+00
-2.112461298110885455e+00
-1.395222666210237605e+00
1.715750040111512498e-01
2.446757544723150435e+00
4.792526696070024350e+00
5.079826135452192304e+00
5.618700316890211433e+00
3.538823403134556678e+00
-5.801340684887241750e-01
-4.543286419797720299e+00
-6.288578113192037300e+00
-5.892964777700138157e+00
-3.271028919888208097e+00
-2.645630990389717496e+00
-9.140655961448350686e-01
3.255540049428449656e+00
5.950717608345416743e+00
8.266085161159777428e+00
1.177247506074231964e+01
1.297320745042337542e+01
1.554443504269202414e+01
1.475993177001769929e+01
1.289201652433081868e+01
1.546373146039616664e+01
1.135463859138825704e+01
1.347594546823043871e+01
9.399320119265535567e+00
7.536237706022586913e+00
1.736460335866661486e+00
-4.425574897928023610e+00
-1.717872881119297901e+01
-2.861747831202141867e+01
-4.371808260917754296e+01
-6.460144592187046442e+01
-9.590391700975169442e+01
-1.294407092074518459e+02
-1.741840930919206585e+02
-2.215047022950166991e+02
-2.627676932652224195e+02
-3.170591148084975543e+02
-3.537950705284226842e+02
-3.986784341893487635e+02
-4.177873743641662259e+02
-4.310659464591265646e+02
-4.329718549349285013e+02
-4.324317018227977201e+02
-4.130464379692213015e+02
-3.973605814608404216e+02
-3.757230694399904110e+02
-3.552436653707204641e+02
-3.370346985635241595e+02
-3.158138705932394714e+02
-3.005699409431902609e+02
-2.904637152164257827e+02
-2.883445162400296340e+02
-2.834067659788759670e+02
-2.816858073420086157e+02
-2.865168946097886078e+02
-2.796799203836882839e+02
-2.810391341267818461e+02
-2.797488521234931227e+02
-2.942261409161687311e+02
-2.893361201089359724e+02
-2.946513810761215950e+02
-3.012869417219926049e+02
-3.174157959941203444e+02
-3.077233197813003471e+02
-3.119824002798317792e+02
-2.870253570002784613e+02
-2.624208575331574593e+02
-2.184137429685992515e+02
-1.419708219497702544e+02
-5.786550954361813126e+01
4.805432945164142922e+01
1.372344823338283391e+02
2.538312478638233074e+02
3.487815744773138817e+02
4.680176601441721687e+02
6.170166455453663730e+02
7.608569284946120206e+02
8.598133215258473001e+02
9.941757129997490665e+02
1.061910940577786960e+03
1.120191067174060436e+03
1.154136742689116318e+03
1.161662754996797275e+03
1.169987877598844761e+03
1.164483883503271500e+03
1.142821483845679268e+03
1.162931025747720469e+03
1.126290119738043586e+03
1.109110367773019107e+03
1.093896444176885780e+03
1.099464160250791338e+03
1.023594873368062281e+03
9.984673676958977921e+02
9.008275611942342493e+02
8.765605546172672575e+02
7.894053895116664989e+02
6.753225107762157222e+02
5.868206676283759862e+02
5.683991880732219215e+02
4.353266158630731866e+02
4.140144559317308222e+02
3.303506377849076898e+02
2.763826831031968823e+02
3.015881790807895868e+02
2.474349793215018565e+02
3.132167962385738065e+02
3.742319551700838360e+02
5.106542663750553857e+02
5.949162167686574776e+02
6.861764896189216643e+02
7.964392502625336192e+02
1.022734750495669687e+03
9.567557011287289015e+02
1.083533130947644622e+03
9.879040859624931272e+02
1.068523194398074793e+03
1.046003752257875476e+03
1.007952810908983224e+03
9.078207545676983727e+02
8.757428460763552494e+02
9.506568984742149269e+02
8.636557223979679065e+02
8.580200156543724006e+02
8.011764079055902812e+02
7.656766553489819671e+02
6.564402064701100699e+02
5.789610971980024487e+02
4.289256308340814599e+02
2.941430984624076359e+02
4.004770256201148300e+02
4.638597232908285832e+02
6.666291783468660697e+02
1.119690924267885975e+03
2.221541736322161341e+03
3.711525310845005606e+03
5.731956330015461390e+03
7.519079506063274493e+03
8.981865773398791134e+03
9.732953875258670450e+03
1.034463893370740698e+04
1.006808733126759580e+04
9.590936084847429811e+03
8.742741794607769407e+03
7.078292857478970291e+03
5.669004610872196281e+03
3.638107278654802485e+03
2.174515856921324939e+03
6.910890060841135210e+02
-6.100315145082006438e+02
-2.042913049891118590e+03
-3.175822868383172590e+03
-3.734478933680329646e+03
-4.094755754363209235e+03
-3.892893694039280945e+03
-3.559687517362591279e+03
-3.424304586838287833e+03
-3.272789554673210660e+03
-3.222636097676013833e+03
-1.890842269192773074e+03
-4.590679884480609871e+03
-5.541641257545575172e+03
-7.285789714973919217e+03
-8.352751290854648687e+03
-8.555593954656849746e+03
-8.493085984458557505e+03
-7.864807517599666426e+03
-6.874793341620965293e+03
-6.304072900421278973e+03
-5.626004228644852446e+03
-5.166601257088171224e+03
-5.047210781768477318e+03
-4.702193690232292283e+03
-4.598134740025700012e+03
-4.194226358277799591e+03
