0.000000000000000000e+00
0.000000000000000000e+00
0.000000000000000000e+00
0.000000000000000000e+00
0.000000000000000000e+00
0.000000000000000000e+00
0.000000000000000000e+00
0.000000000000000000e+00
0.000000000000000000e+00
0.000000000000000000e+00
0.000000000000000000e+00
0.000000000000000000e+00
0.000000000000000000e+00
0.000000000000000000e+00
0.000000000000000000e+00
0.000000000000000000e+00
0.000000000000000000e+00
0.000000000000000000e+00
0.000000000000000000e+00
0.000000000000000000e+00
0.000000000000000000e+00
0.000000000000000000e+00
0.000000000000000000e+00
0.000000000000000000e+00
0.000000000000000000e+00
0.000000000000000000e+00
0.000000000000000000e+00
0.000000000000000000e+00
-2.230454487128637892e-02
-2.379151452937213612e-02
-2.532645095062194956e-02
-2.690935413503582271e-02
-2.854022408261375210e-02
-3.303139102259886051e-02
-3.491889908103307932e-02
-3.685883791886825078e-02
-3.885120753610437488e-02
-4.089600793274144469e-02
-3.893280877263131934e-02
-4.087944921126288739e-02
-4.287356868498302942e-02
-4.491516719379173850e-02
-4.700424473768903544e-02
-4.650616281553567738e-02
-4.857310338511503650e-02
-5.068497744533742577e-02
-5.284178499620285213e-02
-5.504352603771130170e-02
-5.471706382435957694e-02
-5.690574637733395585e-02
-5.913734427448431169e-02
-6.141185751581063057e-02
-6.372928610131292637e-02
-6.465395075914473488e-02
-6.700500351402272070e-02
-6.939803935380925437e-02
-7.183305827850430814e-02
-7.431006028810790975e-02
-7.127817830105963315e-02
-7.365411757776162138e-02
-7.606900667867183552e-02
-7.852284560379028944e-02
-8.101563435311696926e-02
-7.830876670695398334e-02
-8.071826722101410612e-02
-8.316427531862059797e-02
-8.564679099977344501e-02
-8.816581426447266112e-02
-7.493541980640848477e-02
-7.707643180087729584e-02
-7.924759889385975253e-02
-8.144892108535585484e-02
-8.368039837536560277e-02
-7.418185276019240160e-02
-7.616003550046421267e-02
-7.816424696100274239e-02
-8.019448714180800464e-02
-8.225075604287999942e-02
-7.456006971217246648e-02
-7.642407145497677468e-02
-7.831108556497620721e-02
-8.022111204217075020e-02
-8.215415088656040365e-02
-7.974001703054334200e-02
-8.161625272537967324e-02
-8.351430511434197734e-02
-8.543417419743030983e-02
-8.737585997464464294e-02
-7.338558011903885403e-02
-7.501637078835082795e-02
-7.666508223424864377e-02
-7.833171445673231537e-02
-8.001626745580182887e-02
-7.068943124549094403e-02
-7.217762979802759549e-02
-7.368133041881984313e-02
-7.520053310786767309e-02
-7.673523786517108536e-02
-6.160315437661957605e-02
-6.283521746415196563e-02
-6.407947919611536869e-02
-6.533593957250979911e-02
-6.660459859333522914e-02
-6.788545625859167265e-02
-6.917851256827912965e-02
-7.048376752239760012e-02
-7.180122112094709796e-02
-5.256114132349925389e-02
-5.352556593493960901e-02
-5.449875804284760872e-02
-5.548071764722323912e-02
-5.647144474806650716e-02
-5.747093934537742671e-02
-5.847920143915597002e-02
-5.949623102940215791e-02
-6.052202811611599731e-02
-4.144642761250832280e-02
-4.214890943644914595e-02
-4.285729446899451400e-02
-4.357158271014442003e-02
-4.429177415989887096e-02
-4.501786881825787373e-02
-4.574986668522141448e-02
-4.648776776078949319e-02
-4.723157204496213069e-02
-3.039875003085752356e-02
-3.087747050378441757e-02
-3.135993098040604915e-02
-3.184613146072241829e-02
-3.233607194473353541e-02
-3.282975243243938662e-02
-3.332717292383998581e-02
-3.382833341893532603e-02
-3.433323391772540728e-02
-1.160594984672221573e-02
-1.177662557976224926e-02
-1.194854712107264530e-02
-1.212171447065340905e-02
-1.229612762850453705e-02
-1.247178659462603104e-02
-1.264869136901788926e-02
-1.282684195168011347e-02
-1.300623834261270192e-02
-1.118661151276561030e-02
-1.134090960259685928e-02
-1.149626452865983028e-02
-1.165267629095452159e-02
-1.181014488948093494e-02
-1.196867032423906858e-02
-1.212825259522892253e-02
-1.228889170245049851e-02
-1.245058764590379306e-02
-7.258915883868062406e-03
-7.353187518723491856e-03
-7.448067357674763127e-03
-7.543555400721876220e-03
-7.639651647864829399e-03
-7.736356099103624401e-03
-7.833668754438262091e-03
-7.931589613868739869e-03
-8.030118677395059468e-03
-1.657231544821681859e-04
-1.677565674205997077e-04
-1.698023792184118652e-04
-1.718605898756047669e-04
-1.739311993921783042e-04
-1.760142077681325586e-04
-1.781096150034674488e-04
-1.802174210981830559e-04
-1.823376260522793259e-04
1.405603839971033067e-02
1.421948070668370596e-02
1.438386776687658117e-02
1.454919958028895802e-02
1.471547614692082957e-02
1.488269746677220451e-02
1.505086353984307589e-02
1.521997436613344891e-02
1.539002994564332011e-02
1.777762017547698456e-02
1.797405796747120546e-02
1.817157508799286877e-02
1.837017153704197103e-02
1.856984731461851224e-02
1.877060242072249932e-02
1.897243685535392188e-02
1.917535061851278685e-02
1.937934371019909424e-02
3.550830528435233030e-02
3.588207691892446316e-02
3.625780547304932599e-02
3.663549094672692574e-02
3.701513333995725546e-02
3.739673265274031516e-02
3.778028888507611871e-02
3.816580203696464529e-02
3.855327210840591573e-02
2.442388982971740313e-02
2.466935605916180038e-02
2.491604961975341787e-02
2.516397051149225905e-02
2.541311873437832047e-02
2.566349428841160213e-02
2.591509717359211096e-02
2.616792738991983655e-02
2.642198493739478585e-02
4.365961739179605866e-02
4.407942140517871754e-02
4.450123405020435519e-02
4.492505532687295772e-02
4.535088523518455983e-02
4.577872377513912683e-02
4.620857094673667953e-02
4.664042674997720406e-02
4.707429118486071429e-02
5.612174126177341821e-02
5.663899233331050331e-02
5.715861611618491128e-02
5.768061261039664905e-02
5.820498181594570969e-02
5.873172373283209319e-02
5.926083836105580649e-02
5.979232570061684959e-02
6.032618575151520862e-02
8.792991202556517394e-02
8.870805283995070178e-02
8.948962158743924145e-02
9.027461826803082068e-02
9.106304288172541173e-02
9.185489542852302847e-02
9.265017590842365702e-02
9.344888432142731127e-02
9.425102066753397734e-02
1.074749388337053330e-01
1.083896191642049478e-01
1.093081752588168504e-01
1.102306071175410546e-01
1.111569147403775326e-01
1.120870981273262845e-01
1.130211572783873381e-01
1.139590921935606793e-01
1.149009028728463083e-01
1.406764095433594708e-01
1.418294948674853340e-01
1.429872866623219663e-01
1.441497849278693122e-01
1.453169896641273440e-01
1.464889008710961171e-01
1.476655185487756039e-01
1.488468426971658043e-01
1.500328733162667461e-01
1.889229840487161305e-01
1.904164463732118950e-01
1.919157884706387818e-01
1.934210103409967352e-01
1.949321119842857553e-01
1.964490934005058698e-01
1.979719545896570787e-01
1.995006955517393821e-01
2.010353162867527521e-01
2.356823555122688485e-01
2.374814574627441832e-01
2.392874001050464272e-01
2.411001834391755805e-01
2.429198074651316153e-01
2.447462721829145593e-01
2.465795775925244127e-01
2.484197236939611475e-01
2.502667104872247639e-01
2.701986624505400836e-01
2.721927485202857988e-01
2.741941657888172790e-01
2.762029142561346351e-01
2.782189939222378117e-01
2.802424047871268087e-01
2.822731468508016262e-01
2.843112201132623196e-01
2.863566245745087779e-01
2.402357184856322991e-01
2.419516879033868084e-01
2.436737639738735250e-01
2.454019466970925323e-01
2.471362360730436913e-01
2.488766321017270855e-01
2.506231347831426870e-01
2.523757441172905791e-01
2.541344601041706786e-01
1.534065638186326297e-01
1.544682009384847343e-01
1.555334988759915216e-01
1.566024576311529914e-01
1.576750772039690884e-01
1.587513575944398680e-01
1.598312988025653303e-01
1.609149008283454196e-01
1.620021636717801916e-01
2.618218757570279359e-02
2.635790695540549816e-02
2.653421402534131973e-02
2.671110878551026177e-02
2.688859123591232428e-02
2.706666137654750379e-02
2.724531920741580376e-02
2.742456472851722768e-02
2.760439793985176513e-02
-2.121788411453955636e-01
-2.135611137261473336e-01
-2.149478742048885338e-01
-2.163391225816192198e-01
-2.177348588563393361e-01
-2.191350830290489105e-01
-2.205397950997479428e-01
-2.219489950684364332e-01
-2.233626829351143539e-01
-2.953406181439616196e-01
-2.972098625625942958e-01
-2.990850036513172938e-01
-3.009660414101306136e-01
-3.028529758390342552e-01
-3.047458069380282186e-01
-3.066445347071125038e-01
-3.085491591462871108e-01
-3.104596802555520396e-01
-2.414589510629155666e-01
-2.429448523002258054e-01
-2.444353115167916257e-01
-2.459303287126129722e-01
-2.474299038876898726e-01
-2.489340370420223547e-01
-2.504427281756103629e-01
-2.519559772884539250e-01
-2.534737843805530688e-01
-5.041455699795997086e-02
-5.071644057279805357e-02
-5.101922529263565320e-02
-5.132291115747276977e-02
-5.162749816730940328e-02
-5.193298632214555371e-02
-5.223937562198122109e-02
-5.254666606681640539e-02
-5.285485765665110663e-02
2.287755660927948409e-01
2.301095344082046967e-01
2.314473805384849592e-01
2.327891044836356005e-01
2.341347062436566207e-01
2.354841858185480197e-01
2.368375432083097698e-01
2.381947784129419265e-01
2.395558914324444622e-01
7.073117196812770402e-01
7.113305362703752355e-01
7.153607376090175274e-01
7.194023236972041380e-01
7.234552945349348452e-01
7.275196501222097600e-01
7.315953904590288825e-01
7.356825155453921017e-01
7.397810253812996395e-01
1.035496413503816049e+00
1.041233235739294383e+00
1.046985905550008811e+00
1.052754422935959333e+00
1.058538787897145728e+00
1.064339000433568438e+00
1.070155060545227244e+00
1.075986968232122365e+00
1.081834723494253359e+00
8.725979318708011467e-01
8.773146774484811283e-01
8.820441366261010385e-01
8.867863094036607663e-01
8.915411957811602006e-01
8.963087957585995635e-01
9.010891093359787440e-01
9.058821365132977421e-01
9.106878772905566688e-01
7.914971807106667701e-01
7.956739468357889589e-01
7.998617044507141394e-01
8.040604535554423116e-01
8.082701941499734755e-01
8.124909262343076310e-01
8.167226498084445563e-01
8.209653648723844732e-01
8.252190714261273818e-01
3.178511066773797578e-01
3.194895144437580048e-01
3.211321340552940051e-01
3.227789655119878143e-01
3.244300088138394322e-01
3.260852639608488035e-01
3.277447309530159836e-01
3.294084097903409725e-01
3.310763004728236591e-01
-1.283084926813207460e-01
-1.289548830726624240e-01
-1.296028975604647249e-01
-1.302525361447277041e-01
-1.309037988254513618e-01
-1.315566856026356701e-01
-1.322111964762806013e-01
-1.328673314463862110e-01
-1.335250905129524990e-01
-5.019502850785114711e-01
-5.044229465813613311e-01
-5.069016834195989585e-01
-5.093864955932244643e-01
-5.118773831022377374e-01
-5.143743459466390000e-01
-5.168773841264279190e-01
-5.193864976416047163e-01
-5.219016864921693921e-01
-6.686953646187099309e-01
-6.719179928819327685e-01
-6.751483678477112615e-01
-6.783864895160455211e-01
-6.816323578869357691e-01
-6.848859729603817836e-01
-6.881473347363835646e-01
-6.914164432149412232e-01
-6.946932983960546482e-01
-8.424052525777333544e-01
-8.463788622597038236e-01
-8.503618216115140793e-01
-8.543541306331644547e-01
-8.583557893246547277e-01
-8.623667976859847872e-01
-8.663871557171548554e-01
-8.704168634181649322e-01
-8.744559207890149066e-01
-6.370427047120936770e-01
-6.399851652419416004e-01
-6.429344056347616743e-01
-6.458904258905536766e-01
-6.488532260093176074e-01
-6.518228059910536887e-01
-6.547991658357616984e-01
-6.577823055434417476e-01
-6.607722251140937253e-01
-4.859215139333165623e-01
-4.881202538153677772e-01
-4.903239569928637964e-01
-4.925326234658046198e-01
-4.947462532341902475e-01
-4.969648462980206793e-01
-4.991884026572959709e-01
-5.014169223120160668e-01
-5.036504052621809668e-01
-3.023907101238569317e-01
-3.037316888827210626e-01
-3.050756344087507954e-01
-3.064225467019461302e-01
-3.077724257623071780e-01
-3.091252715898337722e-01
-3.104810841845260239e-01
-3.118398635463838775e-01
-3.132016096754074441e-01
8.517485218865045171e-02
8.554517763294892940e-02
8.591630638623720673e-02
8.628823844851529756e-02
8.666097381978317415e-02
8.703451250004086426e-02
8.740885448928835399e-02
8.778399978752564337e-02
8.815994839475273237e-02
5.077028977788158315e-01
5.098679421190239758e-01
5.120375929365517109e-01
5.142118502313991479e-01
5.163907140035660648e-01
5.185741842530525725e-01
5.207622609798586710e-01
5.229549441839844715e-01
5.251522338654297517e-01
1.151813629971932595e+00
1.156632933863028345e+00
1.161462298931350112e+00
1.166301725176897452e+00
1.171151212599670366e+00
1.176010761199669075e+00
1.180880370976893134e+00
1.185760041931343212e+00
1.190649774063018862e+00
1.753414594806486759e+00
1.760615476099326671e+00
1.767831113296455037e+00
1.775061506397871858e+00
1.782306655403577578e+00
1.789566560313571753e+00
1.796841221127854604e+00
1.804130637846425911e+00
1.811434810469285894e+00
1.940350794590353978e+00
1.948174789729831380e+00
1.956014527314257068e+00
1.963870007343631707e+00
1.971741229817954633e+00
1.979628194737226510e+00
1.987530902101446895e+00
1.995449351910616231e+00
2.003383544164734076e+00
2.190458208286166109e+00
2.199133290299180477e+00
2.207825516743050720e+00
2.216534887617776839e+00
2.225261402923358833e+00
2.234005062659796259e+00
2.242765866827089560e+00
2.251543815425238737e+00
2.260338908454243345e+00
2.385045169976065971e+00
2.394325501376751042e+00
2.403623852838407959e+00
2.412940224361037611e+00
2.422274615944639109e+00
2.431627027589213341e+00
2.440997459294759420e+00
2.450385911061277344e+00
2.459792382888768003e+00
1.957978543138886751e+00
1.965466032787601236e+00
1.972967811538699046e+00
1.980483879392179736e+00
1.988014236348043751e+00
1.995558882406290646e+00
2.003117817566920422e+00
2.010691041829933301e+00
2.018278555195329282e+00
1.871830605315804918e+00
1.878867562478646391e+00
1.885917722187759438e+00
1.892981084443144280e+00
1.900057649244800917e+00
1.907147416592729350e+00
1.914250386486929356e+00
1.921366558927401158e+00
1.928495933914144977e+00
1.333664123559993975e+00
1.338594490005687199e+00
1.343533953068438702e+00
1.348482512748248707e+00
1.353440169045117436e+00
1.358406921959044444e+00
1.363382771490029954e+00
1.368367717638073966e+00
1.373361760403176257e+00
1.172685166913724819e+00
1.176949476611593104e+00
1.181221525528513450e+00
1.185501313664486522e+00
1.189788841019511656e+00
1.194084107593589295e+00
1.198387113386719438e+00
1.202697858398901865e+00
1.207016342630136574e+00
6.123870432411323561e-01
6.145780523403849838e-01
6.167729739558863722e-01
6.189718080876364104e-01
6.211745547356350983e-01
6.233812138998825469e-01
6.255917855803785343e-01
6.278062697771231715e-01
6.300246664901165694e-01
-3.623518891286383048e-01
-3.636277760621898780e-01
-3.649059053277863285e-01
-3.661862769254277117e-01
-3.674688908551139166e-01
-3.687537471168451098e-01
-3.700408457106211801e-01
-3.713301866364421833e-01
-3.726217698943080636e-01
-3.922571320520710780e-01
-3.936167754907263783e-01
-3.949787712536700912e-01
-3.963431193409021058e-01
-3.977098197524224776e-01
-3.990788724882311511e-01
-4.004502775483281818e-01
-4.018240349327135141e-01
-4.032001446413872037e-01
-1.218351623492083258e+00
-1.222509820159291882e+00
-1.226675100636836158e+00
-1.230847464924716528e+00
-1.235026913022932993e+00
-1.239213444931485331e+00
-1.243407060650373541e+00
-1.247607760179597847e+00
-1.251815543519158025e+00
-2.745995134843592034e+00
-2.755225370590965728e+00
-2.764471093311069438e+00
-2.773732303003904054e+00
-2.783008999669468686e+00
-2.792301183307764223e+00
-2.801608853918789777e+00
-2.810932011502546679e+00
-2.820270656059033154e+00
-4.186857245283048812e+00
-4.200721010995906113e+00
-4.214607692023991881e+00
-4.228517288367305227e+00
-4.242449800025847040e+00
-4.256405226999615543e+00
-4.270383569288613401e+00
-4.284384826892837950e+00
-4.298408999812290965e+00
-6.540234017728346672e+00
-6.561572464768242519e+00
-6.582945664979214406e+00
-6.604353618361260558e+00
-6.625796324914381863e+00
-6.647273784638577432e+00
-6.668785997533848153e+00
-6.690332963600193139e+00
-6.711914682837613277e+00
-1.018100763296125244e+01
-1.021374399190968063e+01
-1.024653289718066063e+01
-1.027937434877418710e+01
-1.031226834669026537e+01
-1.034521489092889190e+01
-1.037821398149006846e+01
-1.041126561837379505e+01
-1.044436980158007167e+01
-1.508326015306633039e+01
-1.513106763374165986e+01
-1.517895075916489311e+01
-1.522690952933602837e+01
-1.527494394425507096e+01
-1.532305400392201555e+01
-1.537123970833686393e+01
-1.541950105749961786e+01
-1.546783805141027557e+01
-2.155303832101414940e+01
-2.162039156576732069e+01
-2.168784988578531170e+01
-2.175541328106813310e+01
-2.182308175161577779e+01
-2.189085529742825287e+01
-2.195873391850554412e+01
-2.202671761484766932e+01
-2.209480638645461781e+01
-2.840375304903009734e+01
-2.849128387506717175e+01
-2.857894936391353014e+01
-2.866674951556917961e+01
-2.875468433003411661e+01
-2.884275380730833760e+01
-2.893095794739184967e+01
-2.901929675028464928e+01
-2.910777021598673642e+01
-3.469996013369117094e+01
-3.480543113713704173e+01
-3.491106218762911340e+01
-3.501685328516737883e+01
-3.512280442975185224e+01
-3.522891562138251942e+01
-3.533518686005939458e+01
-3.544161814578246350e+01
-3.554820947855173330e+01
-3.851145169675100277e+01
-3.862692831353286493e+01
-3.874257779950151814e+01
-3.885840015465698372e+01
-3.897439537899924034e+01
-3.909056347252830221e+01
-3.920690443524416224e+01
-3.932341826714682043e+01
-3.944010496823627676e+01
-4.055101910940267373e+01
-4.067099253872043363e+01
-4.079114318137543904e+01
-4.091147103736769708e+01
-4.103197610669720063e+01
-4.115265838936396392e+01
-4.127351788536796562e+01
-4.139455459470921994e+01
-4.151576851738772689e+01
-4.116124551654222330e+01
-4.128142433556862301e+01
-4.140177834237785959e+01
-4.152230753696993304e+01
-4.164301191934485047e+01
-4.176389148950259766e+01
-4.188494624744318884e+01
-4.200617619316660978e+01
-4.212758132667287470e+01
-4.215784598225633317e+01
-4.227933833379021422e+01
-4.240100549446299283e+01
-4.252284746427466899e+01
-4.264486424322524272e+01
-4.276705583131471400e+01
-4.288942222854307573e+01
-4.301196343491034213e+01
-4.313467945041650609e+01
-4.274328099960134608e+01
-4.286488350600134822e+01
-4.298665874323430813e+01
-4.310860671130021871e+01
-4.323072741019908705e+01
-4.335302083993091316e+01
-4.347548700049568282e+01
-4.359812589189341736e+01
-4.372093751412410256e+01
-4.348708614770720260e+01
-4.360924088407716681e+01
-4.373156694546307222e+01
-4.385406433186493302e+01
-4.397673304328273503e+01
-4.409957307971649243e+01
-4.422258444116619103e+01
-4.434576712763183082e+01
-4.446912113911342601e+01
-4.478724053561053609e+01
-4.491147698647214526e+01
-4.503588550998037476e+01
-4.516046610613523882e+01
-4.528521877493671610e+01
-4.541014351638481372e+01
-4.553524033047953878e+01
-4.566050921722088418e+01
-4.578595017660885702e+01
-4.495142678181661466e+01
-4.507458137573939894e+01
-4.519790444379887617e+01
-4.532139598599504637e+01
-4.544505600232790954e+01
-4.556888449279747988e+01
-4.569288145740372897e+01
-4.581704689614667103e+01
-4.594138080902630605e+01
-4.393493352008137975e+01
-4.405383726438471115e+01
-4.417290168942358264e+01
-4.429212679519800844e+01
-4.441151258170797433e+01
-4.453105904895348743e+01
-4.465076619693454774e+01
-4.477063402565114814e+01
-4.489066253510329574e+01
-4.215696580801938609e+01
-4.226968496793386976e+01
-4.238255462071874291e+01
-4.249557476637399134e+01
-4.260874540489962214e+01
-4.272206653629562823e+01
-4.283553816056202379e+01
-4.294916027769878752e+01
-4.306293288770594074e+01
-3.987203637426312497e+01
-3.997737861039063745e+01
-4.008285982044444040e+01
-4.018848000442452673e+01
-4.029423916233091063e+01
-4.040013729416358501e+01
-4.050617439992254276e+01
-4.061235047960779099e+01
-4.071866553321932969e+01
-3.783363950920216467e+01
-3.793242185779016040e+01
-3.803133299692390068e+01
-3.813037292660339261e+01
-3.822954164682862910e+01
-3.832883915759961013e+01
-3.842826545891634282e+01
-3.852782055077882006e+01
-3.862750443318704896e+01
-3.433302959984072089e+01
-3.442163096654999066e+01
-3.451034651027821099e+01
-3.459917623102538897e+01
-3.468812012879151752e+01
-3.477717820357661083e+01
-3.486635045538064759e+01
-3.495563688420364912e+01
-3.504503749004560120e+01
-3.248822391059403714e+01
-3.257110203281494165e+01
-3.265408573226160627e+01
-3.273717500893402388e+01
-3.282036986283220159e+01
-3.290367029395614651e+01
-3.298707630230584442e+01
-3.307058788788130244e+01
-3.315420505068252055e+01
-3.129931244406194324e+01
-3.137825144139879541e+01
-3.145728985812776202e+01
-3.153642769424883596e+01
-3.161566494976202790e+01
-3.169500162466732363e+01
-3.177443771896473734e+01
-3.185397323265426195e+01
-3.193360816573589389e+01
-2.996217018192343673e+01
-3.003688881080604034e+01
-3.011170048903967711e+01
-3.018660521662435414e+01
-3.026160299356006433e+01
-3.033669381984681479e+01
-3.041187769548460196e+01
-3.048715462047342228e+01
-3.056252459481328643e+01
-2.886578162137868375e+01
-2.893696727272610403e+01
-2.900824059113183395e+01
-2.907960157659586997e+01
-2.915105022911822275e+01
-2.922258654869887806e+01
-2.929421053533784303e+01
-2.936592218903512475e+01
-2.943772150979070901e+01
-2.834239414274643920e+01
-2.841152193333850562e+01
-2.848073392343189880e+01
-2.855003011302662230e+01
-2.861941050212267967e+01
-2.868887509072006381e+01
-2.875842387881877826e+01
-2.882805686641882659e+01
-2.889777405352020168e+01
-2.751977784254392745e+01
-2.758617055145235852e+01
-2.765264325157633607e+01
-2.771919594291587075e+01
-2.778582862547095900e+01
-2.785254129924159372e+01
-2.791933396422778557e+01
-2.798620662042952745e+01
-2.805315926784682290e+01
-2.694841192303715260e+01
-2.701272794194655091e+01
-2.707712061880458521e+01
-2.714158995361126259e+01
-2.720613594636657950e+01
-2.727075859707054306e+01
-2.733545790572313905e+01
-2.740023387232437813e+01
-2.746508649687426029e+01
-2.678179526581910253e+01
-2.684503445180686754e+01
-2.690834821230641083e+01
-2.697173654731773595e+01
-2.703519945684083581e+01
-2.709873694087571394e+01
-2.716234899942237035e+01
-2.722603563248080505e+01
-2.728979684005101802e+01
-2.705800001334433702e+01
-2.712121963954373527e+01
-2.718451303426845911e+01
-2.724788019751850143e+01
-2.731132112929386579e+01
-2.737483582959454864e+01
-2.743842429842055353e+01
-2.750208653577187690e+01
-2.756582254164851875e+01
-2.719950990980470706e+01
-2.726239895005858926e+01
-2.732536061045133735e+01
-2.738839489098294067e+01
-2.745150179165340987e+01
-2.751468131246273785e+01
-2.757793345341093172e+01
-2.764125821449798082e+01
-2.770465559572389225e+01
-2.783331847805669668e+01
-2.789701028235430869e+01
-2.796077487728540589e+01
-2.802461226284998475e+01
-2.808852243904804524e+01
-2.815250540587959094e+01
-2.821656116334461828e+01
-2.828068971144313082e+01
-2.834489105017512145e+01
-2.878919397131298652e+01
-2.885440165867722939e+01
-2.891968311039369155e+01
-2.898503832646238010e+01
-2.905046730688328793e+01
-2.911597005165641860e+01
-2.918154656078177211e+01
-2.924719683425934491e+01
-2.931292087208914410e+01
-2.912674080895601136e+01
-2.919204740269806564e+01
-2.925742712812404278e+01
-2.932287998523393924e+01
-2.938840597402775501e+01
-2.945400509450549720e+01
-2.951967734666716225e+01
-2.958542273051274663e+01
-2.965124124604225031e+01
-2.766865349082083370e+01
-2.773007114562842901e+01
-2.779155689096241844e+01
-2.785311072682279843e+01
-2.791473265320957609e+01
-2.797642267012274431e+01
-2.803818077756230664e+01
-2.810000697552827020e+01
-2.816190126402062077e+01
-2.690891568734446082e+01
-2.696805616138258088e+01
-2.702726155361393623e+01
-2.708653186403853041e+01
-2.714586709265635633e+01
-2.720526723946742109e+01
-2.726473230447172114e+01
-2.732426228766925647e+01
-2.738385718906003063e+01
-2.388658401658906527e+01
-2.393856787734334191e+01
-2.399060824229408695e+01
-2.404270511144130751e+01
-2.409485848478500003e+01
-2.414706836232516096e+01
-2.419933474406179386e+01
-2.425165762999490227e+01
-2.430403702012447908e+01
-2.241331947046341355e+01
-2.246162403828768817e+01
-2.250998060241747822e+01
-2.255838916285278373e+01
-2.260684971959360823e+01
-2.265536227263994462e+01
-2.270392682199180001e+01
-2.275254336764917085e+01
-2.280121190961205357e+01
-1.729896440354412235e+01
-1.733588855381849925e+01
-1.737285206885862010e+01
-1.740985494866449557e+01
-1.744689719323612564e+01
-1.748397880257350323e+01
-1.752109977667663188e+01
-1.755826011554550803e+01
-1.759545981918013879e+01
-1.465098722422193056e+01
-1.468196182723297127e+01
-1.471296913837813136e+01
-1.474400915765740905e+01
-1.477508188507080611e+01
-1.480618732061832432e+01
-1.483732546429996013e+01
-1.486849631611571709e+01
-1.489969987606559343e+01
-7.478287993047201709e+00
-7.493949329158295036e+00
-7.509627047420132762e+00
-7.525321147832713109e+00
-7.541031630396038743e+00
-7.556758495110106999e+00
-7.572501741974920542e+00
-7.588261370990476706e+00
-7.604037382156777269e+00
-3.792987114867183873e+00
-3.800856382740352313e+00
-3.808733805295254626e+00
-3.816619382531890814e+00
-3.824513114450260876e+00
-3.832415001050364811e+00
-3.840325042332202621e+00
-3.848243238295773860e+00
-3.856169588941079418e+00
6.879819792402658507e+00
6.893961251379848498e+00
6.908117229308760265e+00
6.922287726189392920e+00
6.936472742021748239e+00
6.950672276805825334e+00
6.964886330541624204e+00
6.979114903229145739e+00
6.993357994868389049e+00
1.703772585931360339e+01
1.707242591198023263e+01
1.710716126480216559e+01
1.714193191777940584e+01
1.717673787091195337e+01
1.721157912419980462e+01
1.724645567764296672e+01
1.728136753124143254e+01
1.731631468499520921e+01
3.304643923364225344e+01
3.311313235015818179e+01
3.317989269763834415e+01
3.324672027608272629e+01
3.331361508549134953e+01
3.338057712586419257e+01
3.344760639720126960e+01
3.351470289950258064e+01
3.358186663276811146e+01
4.596805810917240365e+01
4.605999422539075283e+01
4.615202218588104444e+01
4.624414199064328557e+01
4.633635363967746912e+01
4.642865713298359509e+01
4.652105247056167769e+01
4.661353965241170272e+01
4.670611867853367016e+01
5.763075518037230438e+01
5.774498859004599183e+01
5.785933510210549002e+01
5.797379471655079897e+01
5.808836743338193287e+01
5.820305325259887042e+01
5.831785217420163292e+01
5.843276419819020617e+01
5.854778932456459728e+01
6.898208760352584079e+01
6.911761233359172252e+01
6.925327006142997277e+01
6.938906078704061997e+01
6.952498451042364991e+01
6.966104123157907679e+01
6.979723095050690063e+01
6.993355366720710720e+01
7.007000938167971071e+01
8.226420945621559611e+01
8.242441239576031364e+01
8.258477117474039630e+01
8.274528579315582988e+01
8.290595625100661437e+01
8.306678254829274977e+01
8.322776468501425029e+01
8.338890266117110173e+01
8.355019647676330408e+01
9.319574528537390279e+01
9.337565985156187764e+01
9.355574791299208925e+01
9.373600946966452341e+01
9.391644452157918010e+01
9.409705306873605934e+01
9.427783511113517534e+01
9.445879064877649967e+01
9.463991968166006075e+01
9.565501393881010017e+01
9.583808573582217605e+01
9.602133255367269271e+01
9.620475439236166437e+01
9.638835125188907682e+01
9.657212313225491584e+01
9.675607003345920987e+01
9.694019195550195889e+01
9.712448889838313448e+01
9.852446640516762955e+01
9.871141985185676049e+01
9.889855050560434790e+01
9.908585836641042022e+01
9.927334343427496322e+01
9.946100570919797690e+01
9.964884519117946127e+01
9.983686188021943053e+01
1.000250557763178705e+02
1.016725763611371463e+02
1.018638700137451281e+02
1.020553434536205799e+02
1.022469966807635302e+02
1.024388296951739790e+02
1.026308424968518977e+02
1.028230350857973150e+02
1.030154074620102165e+02
1.032079596254906164e+02
1.084485269274885439e+02
1.086508562687711645e+02
1.088533741742115524e+02
1.090560806438097217e+02
1.092589756775656440e+02
1.094620592754793336e+02
1.096653314375507904e+02
1.098687921637800144e+02
1.100724414541670058e+02
1.093544713814500540e+02
1.095567923275766873e+02
1.097593002616387565e+02
1.099619951836362333e+02
1.101648770935691601e+02
1.103679459914374803e+02
1.105712018772412364e+02
1.107746447509804142e+02
1.109782746126549995e+02
1.074867584760241925e+02
1.076839818860719475e+02
1.078813860691811612e+02
1.080789710253518052e+02
1.082767367545839363e+02
1.084746832568775119e+02
1.086728105322325320e+02
1.088711185806490107e+02
1.090696074021269482e+02
1.089945404028786271e+02
1.091928926147128038e+02
1.093914251467395502e+02
1.095901379989588804e+02
1.097890311713707803e+02
1.099881046639752640e+02
1.101873584767723173e+02
1.103867926097619545e+02
1.105864070629441613e+02
1.089919394033469047e+02
1.091886757560605332e+02
1.093855895085511634e+02
1.095826806608188235e+02
1.097799492128634995e+02
1.099773951646852055e+02
1.101750185162839131e+02
1.103728192676596507e+02
1.105707974188124041e+02
1.091963509795565272e+02
1.093918681702092641e+02
1.095875602420701114e+02
1.097834271951390406e+02
1.099794690294160802e+02
1.101756857449012017e+02
1.103720773415944336e+02
1.105686438194957617e+02
1.107653851786051860e+02
1.132136022088191396e+02
1.134146920884085148e+02
1.136159603973497951e+02
1.138174071356429664e+02
1.140190323032880428e+02
1.142208359002850102e+02
1.144228179266338827e+02
1.146249783823346462e+02
1.148273172673873148e+02
1.120568226061177342e+02
1.122542795622518668e+02
1.124519103361290604e+02
1.126497149277493435e+02
1.128476933371127018e+02
1.130458455642191353e+02
1.132441716090686299e+02
1.134426714716612281e+02
1.136413451519968731e+02
1.088470375357896813e+02
1.090373295594536387e+02
1.092277877770247443e+02
1.094184121885029697e+02
1.096092027938883291e+02
1.098001595931808225e+02
1.099912825863804358e+02
1.101825717734871972e+02
1.103740271545010643e+02
1.089473928495303454e+02
1.091363735830074262e+02
1.093255180779519833e+02
1.095148263343640167e+02
1.097042983522435406e+02
1.098939341315905409e+02
1.100837336724050317e+02
1.102736969746870130e+02
1.104638240384364707e+02
1.094542452028590560e+02
1.096426346094044391e+02
1.098311860016819992e+02
1.100198993796917648e+02
1.102087747434337217e+02
1.103978120929078841e+02
1.105870114281142378e+02
1.107763727490527828e+02
1.109658960557235332e+02
9.902535048653572858e+01
9.919448003476209408e+01
9.936375389147671910e+01
9.953317205667957523e+01
9.970273453037067668e+01
9.987244131255003765e+01
1.000422924032176297e+02
1.002122878023734813e+02
1.003824275100175782e+02
9.166501536355369240e+01
9.182037979637327396e+01
9.197587578248059970e+01
9.213150332187565539e+01
9.228726241455845525e+01
9.244315306052898507e+01
9.259917525978725905e+01
9.275532901233327721e+01
9.291161431816703953e+01
8.373614994471040518e+01
8.387700133233818178e+01
8.401797108247656354e+01
8.415905919512556466e+01
8.430026567028515672e+01
8.444159050795538235e+01
8.458303370813621314e+01
8.472459527082766328e+01
8.486627519602971859e+01
6.827247661772555887e+01
6.838645404112743620e+01
6.850052652493248218e+01
6.861469406914071101e+01
6.872895667375209428e+01
6.884331433876667461e+01
6.895776706418439517e+01
6.907231485000529858e+01
6.918695769622938485e+01
6.657817871891838024e+01
6.668849881621567022e+01
6.679891023809682338e+01
6.690941298456183972e+01
6.702000705561070504e+01
6.713069245124341933e+01
6.724146917145999680e+01
6.735233721626042325e+01
6.746329658564469867e+01
6.097064338409970929e+01
6.107092404756039628e+01
6.117128711090889936e+01
6.127173257414519725e+01
6.137226043726931124e+01
6.147287070028122713e+01
6.157356336318095202e+01
6.167433842596847882e+01
6.177519588864381461e+01
5.884158073220918084e+01
5.893764861911891728e+01
5.903379486482710092e+01
5.913001946933374597e+01
5.922632243263885243e+01
5.932270375474241320e+01
5.941916343564442826e+01
5.951570147534491184e+01
5.961231787384384972e+01
5.931192152222541125e+01
5.940805105467634206e+01
5.950425842480537852e+01
5.960054363261250643e+01
5.969690667809773288e+01
5.979334756126105788e+01
5.988986628210248142e+01
5.998646284062199641e+01
6.008313723681961704e+01
5.740662255938052994e+01
5.749899041546963474e+01
5.759143252224691878e+01
5.768394887971237495e+01
5.777653948786600324e+01
5.786920434670781077e+01
5.796194345623779753e+01
5.805475681645594932e+01
5.814764442736228034e+01
7.016894901303398058e+01
7.028103998589826062e+01
7.039322041684143016e+01
7.050549030586350341e+01
7.061784965296448036e+01
7.073029845814436101e+01
7.084283672140314536e+01
7.095546444274081921e+01
7.106818162215741097e+01
5.845461371627433778e+01
5.854732523683940570e+01
5.864011022136688922e+01
5.873296866985678122e+01
5.882590058230908170e+01
5.891890595872379777e+01
5.901198479910093653e+01
5.910513710344047666e+01
5.919836287174243949e+01
5.742459159223649579e+01
5.751502401994080316e+01
5.760552759825699098e+01
5.769610232718507348e+01
5.778674820672503643e+01
5.787746523687687983e+01
5.796825341764061079e+01
5.805911274901621510e+01
5.815004323100371408e+01
6.040565354924112995e+01
6.050011117793423665e+01
6.059464260164975258e+01
6.068924782038769905e+01
6.078392683414805475e+01
6.087867964293082679e+01
6.097350624673600805e+01
6.106840664556361276e+01
6.116338083941363379e+01
6.541009673457679696e+01
6.551166520776713753e+01
6.561331247729044946e+01
6.571503854314670434e+01
6.581684340533593058e+01
6.591872706385812819e+01
6.602068951871328295e+01
6.612273076990139486e+01
6.622485081742247814e+01
5.994890208329513115e+01
6.004134449205889013e+01
6.013385811993571650e+01
6.022644296692561028e+01
6.031909903302857145e+01
6.041182631824460003e+01
6.050462482257370311e+01
6.059749454601587360e+01
6.069043548857111148e+01
6.322519822012052515e+01
6.332202088201963619e+01
6.341891762399671961e+01
6.351588844605175410e+01
6.361293334818475387e+01
6.371005233039572602e+01
6.380724539268466344e+01
6.390451253505155904e+01
6.400185375749641992e+01
8.084452859528661861e+01
8.096748605322621017e+01
8.109053694388461508e+01
8.121368126726180492e+01
8.133691902335780810e+01
8.146025021217259621e+01
8.158367483370619766e+01
8.170719288795859825e+01
8.183080437492978376e+01
8.561393402568920408e+01
8.574326021001803610e+01
8.587268399901429916e+01
8.600220539267796482e+01
8.613182439100904730e+01
8.626154099400756081e+01
8.639135520167347693e+01
8.652126701400682407e+01
8.665127643100758803e+01
1.023616075813660444e+02
1.025151883879397303e+02
1.026688843225543479e+02
1.028226953852098546e+02
1.029766215759062788e+02
1.031306628946436064e+02
1.032848193414218514e+02
1.034390909162409997e+02
1.035934776191010656e+02
1.119668164100863521e+02
1.121336820083130164e+02
1.123006718549374483e+02
1.124677859499596906e+02
1.126350242933797006e+02
1.128023868851975067e+02
1.129698737254130805e+02
1.131374848140264504e+02
1.133052201510376165e+02
1.171366504144376250e+02
1.173100577429564026e+02
1.174835933313335659e+02
1.176572571795691005e+02
1.178310492876629780e+02
1.180049696556152696e+02
1.181790182834259042e+02
1.183531951710949244e+02
1.185275003186223017e+02
1.317878314313359169e+02
1.319816370657937341e+02
1.321755850996891013e+02
1.323696755330219617e+02
1.325639083657923720e+02
1.327582835980002756e+02
1.329528012296457007e+02
1.331474612607286474e+02
1.333422636912490873e+02
1.449871168135034623e+02
1.451989314472704393e+02
1.454109006902591545e+02
1.456230245424696079e+02
1.458353030039017710e+02
1.460477360745556723e+02
1.462603237544313117e+02
1.464730660435286609e+02
1.466859629418477198e+02
1.442073408158690881e+02
1.444166402945568564e+02
1.446260915495163317e+02
1.448356945807475142e+02
1.450454493882504039e+02
1.452553559720250007e+02
1.454654143320713047e+02
1.456756244683893442e+02
1.458859863809790625e+02
1.362704801639781067e+02
1.364669768909629397e+02
1.366636151861948747e+02
1.368603950496739117e+02
1.370573164814000506e+02
1.372543794813733200e+02
1.374515840495936914e+02
1.376489301860611647e+02
1.378464178907757400e+02
1.433173508073301150e+02
1.435226765248191327e+02
1.437281492184838498e+02
1.439337688883243231e+02
1.441395355343405242e+02
1.443454491565324247e+02
1.445515097549000814e+02
1.447577173294434374e+02
1.449640718801625212e+02
1.316944345648681747e+02
1.318818999521491264e+02
1.320694986718534665e+02
1.322572307239811948e+02
1.324450961085323115e+02
1.326330948255067881e+02
1.328212268749046814e+02
1.330094922567259630e+02
1.331978909709706045e+02
1.219728632805750124e+02
1.221453850108162840e+02
1.223180286645418278e+02
1.224907942417516296e+02
1.226636817424457035e+02
1.228366911666240497e+02
1.230098225142866539e+02
1.231830757854335445e+02
1.233564509800646931e+02
1.126711552950812916e+02
1.128295125056154831e+02
1.129879809220559679e+02
1.131465605444027034e+02
1.133052513726557180e+02
1.134640534068150117e+02
1.136229666468805846e+02
1.137819910928524223e+02
1.139411267447305534e+02
9.516749068935371270e+01
9.530040617914329459e+01
9.543341442224050297e+01
9.556651541864529520e+01
9.569970916835769970e+01
9.583299567137770225e+01
9.596637492770528866e+01
9.609984693734048733e+01
9.623341170028328406e+01
9.156767043952980600e+01
9.169475950329044167e+01
9.182193670093715809e+01
9.194920203246998369e+01
9.207655549788893268e+01
9.220399709719396242e+01
9.233152683038510133e+01
9.245914469746234943e+01
9.258685069842569249e+01
7.824877188460705213e+01
7.835670122513755587e+01
7.846470494839756782e+01
7.857278305438708799e+01
7.868093554310613058e+01
7.878916241455469560e+01
7.889746366873278305e+01
7.900583930564037871e+01
7.911428932527749680e+01
6.504497979112242945e+01
6.513414357424939283e+01
6.522336842846070226e+01
6.531265435375632933e+01
6.540200135013630245e+01
6.549140941760060741e+01
6.558087855614923001e+01
6.567040876578219866e+01
6.576000004649951336e+01
4.725488696875316919e+01
4.731926692375147070e+01
4.738369070445092746e+01
4.744815831085153945e+01
4.751266974295331380e+01
4.757722500075623628e+01
4.764182408426031401e+01
4.770646699346555408e+01
4.777115372837194940e+01
3.680723738960698910e+01
3.685707792771072633e+01
3.690695218742345673e+01
3.695686016874519453e+01
3.700680187167593260e+01
3.705677729621567096e+01
3.710678644236440960e+01
3.715682931012214851e+01
3.720690589948888771e+01
1.044375575423325841e+01
1.045781195309494649e+01
1.047187760467947015e+01
1.048595270898683651e+01
1.050003726601704024e+01
1.051413127577008311e+01
1.052823473824596512e+01
1.054234765344468627e+01
1.055647002136624657e+01
4.794072893109133204e+00
4.800486368551419858e+00
4.806904131076221276e+00
4.813326180683537459e+00
4.819752517373368406e+00
4.826183141145714117e+00
4.832618052000575481e+00
4.839057249937951610e+00
4.845500734957841615e+00
-2.921636878443283791e+01
-2.925522033866745275e+01
-2.929409770788827316e+01
-2.933300089209529915e+01
-2.937192989128852361e+01
-2.941088470546795364e+01
-2.944986533463357858e+01
-2.948887177878541266e+01
-2.952790403792344875e+01
-2.956696211204768687e+01
-2.960604600115812701e+01
-2.964515570525476562e+01
-2.968429122433760980e+01
-2.972345255840665956e+01
-2.976263970746190779e+01
-2.980185267150336159e+01
-2.984109145053101741e+01
-5.216512256276365633e+01
-5.223371575482514118e+01
-5.230235401468694079e+01
-5.237103734234903385e+01
-5.243976573781143458e+01
-5.250853920107413586e+01
-5.257735773213714481e+01
-5.264622133100045431e+01
-5.271512999766406438e+01
-5.278408373212798921e+01
-5.285308253439220749e+01
-5.292212640445673344e+01
-5.299121534232155284e+01
-5.306034934798668701e+01
-5.312952842145211463e+01
-5.319875256271784991e+01
-5.326802177178388575e+01
-5.975719856042823608e+01
-5.983490623085791782e+01
-5.991266439360108365e+01
-5.999047304865770514e+01
-6.006833219602780360e+01
-6.014624183571136484e+01
-6.022420196770839596e+01
-6.030221259201889694e+01
-6.038027370864286780e+01
-6.045838531758031564e+01
-6.053654741883122625e+01
-6.061476001239560674e+01
-6.069302309827345709e+01
-6.077133667646477733e+01
-6.084970074696956743e+01
-6.092811530978782741e+01
-6.100658036491955727e+01
-2.378620521656521802e+01
-2.381679840655436919e+01
-2.384741125797667394e+01
-2.387804377083213581e+01
-2.390869594512075125e+01
-2.393936778084252381e+01
-2.397005927799744995e+01
-2.400077043658553322e+01
-2.403150125660677006e+01
-2.406225173806116047e+01
-2.409302188094870445e+01
-2.412381168526940911e+01
-2.415462115102326379e+01
-2.418545027821027205e+01
-2.421629906683044098e+01
-2.424716751688375993e+01
-2.427805562837023601e+01
5.643834602104328013e+01
5.651015053252044140e+01
5.658200069212949046e+01
5.665389649987044152e+01
5.672583795574328747e+01
5.679782505974804252e+01
5.686985781188469247e+01
5.694193621215323731e+01
5.701406026055369125e+01
5.708622995708603298e+01
5.715844530175027671e+01
5.723070629454642244e+01
5.730301293547447017e+01
5.737536522453441279e+01
5.744776316172625030e+01
5.752020674704998981e+01
5.759269598050563133e+01
1.787739614647756525e+02
1.789989758907854593e+02
1.792241318353021597e+02
1.794494292983257822e+02
1.796748682798563550e+02
1.799004487798938214e+02
1.801261707984382383e+02
1.803520343354895772e+02
1.805780393910478381e+02
1.808041859651129926e+02
1.810304740576851259e+02
1.812569036687641528e+02
1.814834747983501018e+02
1.817101874464430011e+02
1.819370416130427941e+02
1.821640372981495091e+02
1.823911745017631745e+02
3.091954357201568655e+02
3.095804860759727717e+02
3.099657760399752533e+02
3.103513056121642535e+02
3.107370747925398291e+02
3.111230835811020370e+02
3.115093319778507635e+02
3.118958199827860653e+02
3.122825475959079427e+02
3.126695148172163385e+02
3.130567216467113667e+02
3.134441680843929134e+02
3.138318541302610925e+02
3.142197797843157900e+02
3.146079450465570631e+02
3.149963499169849115e+02
3.153849943955993353e+02
4.127667877302526449e+02
4.132754344187680431e+02
4.137843943133724451e+02
4.142936674140658511e+02
4.148032537208482040e+02
4.153131532337195040e+02
4.158233659526798647e+02
4.163338918777291724e+02
4.168447310088675408e+02
4.173558833460948563e+02
4.178673488894111188e+02
4.183791276388163851e+02
4.188912195943106553e+02
4.194036247558939294e+02
4.199163431235662074e+02
4.204293746973274324e+02
4.209427194771776044e+02
5.070896022900847129e+02
5.077080042440970260e+02
5.083267830426882483e+02
5.089459386858583798e+02
5.095654711736074773e+02
5.101853805059354272e+02
5.108056666828423431e+02
5.114263297043282250e+02
5.120473695703929025e+02
5.126687862810366596e+02
5.132905798362592122e+02
5.139127502360607878e+02
5.145352974804412725e+02
5.151582215694005527e+02
5.157815225029388557e+02
5.164052002810560680e+02
5.170292549037521894e+02
5.751060494669320633e+02
5.758002028157152381e+02
5.764947748335870301e+02
5.771897655205474393e+02
5.778851748765962384e+02
5.785810029017336547e+02
5.792772495959595744e+02
5.799739149592739977e+02
5.806709989916770382e+02
5.813685016931684686e+02
5.820664230637485161e+02
5.827647631034170672e+02
5.834635218121742355e+02
5.841626991900197936e+02
5.848622952369539689e+02
5.855623099529766478e+02
5.862627433380878301e+02
6.104545809154462859e+02
6.111839173323105570e+02
6.119136891739013890e+02
6.126438964402186684e+02
6.133745391312625088e+02
6.141056172470327965e+02
6.148371307875295315e+02
6.155690797527528275e+02
6.163014641427025708e+02
6.170342839573787614e+02
6.177675391967815131e+02
6.185012298609107120e+02
6.192353559497663582e+02
6.199699174633485654e+02
6.207049144016571063e+02
6.214403467646923218e+02
6.221762145524539847e+02
5.940949995349867550e+02
5.947976547680264048e+02
5.955007252819366386e+02
5.962042110767173426e+02
5.969081121523687443e+02
5.976124285088907300e+02
5.983171601462831859e+02
5.990223070645464531e+02
5.997278692636800770e+02
6.004338467436845121e+02
6.011402395045594176e+02
6.018470475463049070e+02
6.025542708689210940e+02
6.032619094724077513e+02
6.039699633567649926e+02
6.046784325219929315e+02
6.053873169680913406e+02
5.583941909877228227e+02
5.590480483542190768e+02
5.597022883171847525e+02
5.603569108766200770e+02
5.610119160325249368e+02
5.616673037848993317e+02
5.623230741337433756e+02
5.629792270790569546e+02
5.636357626208401825e+02
5.642926807590928320e+02
5.649499814938151303e+02
5.656076648250069638e+02
5.662657307526684463e+02
5.669241792767994639e+02
5.675830103974000167e+02
5.682422241144702184e+02
5.689018204280099553e+02
5.057291888372301969e+02
5.063155415199400409e+02
5.069022339203107776e+02
5.074892660383424072e+02
5.080766378740349296e+02
5.086643494273884016e+02
5.092524006984027096e+02
5.098407916870779104e+02
5.104295223934140608e+02
5.110185928174109904e+02
5.116080029590689833e+02
5.121977528183876984e+02
5.127878423953674201e+02
5.133782716900080914e+02
5.139690407023095986e+02
5.145601494322719418e+02
5.151515978798952347e+02
4.314997228865513534e+02
4.319951301458929720e+02
4.324908216320041561e+02
4.329867973448849057e+02
4.334830572845351639e+02
4.339796014509550446e+02
4.344764298441444339e+02
4.349735424641034456e+02
4.354709393108319659e+02
4.359686203843300518e+02
4.364665856845977601e+02
4.369648352116349201e+02
4.374633689654417026e+02
4.379621869460180505e+02
4.384612891533639072e+02
4.389606755874793294e+02
4.394603462483643739e+02
3.456109261831084609e+02
3.460038891463638606e+02
3.463970753840301882e+02
3.467904848961075004e+02
3.471841176825956268e+02
3.475779737434947947e+02
3.479720530788048904e+02
3.483663556885259140e+02
3.487608815726578655e+02
3.491556307312008016e+02
3.495506031641546087e+02
3.499457988715194006e+02
3.503412178532951771e+02
3.507368601094818246e+02
3.511327256400794568e+02
3.515288144450879599e+02
3.519251265245075047e+02
2.466665127494082697e+02
2.469442903538557914e+02
2.472222242765950853e+02
2.475003145176261228e+02
2.477785610769489040e+02
2.480569639545634857e+02
2.483355231504697542e+02
2.486142386646678517e+02
2.488931104971576360e+02
2.491721386479392208e+02
2.494513231170125493e+02
2.497306639043775931e+02
2.500101610100344374e+02
2.502898144339830253e+02
2.505696241762233569e+02
2.508495902367554322e+02
2.511297126155792796e+02
1.550947868243282244e+02
1.552677871442661512e+02
1.554408838969353326e+02
1.556140770823357968e+02
1.557873667004676008e+02
1.559607527513306593e+02
1.561342352349250291e+02
1.563078141512506818e+02
1.564814895003076174e+02
1.566552612820958643e+02
1.568291294966153941e+02
1.570030941438662069e+02
1.571771552238483025e+02
1.573513127365617379e+02
1.575255666820064278e+02
1.576999170601824289e+02
1.578743638710896846e+02
5.915971433334890150e+01
5.922508418344099113e+01
5.929049012952983588e+01
5.935593217161540736e+01
5.942141030969771975e+01
5.948692454377676597e+01
5.955247487385256022e+01
5.961806129992508119e+01
5.968368382199434308e+01
5.974934244006034589e+01
5.981503715412307542e+01
5.988076796418256009e+01
5.994653487023877148e+01
6.001233787229172378e+01
6.007817697034140991e+01
6.014405216438784407e+01
6.020996345443100495e+01
-3.427754845674690642e+01
-3.431507177197049430e+01
-3.435261561417177489e+01
-3.439017998335074822e+01
-3.442776487950741426e+01
-3.446537030264177304e+01
-3.450299625275383164e+01
-3.454064272984357586e+01
-3.457830973391101992e+01
-3.461599726495615670e+01
-3.465370532297898620e+01
-3.469143390797950843e+01
-3.472918301995771628e+01
-3.476695265891363107e+01
-3.480474282484723147e+01
-3.484255351775852461e+01
-3.488038473764751757e+01
-1.110567514091295749e+02
-1.111772034171655008e+02
-1.112977207108426398e+02
-1.114183032901610062e+02
-1.115389511551205715e+02
-1.116596643057213498e+02
-1.117804427419633555e+02
-1.119012864638465459e+02
-1.120221954713709636e+02
-1.121431697645365944e+02
-1.122642093433434241e+02
-1.123853142077914811e+02
-1.125064843578807512e+02
-1.126277197936112202e+02
-1.127490205149829023e+02
-1.128703865219958118e+02
-1.129918178146499201e+02
-1.421548351461821937e+02
-1.423076076718632237e+02
-1.424604622450875695e+02
-1.426133988658552312e+02
-1.427664175341662371e+02
-1.429195182500205874e+02
-1.430727010134182535e+02
-1.432259658243592355e+02
-1.433793126828435618e+02
-1.435327415888712324e+02
-1.436862525424421904e+02
-1.438398455435565211e+02
-1.439935205922141677e+02
-1.441472776884151301e+02
-1.443011168321594653e+02
-1.444550380234470879e+02
-1.446090412622780548e+02
-1.713937524626653612e+02
-1.715762804205595558e+02
-1.717589055194638092e+02
-1.719416277593781501e+02
-1.721244471403025216e+02
-1.723073636622369520e+02
-1.724903773251814698e+02
-1.726734881291359898e+02
-1.728566960741005971e+02
-1.730400011600752350e+02
-1.732234033870599603e+02
-1.734069027550547446e+02
-1.735904992640595594e+02
-1.737741929140744332e+02
-1.739579837050993660e+02
-1.741418716371343578e+02
-1.743258567101793801e+02
-1.904589907395638875e+02
-1.906600028669934943e+02
-1.908611210134776570e+02
-1.910623451790163756e+02
-1.912636753636096500e+02
-1.914651115672574804e+02
-1.916666537899598666e+02
-1.918683020317168086e+02
-1.920700562925282497e+02
-1.922719165723943036e+02
-1.924738828713148848e+02
-1.926759551892899935e+02
-1.928781335263197150e+02
-1.930804178824039354e+02
-1.932828082575427118e+02
-1.934853046517360724e+02
-1.936879070649839605e+02
-1.918555792840172103e+02
-1.920562650364063302e+02
-1.922570556950957439e+02
-1.924579512600853946e+02
-1.926589517313753106e+02
-1.928600571089654636e+02
-1.930612673928558820e+02
-1.932625825830465658e+02
-1.934640026795374865e+02
-1.936655276823286727e+02
-1.938671575914201242e+02
-1.940688924068118126e+02
-1.942707321285037381e+02
-1.944726767564959573e+02
-1.946747262907884419e+02
-1.948768807313811351e+02
-1.950791400782740936e+02
-1.683739777058353297e+02
-1.685485489631767848e+02
-1.687232106719469300e+02
-1.688979628321457085e+02
-1.690728054437732055e+02
-1.692477385068293643e+02
-1.694227620213141847e+02
-1.695978759872276953e+02
-1.697730804045698676e+02
-1.699483752733407016e+02
-1.701237605935402541e+02
-1.702992363651684400e+02
-1.704748025882253160e+02
-1.706504592627108536e+02
-1.708262063886251099e+02
-1.710020439659679994e+02
-1.711779719947395790e+02
-1.684993019574016557e+02
-1.686724769851070960e+02
-1.688457409573568100e+02
-1.690190938741508262e+02
-1.691925357354890878e+02
-1.693660665413716515e+02
-1.695396862917984606e+02
-1.697133949867696003e+02
-1.698871926262849854e+02
-1.700610792103446158e+02
-1.702350547389485484e+02
-1.704091192120967548e+02
-1.705832726297892634e+02
-1.707575149920260174e+02
-1.709318462988070451e+02
-1.711062665501323750e+02
-1.712807757460019502e+02
-1.715561310994519033e+02
-1.717309208407656342e+02
-1.719057995788927258e+02
-1.720807673138330642e+02
-1.722558240455867065e+02
-1.724309697741536525e+02
-1.726062044995338738e+02
-1.727815282217274273e+02
-1.729569409407342278e+02
-1.731324426565543604e+02
-1.733080333691877684e+02
-1.734837130786345085e+02
-1.736594817848945240e+02
-1.738353394879678149e+02
-1.740112861878544379e+02
-1.741873218845543363e+02
-1.743634465780675384e+02
-1.518563487526980396e+02
-1.520097390039633751e+02
-1.521632066859461929e+02
-1.523167517986464361e+02
-1.524703743420641331e+02
-1.526240743161992839e+02
-1.527778517210518601e+02
-1.529317065566219185e+02
-1.530856388229094023e+02
-1.532396485199143399e+02
-1.533937356476367313e+02
-1.535479002060765481e+02
-1.537021421952338471e+02
-1.538564616151085716e+02
-1.540108584657007498e+02
-1.541653327470104102e+02
-1.543198844590374676e+02
-9.269886453748304689e+01
-9.279170265920312488e+01
-9.288458724644956988e+01
-9.297751829922239608e+01
-9.307049581752161771e+01
-9.316351980134723476e+01
-9.325659025069923302e+01
-9.334970716557761250e+01
-9.344287054598237319e+01
-9.353608039191352930e+01
-9.362933670337106662e+01
-9.372263948035499936e+01
-9.381598872286531332e+01
-9.390938443090202270e+01
-9.400282660446509908e+01
-9.409631524355457088e+01
-9.418985034817043811e+01
-1.228282426719618314e+02
-1.229502170936817578e+02
-1.230722520486134499e+02
-1.231943475367569221e+02
-1.233165035581121458e+02
-1.234387201126791638e+02
-1.235609972004579475e+02
-1.236833348214484829e+02
-1.238057329756508125e+02
-1.239281916630649221e+02
-1.240507108836907832e+02
-1.241732906375284244e+02
-1.242959309245778314e+02
-1.244186317448390042e+02
-1.245413930983119712e+02
-1.246642149849967041e+02
-1.247870974048931885e+02
-1.249100403580014671e+02
-1.250330438443214973e+02
-1.251561078638533075e+02
-1.252792324165968978e+02
-1.254024175025522538e+02
-1.255256631217193899e+02
-1.256489692740982775e+02
-1.257723359596889594e+02
-1.258957631784913929e+02
-1.260192509305056063e+02
-1.261427992157315856e+02
-1.262664080341693591e+02
-1.263900773858188842e+02
-1.265138072706801893e+02
-1.266375976887532460e+02
-1.267614486400381111e+02
-1.679396563688056574e+02
-1.681037400584674231e+02
-1.682679038671182639e+02
-1.684321477947582082e+02
-1.685964718413872276e+02
-1.687608760070053506e+02
-1.689253602916125772e+02
-1.690899246952088788e+02
-1.692545692177942840e+02
-1.694192938593687927e+02
-1.695840986199323766e+02
-1.697489834994850639e+02
-1.699139484980268264e+02
-1.700789936155576925e+02
-1.702441188520776620e+02
-1.704093242075867067e+02
-1.705746096820848550e+02
-1.707399752755720783e+02
-1.709054209880484052e+02
-1.710709468195138356e+02
-1.712365527699683696e+02
-1.714022388394119787e+02
-1.715680050278446629e+02
-1.717338513352664506e+02
-1.718997777616773419e+02
-1.720657843070773083e+02
-1.722318709714664067e+02
-1.723980377548445517e+02
-1.725642846572118287e+02
-1.727306116785681525e+02
-1.728970188189136081e+02
-1.730635060782481389e+02
-1.732300734565717448e+02
-2.103358222632392369e+02
-2.105380682461846504e+02
-2.107404114160512449e+02
-2.109428517728389920e+02
-2.111453893165479201e+02
-2.113480240471780007e+02
-2.115507559647292624e+02
-2.117535850692016766e+02
-2.119565113605952433e+02
-2.121595348389099911e+02
-2.123626555041459198e+02
-2.125658733563029728e+02
-2.127691883953812351e+02
-2.129726006213806500e+02
-2.131761100343012174e+02
-2.133797166341429659e+02
-2.135834204209058669e+02
-2.137872213945899205e+02
-2.139911195551951835e+02
-2.141951149027215706e+02
-2.143992074371691388e+02
-2.146033971585378595e+02
-2.148076840668277896e+02
-2.150120681620388439e+02
-2.152165494441710791e+02
-2.154211279132244385e+02
-2.156258035691990074e+02
-2.158305764120947288e+02
-2.160354464419116312e+02
-2.162404136586496861e+02
-2.164454780623088936e+02
-2.166506396528892822e+02
-2.168558984303908517e+02
-2.303194000913281911e+02
-2.305374023630663487e+02
-2.307555077579226008e+02
-2.309737162758970044e+02
-2.311920279169895025e+02
-2.314104426812002089e+02
-2.316289605685289814e+02
-2.318475815789759054e+02
-2.320663057125410091e+02
-2.322851329692242075e+02
-2.325040633490255289e+02
-2.327230968519450016e+02
-2.329422334779826258e+02
-2.331614732271384014e+02
-2.333808160994122716e+02
-2.336002620948042932e+02
-2.338198112133144377e+02
-2.340394634549427337e+02
-2.342592188196891527e+02
-2.344790773075537231e+02
-2.346990389185364165e+02
-2.349191036526372613e+02
-2.351392715098562007e+02
-2.353595424901932915e+02
-2.355799165936485338e+02
-2.358003938202219274e+02
-2.360209741699134440e+02
-2.362416576427230552e+02
-2.364624442386508463e+02
-2.366833339576967603e+02
-2.369043267998607973e+02
-2.371254227651429858e+02
-2.373466218535433256e+02
-2.483600615447369080e+02
-2.485915247894197933e+02
-2.488230958418552063e+02
-2.490547747020431757e+02
-2.492865613699836445e+02
-2.495184558456766695e+02
-2.497504581291221939e+02
-2.499825682203202746e+02
-2.502147861192708547e+02
-2.504471118259739910e+02
-2.506795453404296552e+02
-2.509120866626378472e+02
-2.511447357925985671e+02
-2.513774927303118147e+02
-2.516103574757776187e+02
-2.518433300289958936e+02
-2.520764103899667532e+02
-2.523095985586901406e+02
-2.525428945351660275e+02
-2.527762983193944422e+02
-2.530098099113754415e+02
-2.532434293111089403e+02
-2.534771565185949385e+02
-2.537109915338334929e+02
-2.539449343568246036e+02
-2.541789849875682137e+02
-2.544131434260643800e+02
-2.546474096723130174e+02
-2.548817837263142394e+02
-2.551162655880679893e+02
-2.553508552575742669e+02
-2.555855527348330440e+02
-2.558203580198443774e+02
-2.385494002326416307e+02
-2.387683533306064305e+02
-2.389874068657721295e+02
-2.392065608381387278e+02
-2.394258152477062254e+02
-2.396451700944746221e+02
-2.398646253784439182e+02
-2.400841810996141135e+02
-2.403038372579852080e+02
-2.405235938535572302e+02
-2.407434508863301517e+02
-2.409634083563039155e+02
-2.411834662634786639e+02
-2.414036246078542547e+02
-2.416238833894307731e+02
-2.418442426082081624e+02
-2.420647022641865078e+02
-2.422852623573656956e+02
-2.425059228877458111e+02
-2.427266838553268258e+02
-2.429475452601087397e+02
-2.431685071020915814e+02
-2.433895693812752938e+02
-2.436107320976599055e+02
-2.438319952512454165e+02
-2.440533588420318267e+02
-2.442748228700191646e+02
-2.444963873352074017e+02
-2.447180522375965381e+02
-2.449398175771865738e+02
-2.451616833539775087e+02
-2.453836495679693144e+02
-2.456057162191620478e+02
-2.294971380689425473e+02
-2.297046400020971078e+02
-2.299122357002462991e+02
-2.301199251633901497e+02
-2.303277083915286596e+02
-2.305355853846618004e+02
-2.307435561427896005e+02
-2.309516206659120314e+02
-2.311597789540291217e+02
-2.313680310071408712e+02
-2.315763768252472516e+02
-2.317848164083482914e+02
-2.319933497564439620e+02
-2.322019768695342918e+02
-2.324106977476192526e+02
-2.326195123906989011e+02
-2.328284207987731804e+02
-2.330374229718420622e+02
-2.332465189099056317e+02
-2.334557086129638606e+02
-2.336649920810167202e+02
-2.338743693140642392e+02
-2.340838403121063607e+02
-2.342934050751431698e+02
-2.345030636031746099e+02
-2.347128158962007376e+02
-2.349226619542214678e+02
-2.351326017772368573e+02
-2.353426353652469061e+02
-2.355527627182515857e+02
-2.357629838362508963e+02
-2.359732987192448661e+02
-2.361837073672335237e+02
-2.111503691124434567e+02
-2.113384763455057680e+02
-2.115266673306754228e+02
-2.117149420679523644e+02
-2.119033005573366495e+02
-2.120917427988283066e+02
-2.122802687924272504e+02
-2.124688785381335379e+02
-2.126575720359471688e+02
-2.128463492858680866e+02
-2.130352102878963763e+02
-2.132241550420319811e+02
-2.134131835482749295e+02
-2.136022958066251931e+02
-2.137914918170827718e+02
-2.139807715796477225e+02
-2.141701350943199600e+02
-2.143595823610995694e+02
-2.145491133799864656e+02
-2.147387281509807053e+02
-2.149284266740822886e+02
-2.151182089492911871e+02
-2.153080749766074291e+02
-2.154980247560309863e+02
-2.156880582875618870e+02
-2.158781755712001029e+02
-2.160683766069456340e+02
-2.162586613947985086e+02
-2.164490299347587268e+02
-2.166394822268262885e+02
-2.168300182710011370e+02
-2.170206380672833575e+02
-2.172113416156728931e+02
-1.854265807621277986e+02
-1.855893784625335172e+02
-1.857522475967700473e+02
-1.859151881648373887e+02
-1.860782001667355416e+02
-1.862412836024645060e+02
-1.864044384720242533e+02
-1.865676647754148121e+02
-1.867309625126361823e+02
-1.868943316836883639e+02
-1.870577722885713285e+02
-1.872212843272851330e+02
-1.873848677998296921e+02
-1.875485227062051194e+02
-1.877122490464113298e+02
-1.878760468204483232e+02
-1.880399160283161279e+02
-1.882038566700147726e+02
-1.883678687455441718e+02
-1.885319522549044109e+02
-1.886961071980954614e+02
-1.888603335751172949e+02
-1.890246313859699399e+02
-1.891890006306533962e+02
-1.893534413091676356e+02
-1.895179534215127148e+02
-1.896825369676885771e+02
-1.898471919476952507e+02
-1.900119183615327358e+02
-1.901767162092010039e+02
-1.903415854907001119e+02
-1.905065262060300029e+02
-1.906715383551907053e+02
-1.666729342715357802e+02
-1.668171773994211549e+02
-1.669614829162026410e+02
-1.671058508218803240e+02
-1.672502811164540901e+02
-1.673947737999240530e+02
-1.675393288722901275e+02
-1.676839463335523703e+02
-1.678286261837107247e+02
-1.679733684227652475e+02
-1.681181730507158818e+02
-1.682630400675627129e+02
-1.684079694733056556e+02
-1.685529612679447666e+02
-1.686980154514799892e+02
-1.688431320239113518e+02
-1.689883109852388827e+02
-1.691335523354625536e+02
-1.692788560745823645e+02
-1.694242222025983438e+02
-1.695696507195104346e+02
-1.697151416253186653e+02
-1.698606949200230645e+02
-1.700063106036235752e+02
-1.701519886761202827e+02
-1.702977291375131017e+02
-1.704435319878020607e+02
-1.705893972269871881e+02
-1.707353248550684270e+02
-1.708813148720458344e+02
-1.710273672779193816e+02
-1.711734820726890689e+02
-1.713196592563548961e+02
-1.539509735840015310e+02
-1.540823310699946944e+02
-1.542137445719733648e+02
-1.543452140899375422e+02
-1.544767396238872266e+02
-1.546083211738223895e+02
-1.547399587397430309e+02
-1.548716523216492078e+02
-1.550034019195408632e+02
-1.551352075334180256e+02
-1.552670691632806950e+02
-1.553989868091288429e+02
-1.555309604709624978e+02
-1.556629901487816596e+02
-1.557950758425863000e+02
-1.559272175523764474e+02
-1.560594152781521018e+02
-1.561916690199132347e+02
-1.563239787776599030e+02
-1.564563445513920215e+02
-1.565887663411096753e+02
-1.567212441468128077e+02
-1.568537779685014470e+02
-1.569863678061755934e+02
-1.571190136598352183e+02
-1.572517155294803501e+02
-1.573844734151109606e+02
-1.575172873167271064e+02
-1.576501572343287307e+02
-1.577830831679158337e+02
-1.579160651174884720e+02
-1.580491030830465888e+02
-1.581821970645902127e+02
-1.521539529502402672e+02
-1.522819747869674245e+02
-1.524100504596225676e+02
-1.525381799682056965e+02
-1.526663633127167827e+02
-1.527946004931558832e+02
-1.529228915095229127e+02
-1.530512363618179279e+02
-1.531796350500409574e+02
-1.533080875741919442e+02
-1.534365939342708884e+02
-1.535651541302778185e+02
-1.536937681622127059e+02
-1.538224360300755791e+02
-1.539511577338664665e+02
-1.540799332735852829e+02
-1.542087626492320851e+02
-1.543376458608069015e+02
-1.544665829083096469e+02
-1.545955737917404065e+02
-1.547246185110990950e+02
-1.548537170663857978e+02
-1.549828694576004580e+02
-1.551120756847431039e+02
-1.552413357478137357e+02
-1.553706496468122964e+02
-1.555000173817388998e+02
-1.556294389525934321e+02
-1.557589143593759502e+02
-1.558884436020864541e+02
-1.560180266807249438e+02
-1.561476635952913909e+02
-1.562773543457858239e+02
-1.479652373269847772e+02
-1.480880300550569757e+02
-1.482108737133357295e+02
-1.483337683018210953e+02
-1.484567138205130448e+02
-1.485797102694115495e+02
-1.487027576485166662e+02
-1.488258559578283382e+02
-1.489490051973465938e+02
-1.490722053670714615e+02
-1.491954564670028844e+02
-1.493187584971408910e+02
-1.494421114574855096e+02
-1.495655153480366835e+02
-1.496889701687944694e+02
-1.498124759197588389e+02
-1.499360326009297637e+02
-1.500596402123072721e+02
-1.501832987538913926e+02
-1.503070082256820683e+02
-1.504307686276793277e+02
-1.505545799598831707e+02
-1.506784422222936257e+02
-1.508023554149106360e+02
-1.509263195377342299e+02
-1.510503345907644359e+02
-1.511744005740011971e+02
-1.512985174874445420e+02
-1.514226853310944705e+02
-1.515469041049509826e+02
-1.516711738090140784e+02
-1.517954944432837863e+02
-1.519198660077600209e+02
-1.375808956932380340e+02
-1.376935284363352423e+02
-1.378062072648428682e+02
-1.379189321787609401e+02
-1.380317031780894581e+02
-1.381445202628283937e+02
-1.382573834329777753e+02
-1.383702926885375462e+02
-1.384832480295077914e+02
-1.385962494558884543e+02
-1.387092969676795633e+02
-1.388223905648810899e+02
-1.389355302474930625e+02
-1.390487160155154527e+02
-1.391619478689482889e+02
-1.392752258077915712e+02
-1.393885498320452427e+02
-1.395019199417093887e+02
-1.396153361367839523e+02
-1.397287984172689335e+02
-1.398423067831643607e+02
-1.399558612344702055e+02
-1.400694617711864964e+02
-1.401831083933132334e+02
-1.402968011008503879e+02
-1.404105398937979601e+02
-1.405243247721560067e+02
-1.406381557359244425e+02
-1.407520327851033528e+02
-1.408659559196926523e+02
-1.409799251396923978e+02
-1.410939404451025894e+02
-1.412080018359231985e+02
-1.266134085343489204e+02
-1.267156810775915261e+02
-1.268179949097090713e+02
-1.269203500307015844e+02
-1.270227464405690228e+02
-1.271251841393114148e+02
-1.272276631269287606e+02
-1.273301834034210458e+02
-1.274327449687882847e+02
-1.275353478230304631e+02
-1.276379919661475952e+02
-1.277406773981396810e+02
-1.278434041190066779e+02
-1.279461721287486569e+02
-1.280489814273655611e+02
-1.281518320148574333e+02
-1.282547238912242449e+02
-1.283576570564659960e+02
-1.284606315105826866e+02
-1.285636472535743451e+02
-1.286667042854409431e+02
-1.287698026061824521e+02
-1.288729422157989575e+02
-1.289761231142903739e+02
-1.290793453016567582e+02
-1.291826087778980821e+02
-1.292859135430143738e+02
-1.293892595970055766e+02
-1.294926469398717472e+02
-1.295960755716128574e+02
-1.296995454922289071e+02
-1.298030567017199246e+02
-1.299066092000858816e+02
