-7.134788776624097217e-02
-1.040911684833097928e-01
-1.299959961995775792e-01
-1.607157822642489853e-01
-1.910896624757431328e-01
-2.208084001947517583e-01
-2.715174762256580832e-01
-3.219573640999980335e-01
-3.412661408585646039e-01
-3.679570133914167873e-01
-3.913841900564976051e-01
-4.329898140040614463e-01
-4.139610184120496306e-01
-4.023466970615841021e-01
-6.753169061510503335e-01
-5.556135872747752780e-01
-3.168071266455228518e-01
-1.997750767758098567e-01
7.741316121471109035e-02
2.797751478993082408e-01
3.284065823606162060e-01
3.126588218854389756e-01
8.145893225524915293e-02
-3.200068818836295792e-01
-7.188277697228608876e-01
-1.398522241621948936e+00
-2.103078453124313629e+00
-3.035190113992916050e+00
-3.836092894693797994e+00
-4.597241641164470316e+00
-5.350805751655918208e+00
-5.849580522780248870e+00
-6.474957118913883924e+00
-6.884693155622739980e+00
-7.380907450237040202e+00
-7.668918983284811475e+00
-7.896225817838748995e+00
-9.186521221497180534e+00
-1.026693512026050215e+01
-9.988595333868355297e+00
-8.225827643421043334e+00
-8.625782109177594137e+00
-6.458575031191600146e+00
-5.738716388046709582e+00
-7.032883752833649638e+00
-7.334764703682400189e+00
-8.271767699025799558e+00
-1.060708755335459585e+01
-1.169013540647988947e+01
-1.273412796259747992e+01
-1.289614978797362532e+01
-1.158759595232273121e+01
-1.072476774509770081e+01
-1.024787734839361875e+01
-8.558701690146428120e+00
-8.731186642609110038e+00
-3.295444084357328052e+00
-9.251462605118794258e-01
-2.366293223733419160e-02
6.545140030710270285e-01
4.731567432576945897e+00
4.876423926962117683e+00
1.894499116669439154e+00
-5.511337082534842891e-01
-5.680877285431538137e-01
-4.142161371909544698e+00
-1.027084573133272549e+01
-9.491916274535316944e+00
-1.782851471567511581e+01
-2.486245750288721013e+01
-3.730955372976846007e+01
-4.472203964878854521e+01
-5.606264553349287638e+01
-6.184222806035239728e+01
-7.299646206501404322e+01
-8.453083298321446648e+01
-1.031201234905164483e+02
-1.137723901976496137e+02
-1.297949406055945190e+02
-1.388764528433530359e+02
-1.474835038971534118e+02
-1.533915686056225525e+02
-1.469719804448785681e+02
-1.506932929279036841e+02
-1.484774737848997574e+02
-1.406794819958286666e+02
-1.283426740610482000e+02
-1.221060055919872838e+02
-1.210318016398760648e+02
-1.064729870496146305e+02
-1.078220736272056826e+02
-1.118701412976592877e+02
-1.115615294195498990e+02
-1.177814303524678934e+02
-1.191575659534829157e+02
-1.166415474818448530e+02
-1.192053245973868911e+02
-1.184805292541245336e+02
-1.191489490821809909e+02
-1.205656617137500461e+02
-1.216086506712847779e+02
-1.158907692842342954e+02
-1.106950462631516814e+02
-1.003819827839215577e+02
-8.608062242319907398e+01
-5.665060876811143231e+01
-2.600834933693885631e+01
-5.046113793612044596e+00
5.317817120132093578e+01
1.110872079068306988e+02
1.621565971801167905e+02
2.272534812064147900e+02
2.823375671364062782e+02
3.431521561663000170e+02
3.907885614996706067e+02
4.328114117686080249e+02
4.970788346362868992e+02
5.874467320380102819e+02
6.545527787466855898e+02
7.177190043286381069e+02
7.405118162300956328e+02
7.793236598526127636e+02
8.522674677136569699e+02
8.849433706902527774e+02
8.500305370663378426e+02
8.688827932550739206e+02
8.682254223861544915e+02
8.369455616586150200e+02
8.517808645903151046e+02
8.607965075398994941e+02
8.467419574438766858e+02
8.320280006755126578e+02
8.259914522124228142e+02
8.075645299989636214e+02
7.920350951536655657e+02
8.289478291890407036e+02
7.434656536106675730e+02
7.664005253261302641e+02
7.341637093846184143e+02
7.459366141235053647e+02
7.203267607220190030e+02
6.754508967648685029e+02
7.986831765229470648e+02
7.300068304283431644e+02
6.940551116299453724e+02
7.156395779675774520e+02
7.705728876107926908e+02
6.750595867178203662e+02
6.868198683151335899e+02
7.190389605099207984e+02
7.045562946588016757e+02
8.116115953439115174e+02
8.227871780296680981e+02
8.768880212424490992e+02
8.616754940578634887e+02
8.513611022789450544e+02
8.574478673660684080e+02
8.090943645645960487e+02
9.050905411665669362e+02
8.573588594190375716e+02
8.605992120819811362e+02
8.870736166902548803e+02
8.091139955766929006e+02
9.526737362711859305e+02
8.989335778168700699e+02
9.376760506775253816e+02
8.307759237944022743e+02
8.541241812433935365e+02
8.024322739975610830e+02
8.538316720103384796e+02
1.450338157917602985e+03
1.560863568805509658e+03
1.623026103958662816e+03
1.912349815121879601e+03
2.237345318767770550e+03
2.625613565748720248e+03
3.293712951635594436e+03
3.799548857675947602e+03
4.282172978836753828e+03
4.583928379972836410e+03
4.666815612721363323e+03
4.596659627946635737e+03
4.420413626368525911e+03
3.845801325193137018e+03
3.148140874874852216e+03
2.467841491290056638e+03
1.515373133123618572e+03
9.920491173661229141e+02
9.480074483099726024e+01
-5.476869888394134023e+02
-1.331476216533898196e+03
-1.808922926784471429e+03
-2.534645166034588328e+03
-2.624768686561806589e+03
-2.912160386356441904e+03
-2.835485202980612485e+03
-2.902537149892910747e+03
-2.867657392262175563e+03
-2.864921636835798836e+03
-1.942196228447558269e+03
-4.077169181631966239e+03
-4.595774066730167760e+03
-5.019427417425078602e+03
-5.192732290254088184e+03
-5.564930714138029543e+03
-5.269498919433465744e+03
-5.213459924270453484e+03
-4.803832174337133438e+03
-4.272913408043158597e+03
-3.840725424212555481e+03
-3.548797697125557534e+03
-3.418687994322084705e+03
-3.209124274526363024e+03
-2.965758208633470076e+03
-2.820388656277696100e+03
-9.540532368022229814e-01
-1.232249281404224295e+00
-4.803688553977565334e+00
-2.367834928979088094e+00
-5.743025421246622741e+00
-1.027510877247498122e+01
-9.337688224954565186e+00
-1.027955438578937475e+01
-9.175067105728306416e+00
-7.981030271643194673e+00
-9.923495007672570978e+00
-1.394963801252315427e+01
-1.200593237422839366e+01
-8.638218799587138008e+00
-1.186216905365573027e+01
-3.004344803763330241e+00
1.813517947728009005e+01
4.071484488614327546e+01
7.353107301036143895e+01
1.088949951367567337e+02
1.407445743377789427e+02
1.781792678860610408e+02
2.065437188784122498e+02
2.365055338616791971e+02
2.591221655793200398e+02
2.694799375930505789e+02
2.776902825873324332e+02
2.676834377653478327e+02
2.574601329249425703e+02
2.360998120129518441e+02
2.041155055837952261e+02
1.891107296709302830e+02
1.552057026746314534e+02
1.321450794962446196e+02
1.073123367271331716e+02
6.970125976834266623e+01
5.284431714845054984e+01
4.662870074201941861e+01
3.785498386157091488e+01
2.976245488862603139e+01
-6.349250331691822957e+00
-1.635464476759539432e+00
-1.970883936407474124e+01
-2.142782565986988530e+01
-2.615892204654669584e+01
-2.810137032565274495e+01
-5.296155062321421525e+01
-7.959450158589456237e+01
-9.251744324085163385e+01
-1.152035667897921769e+02
-1.220572544128221324e+02
-1.278619479678167750e+02
-1.517959359600210973e+02
-1.346076953426855312e+02
-1.216909372955767736e+02
-1.085740383019957989e+02
-3.886443410505962959e+01
5.425826035984463225e+00
3.979618285478889561e+01
1.153680845977229410e+02
1.766342099891959947e+02
2.595715379818087740e+02
2.983412016850969053e+02
4.231154729281203686e+02
4.708421761059259438e+02
5.668800622125394284e+02
7.358275368869485646e+02
7.908380538640589066e+02
9.421964850448069910e+02
1.051104889080396561e+03
1.229968880481161250e+03
1.287625399773641902e+03
1.430241245830070511e+03
1.447777810003486820e+03
1.524866200756204080e+03
1.508198483996571895e+03
1.516960353929395978e+03
1.480614523050924163e+03
1.469737474394622723e+03
1.411077125792340212e+03
1.379252257621599938e+03
1.292356818551765627e+03
1.333957723426247412e+03
1.248722477056973730e+03
1.194287028987372878e+03
1.191186674457761001e+03
1.243165319579977449e+03
1.301020442753537054e+03
1.216883391500704647e+03
1.242630174564890922e+03
1.233893217809019006e+03
1.215609139903360301e+03
1.234620760773743314e+03
1.196919497384338001e+03
1.167482015579276776e+03
1.115415761823174307e+03
1.082147845325174785e+03
1.008507737697459220e+03
9.577045404236059767e+02
8.295654157353690152e+02
6.437208423108228317e+02
5.196914843114120686e+02
4.091334183185050506e+02
3.673614749614918082e+02
1.377494876577738978e+02
1.279660060288709822e+01
-8.332786477959038507e+01
-8.392961951901406792e+01
-2.294524892222965491e+02
-2.317591635623963100e+02
-2.279548755343043069e+02
-3.037160784678720802e+02
-2.683166904658088470e+02
-2.016039735412077789e+02
-1.743103084581549922e+02
-8.299342327633191019e+01
5.825898804943251008e+01
3.948909991143980847e+02
5.550783196596988773e+02
9.034213322798320860e+02
1.159201632609233002e+03
1.202001544825354813e+03
1.467178628489071116e+03
1.677100593596880344e+03
1.667509719334196689e+03
1.844500754476732027e+03
1.835173327884730270e+03
1.886334875679056722e+03
2.050121827972465326e+03
1.997081023184125797e+03
2.038831477236091587e+03
1.996381243261710551e+03
1.869867738905667011e+03
1.854560212750942583e+03
1.739636937770964551e+03
1.762095970527325562e+03
1.625141215592627759e+03
1.553420527553523243e+03
1.626145776180233042e+03
1.604594389316255274e+03
1.430536978069932502e+03
1.607656541229119284e+03
1.414632918400322069e+03
1.355620920737198276e+03
1.388474728890881579e+03
1.368022360860229810e+03
1.133086470903162763e+03
1.255931455201802009e+03
1.237554516478126061e+03
1.369476339691282192e+03
1.314856157134694058e+03
1.420022468681498594e+03
1.417536920200807799e+03
1.442274095266345512e+03
1.622749256292146811e+03
1.515520757046809649e+03
1.547807476756027654e+03
1.518173477505845085e+03
1.585584468488275888e+03
1.625261727432687849e+03
1.647082764296036885e+03
1.503708606614761266e+03
1.556687121616189415e+03
1.495080132584756029e+03
1.408832924757472256e+03
1.357506328588294309e+03
1.175158736387870931e+03
1.011274257808243874e+03
1.082108453600775420e+03
9.081182912925398796e+02
1.338477771241463188e+03
1.080268019717294692e+03
4.973724424982277128e+02
2.125035396349040582e+02
-5.110069481965114591e+01
-3.383485374433420816e+02
-4.744838640984888798e+02
-4.986733593144682004e+02
-2.541079778270210454e+02
-1.516107499400894199e+02
4.523899557083773004e+01
4.894547822199767211e+02
5.219296931292576573e+02
5.947722821320551247e+02
7.927598909858880916e+02
1.065695738588547101e+03
7.961258222475137245e+02
5.725054875767111753e+02
6.545185901284257852e+02
3.243285296730276173e+02
4.879303560869319654e+02
3.045502511060058168e+02
2.035512587418216697e+02
-3.479427393502502497e+01
4.282496243135165059e+01
1.244402618006672867e+01
-1.951562929085231701e+02
-1.142077250991895312e+02
1.075112621889965858e+01
-3.524187394555603703e+00
-7.584699327507686917e+01
-1.481683573665657150e+02
-2.662686615244943482e+02
-3.952026259522646114e+02
-5.185332548570199833e+02
-7.007080609377916289e+02
-8.646262323688060860e+02
-1.020518805163789466e+03
-1.168721094469043919e+03
-1.252155407874862021e+03
-1.382778399048424490e+03
-1.530426133440113972e+03
-1.623335252130480058e+03
-3.248865602244165530e+03
-3.495649175764570373e+03
-3.578263861256586097e+03
-3.714942691966842176e+03
-3.453518088658321176e+03
-3.337764824004334059e+03
-3.145641125497426401e+03
-2.812362141157958831e+03
-2.578483011656638155e+03
-2.081038938643907841e+03
-1.768694886472369035e+03
-1.389281583091280709e+03
-8.439325591497445203e+02
-5.375249357647264787e+02
-1.679390486630254600e+02
2.916479889921703830e+02
4.858828536728207723e+02
4.772356139075997703e+02
6.444900423640822282e+02
6.334048584785462026e+02
5.874089519273356927e+02
6.404000620228691787e+02
4.384532604097997250e+02
2.586101700356847459e+02
2.290232405022412934e+02
1.671091915489647661e+01
1.616100187887906827e+02
-7.788321100947815978e+01
-7.182337676622022116e+01
-2.554913915607422723e+02
-2.955627315369983990e+02
-3.876249190604446540e+02
-3.820319194221346493e+02
-4.177854022019579929e+02
-5.315079985042191311e+02
-5.147312833935508252e+02
-6.159868648280729531e+02
-7.097790573755357855e+02
-6.408768722350015423e+02
-6.707015612748773492e+02
-6.612915174709162329e+02
-7.100305448867712812e+02
-4.208777855188865260e+02
-3.521088857074039993e+02
-5.218554954209084826e+02
-1.732321058521053772e+02
-2.478666317950319069e+02
-3.762015292643618523e+02
-5.978409184212339369e+02
-1.004286460177197455e+03
-1.345374260136997464e+03
-1.432835814732831977e+03
-1.814855167847248367e+03
-2.057844038349503990e+03
-2.345092536183894936e+03
-2.252342877433650756e+03
-2.515174600259840645e+03
-2.308088662674546413e+03
-2.293350686376578324e+03
-1.904368686105653978e+03
-1.978915980949625236e+03
-1.646036077478653169e+03
-1.431044130155936955e+03
-1.203481048377469733e+03
-9.402254305675945716e+02
-8.396469857534325456e+02
-5.785041992797323473e+02
-4.320226847648466446e+02
-1.610124294023831624e+02
-1.007008204130719236e+02
-9.303317408511021824e+01
3.684564606602511105e+01
-1.533395014811612889e+01
4.749300029109597290e+02
4.023636292776201913e+02
5.073820037801010017e+02
6.416605420924593091e+02
2.898649047237778973e+02
9.263511329877214848e+02
8.988071482456081185e+02
1.166623422386281845e+03
1.144317424238122385e+03
1.387912221283248982e+03
1.418762950320725622e+03
1.562063532779358866e+03
1.639489463373431818e+03
1.410593353440668579e+03
1.338244014934637562e+03
1.657968400342226687e+03
1.308448716940148415e+03
1.143105869286533334e+03
1.291135219904521364e+03
8.821170302600909281e+02
7.055230044147954231e+02
5.530094383067192894e+02
2.724147589162911345e+02
2.486586541997291633e+01
-2.479144448055716623e+02
-4.005658932861186940e+02
-1.412024943694013928e+02
-3.878158755094937646e+02
-3.263766026486885039e+02
-4.492901825820518980e+02
-5.299173469684759539e+02
-5.092632075064754531e+02
-2.166846535126218782e+02
-1.703042705685677447e+02
-5.729931854350997611e+01
2.222514747471000973e+01
1.756890281247046062e+02
1.849806292405710337e+02
1.491546260647729696e+02
3.989835507308347360e+02
7.295331720030250153e+02
4.938933709587328735e+02
7.097217156481589200e+02
9.320382092576619470e+02
7.563584645006073970e+02
8.349719955247418284e+02
9.936286137827804623e+02
1.011017737868135100e+03
9.307707333777090071e+02
9.030702372071172022e+02
7.651642576069306187e+02
8.165393072863898851e+02
7.766056762949494896e+02
8.097485064682281291e+02
7.834158768114075428e+02
7.506849315127021782e+02
6.221809886757332606e+02
5.324928035993580124e+02
4.740316985168354336e+02
4.348219024658415606e+02
4.666468256094165667e+02
3.752376649796350421e+02
3.037099615150399927e+02
2.973356955129540893e+02
2.008775984139992374e+02
2.050958136509237022e+02
1.925807709293988808e+02
1.796300893920607962e+02
2.187287553991533287e+02
2.271816866081989019e+02
1.985646845057430028e+02
2.720773160659086329e+02
3.368472462883136131e+02
3.172649223425349305e+02
2.741146908064802119e+02
2.964931401958718311e+02
3.784258723367235007e+02
2.832286560109490665e+02
3.597532497479603535e+02
3.472088567364939991e+02
2.797605623412957812e+02
3.032373757982894631e+02
3.084102616828774330e+02
5.636062934057321172e+02
5.328554831710980579e+02
5.526842255922033473e+02
4.436514337320282948e+02
4.002379495350708680e+02
5.448176261643545786e+02
3.145902477756001758e+02
1.911377013251971277e+02
1.777280212636840702e+02
1.935195842380679494e+02
2.130080140718479527e+02
3.729176384628583207e+01
-3.081643266442484830e+01
4.090886029656125089e+01
1.419122586543716977e+02
7.446586346398638057e+01
1.031837175463949876e+02
1.922177788848568412e+02
1.001555810095550498e+02
1.773859453193218201e+02
1.533999973271531019e+02
1.025643148129693287e+02
2.470841553166403060e+01
1.132927214204480464e+02
-1.297415456959901903e+01
4.886711509504395679e+01
5.615650128671144614e+01
-2.752250967052326303e+00
2.986218796612749315e+01
