1.412156156877485689e-04
2.824312313754971378e-04
4.707187189591619143e-04
7.060780784387429799e-04
9.885093098142400635e-04
1.318012413085653490e-03
1.694587388252982935e-03
2.118234235316228831e-03
2.588952954275390746e-03
3.106743545130468895e-03
3.671606007881462845e-03
4.283540342528373464e-03
4.942546549071200751e-03
5.648624627509943839e-03
-9.897423648662811643e-03
-1.113460160474566245e-02
-1.244455473471574140e-02
-1.382728303857304504e-02
-1.528278651631757683e-02
-1.681106516794933503e-02
-1.841211899346831965e-02
-2.008594799287452895e-02
-2.183255216616796640e-02
-2.365193151334862853e-02
-2.554408603441651882e-02
-2.750901572937164072e-02
-2.954672059821398383e-02
-3.165720064094355163e-02
-1.471378586377095239e-02
-1.569470492135567954e-02
-1.670726652918507957e-02
-1.775147068725914726e-02
-1.882731739557788261e-02
-2.130889482348585773e-02
-2.252654595625647876e-02
-2.377802073160405899e-02
-2.506331914952860188e-02
-2.638244121003010742e-02
-2.554067681076445731e-02
-2.681771065130268000e-02
-2.812589165868329549e-02
-2.946521983290631072e-02
-3.083569517397172222e-02
-3.171487429852093420e-02
-3.312442426734408391e-02
-3.456461662679382457e-02
-3.603545137687015620e-02
-3.753692851757307880e-02
-3.711250209402952582e-02
-3.859700217779070408e-02
-4.011061010633151791e-02
-4.165332587965196037e-02
-4.322514949775203147e-02
-3.850397333366194219e-02
-3.990411781852237771e-02
-4.132926488346960747e-02
-4.277941452850362453e-02
-4.425456675362444275e-02
-4.178554171615089102e-02
-4.317839310668925012e-02
-4.459407812658069958e-02
-4.603259677582524634e-02
-4.749394905442286957e-02
-4.648690525239231042e-02
-4.791727156785053482e-02
-4.936931010020964572e-02
-5.084302084946963618e-02
-5.233840381563050620e-02
-4.712680688614521302e-02
-4.847328708289221771e-02
-4.983873178945255611e-02
-5.122314100582624208e-02
-5.262651473201326174e-02
-4.960184797357188730e-02
-5.092456391953380235e-02
-5.226468402267943347e-02
-5.362220828300876679e-02
-5.499713670052180925e-02
-4.751269925529047478e-02
-4.870051673667273595e-02
-4.990299863140539721e-02
-5.112014493948845856e-02
-5.235195566092190611e-02
-4.446925039925926637e-02
-4.551558570277125515e-02
-4.657408769585895392e-02
-4.764475637852238349e-02
-4.872759175076152999e-02
-3.655186349967900344e-02
-3.736412713300520799e-02
-3.818531674032400042e-02
-3.901543232163539460e-02
-3.985447387693937665e-02
-3.205293755520119414e-02
-3.272773624057385283e-02
-3.340956407891914476e-02
-3.409842107023706298e-02
-3.479430721452761444e-02
-3.383687787515956419e-02
-3.451361543266275728e-02
-3.519705336202241103e-02
-3.588719166323853932e-02
-3.658403033631113521e-02
-3.728756938124019177e-02
-3.799780879802572287e-02
-3.871474858666771462e-02
-3.943838874716617399e-02
-3.173948974477242696e-02
-3.232186570339210668e-02
-3.290953598890832693e-02
-3.350250060132108770e-02
-3.410075954063039594e-02
-3.470431280683624470e-02
-3.531316039993862704e-02
-3.592730231993756379e-02
-3.654673856683304106e-02
-1.887661502385109061e-02
-1.919655765137398898e-02
-1.951918887240548448e-02
-1.984450868694557710e-02
-2.017251709499426338e-02
-2.050321409655154678e-02
-2.083659969161742731e-02
-2.117267388019189803e-02
-2.151143666227496934e-02
-1.495470710826865036e-02
-1.519021430682406491e-02
-1.542756140536818803e-02
-1.566674840390102838e-02
-1.590777530242258250e-02
-1.615064210093285213e-02
-1.639534879943183379e-02
-1.664189539791953096e-02
-1.689028189639594363e-02
-8.996422128737557519e-03
-9.128722454160168379e-03
-9.261988475388784406e-03
-9.396220192423403866e-03
-9.531417605264028495e-03
-9.667580713910658291e-03
-9.804709518363291521e-03
-9.942804018621928183e-03
-1.008186421468657175e-02
-3.348826703574882008e-03
-3.395017416727639115e-03
-3.441524504628017816e-03
-3.488347967276018112e-03
-3.535487804671640002e-03
-3.582944016814883486e-03
-3.630716603705748564e-03
-3.678805565344235671e-03
-3.727210901730343504e-03
3.864998549142733587e-03
3.915193335495236598e-03
3.965711959179046321e-03
4.016554420194162756e-03
4.067720718540585034e-03
4.119210854218313157e-03
4.171024827227348859e-03
4.223162637567691273e-03
4.275624285239338664e-03
-2.232947241863214669e-03
-2.260345367530247965e-03
-2.287910554939152994e-03
-2.315642804089931058e-03
-2.343542114982580856e-03
-2.371608487617102821e-03
-2.399841921993496521e-03
-2.428242418111762821e-03
-2.456809975971901289e-03
-8.709153988243648016e-04
-8.810423220665086199e-04
-8.912277824372196941e-04
-9.014717799364981325e-04
-9.117743145643437182e-04
-9.221353863207567766e-04
-9.325549952057370908e-04
-9.430331412192847693e-04
-9.535698243613997035e-04
4.713211101917591690e-03
4.765290782601763926e-03
4.817656615377607400e-03
4.870308600245122112e-03
4.923246737204308061e-03
4.976471026255166116e-03
5.029981467397694542e-03
5.083778060631894205e-03
5.137860805957765974e-03
4.338243957574703866e-03
4.383909683443911777e-03
4.429814496883114315e-03
4.475958397892313215e-03
4.522341386471509343e-03
4.568963462620699231e-03
4.615824626339886348e-03
4.662924877629068092e-03
4.710264216488247065e-03
1.801962512470795669e-03
1.820072688475527292e-03
1.838273415360282487e-03
1.856564693125061470e-03
1.874946521769864025e-03
1.893418901294690150e-03
1.911981831699540064e-03
1.930635312984413767e-03
1.949379345149310824e-03
2.122359410676235517e-03
2.142766712701968564e-03
2.163271657321126380e-03
2.183874244533708098e-03
2.204574474339715019e-03
2.225372346739146277e-03
2.246267861732002304e-03
2.267261019318282667e-03
2.288351819497987365e-03
3.057544339253336942e-03
3.085724471412354224e-03
3.114033870232651123e-03
3.142472535714227640e-03
3.171040467857084207e-03
3.199737666661220826e-03
3.228564132126637062e-03
3.257519864253333348e-03
3.286604863041309686e-03
2.474505170477870122e-02
2.496403446322806655e-02
2.518398190343271864e-02
2.540489402539265751e-02
2.562677082910787621e-02
2.584961231457838168e-02
2.607341848180416699e-02
2.629818933078523907e-02
2.652392486152159098e-02
2.614588898983324222e-02
2.636840719400203661e-02
2.659186827191730579e-02
2.681627222357906015e-02
2.704161904898728583e-02
2.726790874814198976e-02
2.749514132104317193e-02
2.772331676769083236e-02
2.795243508808497451e-02
3.122211482393243143e-02
3.147803379789908956e-02
3.173499733910643134e-02
3.199300544755444980e-02
3.225205812324314497e-02
3.251215536617252377e-02
3.277329717634258621e-02
3.303548355375332535e-02
3.329871449840474812e-02
7.258167045146157736e-02
7.315543859732293042e-02
7.373146567289240449e-02
7.430975167816999960e-02
7.489029661315570185e-02
7.547310047784951126e-02
7.605816327225144169e-02
7.664548499636149315e-02
7.723506565017966563e-02
7.161480797924754671e-02
7.216148590275325847e-02
7.271024244954224502e-02
7.326107761961454801e-02
7.381399141297012578e-02
7.436898382960899223e-02
7.492605486953116123e-02
7.548520453273661890e-02
7.604643281922536524e-02
7.559012570937083397e-02
7.614798641571306204e-02
7.670789808053447845e-02
7.726986070383509708e-02
7.783387428561491794e-02
7.839993882587394103e-02
7.896805432461215246e-02
7.953822078182956612e-02
8.011043819752618200e-02
7.701291977378108000e-02
7.756301205787952124e-02
7.811506196576477323e-02
7.866906949743687760e-02
7.922503465289579272e-02
7.978295743214153246e-02
8.034283783517409683e-02
8.090467586199351357e-02
8.146847151259972719e-02
3.487490799471919256e-02
3.511625683897329903e-02
3.535843792062139113e-02
3.560145123966346192e-02
3.584529679609951142e-02
3.608997458992954654e-02
3.633548462115355343e-02
3.658182688977154595e-02
3.682900139578351717e-02
-7.953204734800380094e-02
-8.006581947785618159e-02
-8.060137679877829586e-02
-8.113871931077015764e-02
-8.167784701383175305e-02
-8.221875990796308209e-02
-8.276145799316415863e-02
-8.330594126943498268e-02
-8.385220973677554035e-02
-1.617596934902877925e-01
-1.628135025684004089e-01
-1.638707331045588522e-01
-1.649313850987631225e-01
-1.659954585510132197e-01
-1.670629534613091161e-01
-1.681338698296508394e-01
-1.692082076560383896e-01
-1.702859669404717391e-01
-2.553456335762046558e-01
-2.569617451811173625e-01
-2.585829549298941377e-01
-2.602092628225349813e-01
-2.618406688590398934e-01
-2.634771730394088740e-01
-2.651187753636419786e-01
-2.667654758317391517e-01
-2.684172744437003377e-01
-1.837826495104440960e-01
-1.849136196612775895e-01
-1.860480590457026240e-01
-1.871859676637191716e-01
-1.883273455153272047e-01
-1.894721926005267509e-01
-1.906205089193178381e-01
-1.917722944717004108e-01
-1.929275492576745243e-01
-2.648404545653614689e-02
-2.664263255507828138e-02
-2.680169304794442070e-02
-2.696122693513456486e-02
-2.712123421664871387e-02
-2.728171489248687465e-02
-2.744266896264903680e-02
-2.760409642713521072e-02
-2.776599728594538602e-02
2.086735133097384898e-01
2.098902684893871051e-01
2.111105607480463220e-01
2.123343900857161681e-01
2.135617565023965880e-01
2.147926599980876372e-01
2.160271005727892879e-01
2.172650782265015679e-01
2.185065929592244494e-01
4.491867696807116950e-01
4.517389672357157160e-01
4.542983948121220306e-01
4.568650524099306387e-01
4.594389400291415404e-01
4.620200576697546802e-01
4.646084053317701135e-01
4.672039830151877848e-01
4.698067907200078053e-01
4.745006712449695851e-01
4.771294838280441541e-01
4.797655583243317645e-01
4.824088947338321942e-01
4.850594930565454987e-01
4.877173532924717891e-01
4.903824754416110099e-01
4.930548595039631610e-01
4.957345054795281314e-01
5.304056258733472751e-01
5.332726833105005948e-01
5.361474686652740740e-01
5.390299819376681567e-01
5.419202231276823989e-01
5.448181922353170226e-01
5.477238892605721388e-01
5.506373142034474144e-01
5.535584670639431826e-01
3.089742021477392409e-01
3.106046728714739746e-01
3.122394343076396184e-01
3.138784864562361721e-01
3.155218293172635802e-01
3.171694628907218982e-01
3.188213871766110707e-01
3.204776021749310977e-01
3.221381078856820346e-01
-1.277871891203370136e-01
-1.284458859714727730e-01
-1.291062761307091300e-01
-1.297683595980461124e-01
-1.304321363734836925e-01
-1.310976064570218702e-01
-1.317647698486606733e-01
-1.324336265484000463e-01
-1.331041765562400447e-01
-5.477328401745898967e-01
-5.504921995709354254e-01
-5.532584920310908982e-01
-5.560317175550562041e-01
-5.588118761428315651e-01
-5.615989677944167591e-01
-5.643929925098117861e-01
-5.671939502890168683e-01
-5.700018411320317835e-01
-7.241494962805867797e-01
-7.277167351785207572e-01
-7.312927387911916099e-01
-7.348775071185994490e-01
-7.384710401607441632e-01
-7.420733379176258637e-01
-7.456844003892444395e-01
-7.493042275756000015e-01
-7.529328194766925497e-01
-6.775006886213150725e-01
-6.807657521809359347e-01
-6.840386644510365599e-01
-6.873194254316170593e-01
-6.906080351226774328e-01
-6.939044935242176804e-01
-6.972088006362376911e-01
-7.005209564587376869e-01
-7.038409609917174459e-01
-3.899422405772161593e-01
-3.917815907686180710e-01
-3.936252688428233393e-01
-3.954732747998319087e-01
-3.973256086396437792e-01
-3.991822703622588953e-01
-4.010432599676773679e-01
-4.029085774558991417e-01
-4.047782228269242166e-01
-3.111284586949416564e-01
-3.125655416450337509e-01
-3.140059358461629868e-01
-3.154496412983291975e-01
-3.168966580015325496e-01
-3.183469859557729875e-01
-3.198006251610505113e-01
-3.212575756173650654e-01
-3.227178373247167609e-01
-1.150106032484841806e-01
-1.155310132179343391e-01
-1.160525979277218511e-01
-1.165753573778467306e-01
-1.170992915683089497e-01
-1.176244004991085362e-01
-1.181506841702454902e-01
-1.186781425817197977e-01
-1.192067757335314726e-01
3.362610508357952166e-01
3.377522306621180137e-01
3.392467095588530546e-01
3.407444875260002837e-01
3.422455645635597565e-01
3.437499406715314731e-01
3.452576158499153780e-01
3.467685900987114711e-01
3.482828634179198635e-01
6.339244350994436283e-01
6.366806282955280727e-01
6.394428002187191318e-01
6.422109508690165836e-01
6.449850802464205390e-01
6.477651883509309982e-01
6.505512751825478501e-01
6.533433407412713168e-01
6.561413850271011761e-01
8.940943900782006848e-01
8.979071593322655032e-01
9.017280408613389531e-01
9.055570346654211455e-01
9.093941407445119696e-01
9.132393590986113141e-01
9.170926897277194012e-01
9.209541326318361198e-01
9.248236878109614700e-01
1.269669164735660383e+00
1.274981588019073131e+00
1.280305101956522362e+00
1.285639706548007855e+00
1.290985401793529608e+00
1.296342187693088066e+00
1.301710064246682341e+00
1.307089031454313544e+00
1.312479089315980563e+00
1.405729403154312385e+00
1.411502419183693791e+00
1.417287265163954757e+00
1.423083941095095506e+00
1.428892446977116482e+00
1.434712782810017018e+00
1.440544948593797780e+00
1.446388944328458104e+00
1.452244770013998432e+00
1.687901566092796291e+00
1.694707620794783320e+00
1.701527369771824727e+00
1.708360813023920288e+00
1.715207950551070226e+00
1.722068782353274541e+00
1.728943308430533010e+00
1.735831528782846078e+00
1.742733443410213079e+00
1.603673161691084204e+00
1.610024342529464914e+00
1.616388075108632583e+00
1.622764359428587655e+00
1.629153195489330352e+00
1.635554583290860009e+00
1.641968522833177069e+00
1.648395014116281532e+00
1.654834057140173398e+00
1.410967243904130530e+00
1.416457388822045305e+00
1.421958194215529048e+00
1.427469660084581315e+00
1.432991786429202552e+00
1.438524573249392535e+00
1.444068020545151265e+00
1.449622128316478742e+00
1.455186896563375187e+00
1.692989541628166394e+00
1.699463689014889756e+00
1.705950191644717728e+00
1.712449049517649868e+00
1.718960262633686620e+00
1.725483830992827983e+00
1.732019754595073291e+00
1.738568033440423433e+00
1.745128667528877742e+00
1.260154214056125932e+00
1.264891635913479861e+00
1.269637945991954453e+00
1.274393144291549707e+00
1.279157230812265844e+00
1.283930205554102644e+00
1.288712068517060327e+00
1.293502819701138451e+00
1.298302459106337459e+00
1.491224576656163148e+00
1.496737421671527901e+00
1.502260437987658959e+00
1.507793625604556320e+00
1.513336984522220208e+00
1.518890514740650399e+00
1.524454216259846895e+00
1.530028089079809694e+00
1.535612133200539020e+00
1.061711568290691465e+00
1.065572337629930422e+00
1.069440113810075310e+00
1.073314896831126353e+00
1.077196686693083327e+00
1.081085483395946456e+00
1.084981286939715739e+00
1.088884097324390954e+00
1.092793914549972101e+00
8.632051504278890341e-01
8.662935409482034332e-01
8.693874464515898293e-01
8.724868669380483333e-01
8.755918024075787232e-01
8.787022528601811100e-01
8.818182182958556048e-01
8.849396987146018745e-01
8.880666941164203632e-01
2.504232587181915437e-01
2.513050307559316909e-01
2.521883524809085952e-01
2.530732238931223121e-01
2.539596449925727861e-01
2.548476157792601282e-01
2.557371362531842829e-01
2.566282064143451946e-01
2.575208262627429190e-01
-4.067575925193366859e-01
-4.081674975194036770e-01
-4.095798418014777731e-01
-4.109946253655588078e-01
-4.124118482116470030e-01
-4.138315103397421368e-01
-4.152536117498443757e-01
-4.166781524419536087e-01
-4.181051324160698912e-01
-1.779776768981442103e+00
-1.785851092425065012e+00
-1.791935763949511484e+00
-1.798030783554781964e+00
-1.804136151240876451e+00
-1.810251867007794724e+00
-1.816377930855536782e+00
-1.822514342784102626e+00
-1.828661102793492477e+00
-2.997695375148551111e+00
-3.007771662123840617e+00
-3.017864855620900233e+00
-3.027974955639730847e+00
-3.038101962180331572e+00
-3.048245875242703740e+00
-3.058406694826845573e+00
-3.068584420932758849e+00
-3.078779053560442680e+00
-4.632160495026296232e+00
-4.647498774811150923e+00
-4.662862407124576336e+00
-4.678251391966571582e+00
-4.693665729337137549e+00
-4.709105419236272461e+00
-4.724570461663978094e+00
-4.740060856620253560e+00
-4.755576604105097971e+00
-6.866219376654395745e+00
-6.888621397459139928e+00
-6.911059903639789503e+00
-6.933534895196340919e+00
-6.956046372128797728e+00
-6.978594334437155489e+00
-7.001178782121419530e+00
-7.023799715181584524e+00
-7.046457133617654911e+00
-1.024037024199199486e+01
-1.027329747749679179e+01
-1.030627756570705600e+01
-1.033931050662278217e+01
-1.037239630024397563e+01
-1.040553494657063460e+01
-1.043872644560275731e+01
-1.047197079734034553e+01
-1.050526800178339926e+01
-1.383861549151281167e+01
-1.388247798118480247e+01
-1.392640987353032322e+01
-1.397041116854937570e+01
-1.401448186624196168e+01
-1.405862196660807761e+01
-1.410283146964772527e+01
-1.414711037536090465e+01
-1.419145868374761577e+01
-1.864454538720715249e+01
-1.870280959154217371e+01
-1.876116469167179091e+01
-1.881961068759600053e+01
-1.887814757931480614e+01
-1.893677536682820772e+01
-1.899549405013620174e+01
-1.905430362923879173e+01
-1.911320410413597415e+01
-2.372114306631778646e+01
-2.379424366128332835e+01
-2.386745671870266250e+01
-2.394078223857578891e+01
-2.401422022090270758e+01
-2.408777066568342207e+01
-2.416143357291792881e+01
-2.423520894260622427e+01
-2.430909677474831909e+01
-2.815196860637218279e+01
-2.823753690000857475e+01
-2.832323503931057473e+01
-2.840906302427817920e+01
-2.849502085491139525e+01
-2.858110853121022288e+01
-2.866732605317465854e+01
-2.875367342080470223e+01
-2.884015063410035395e+01
-3.397211467696052267e+01
-3.407398008828574376e+01
-3.417599799274168504e+01
-3.427816839032835361e+01
-3.438049128104575658e+01
-3.448296666489387974e+01
-3.458559454187273019e+01
-3.468837491198230794e+01
-3.479130777522261297e+01
-3.790166275724139666e+01
-3.801379785415630863e+01
-3.812609858636947280e+01
-3.823856495388088916e+01
-3.835119695669055062e+01
-3.846399459479846428e+01
-3.857695786820463013e+01
-3.869008677690904108e+01
-3.880338132091170422e+01
-4.270606938992006718e+01
-4.283075864361326524e+01
-4.295562966006694694e+01
-4.308068243928111940e+01
-4.320591698125577551e+01
-4.333133328599090817e+01
-4.345693135348653868e+01
-4.358271118374265285e+01
-4.370867277675925067e+01
-4.472935117153231488e+01
-4.485825420084508863e+01
-4.498734270214248454e+01
-4.511661667542450260e+01
-4.524607612069114282e+01
-4.537572103794241229e+01
-4.550555142717828971e+01
-4.563556728839880350e+01
-4.576576862160393233e+01
-4.613281316297112511e+01
-4.626405871962253968e+01
-4.639549070462146574e+01
-4.652710911796791038e+01
-4.665891395966187361e+01
-4.679090522970334831e+01
-4.692308292809234160e+01
-4.705544705482885348e+01
-4.718799760991287684e+01
-4.630102837737582888e+01
-4.643108744585160252e+01
-4.656132892536310663e+01
-4.669175281591034121e+01
-4.682235911749330626e+01
-4.695314783011200177e+01
-4.708411895376643486e+01
-4.721527248845659130e+01
-4.734660843418247822e+01
-4.620699726003673646e+01
-4.633517200971783723e+01
-4.646352428675306356e+01
-4.659205409114242968e+01
-4.672076142288591427e+01
-4.684964628198352443e+01
-4.697870866843527438e+01
-4.710794858224114989e+01
-4.723736602340115098e+01
-4.410561361788671064e+01
-4.422645091546996099e+01
-4.434745351715387329e+01
-4.446862142293844755e+01
-4.458995463282367666e+01
-4.471145314680958194e+01
-4.483311696489613496e+01
-4.495494608708334994e+01
-4.507694051337122687e+01
-4.238218826831573693e+01
-4.249688972506354645e+01
-4.261174618377993539e+01
-4.272675764446490376e+01
-4.284192410711844445e+01
-4.295724557174056457e+01
-4.307272203833127122e+01
-4.318835350689055019e+01
-4.330413997741840149e+01
-4.000807367752594956e+01
-4.011504713655676113e+01
-4.022216341729523492e+01
-4.032942251974134962e+01
-4.043682444389512654e+01
-4.054436918975654436e+01
-4.065205675732562440e+01
-4.075988714660234535e+01
-4.086786035758672853e+01
-3.778534334884894719e+01
-3.788517252546413516e+01
-3.798513340284003448e+01
-3.808522598097663092e+01
-3.818545025987393871e+01
-3.828580623953195072e+01
-3.838629391995067408e+01
-3.848691330113009457e+01
-3.858766438307022639e+01
-3.578537195356119582e+01
-3.587880634508485400e+01
-3.597236255458963683e+01
-3.606604058207555141e+01
-3.615984042754258354e+01
-3.625376209099074742e+01
-3.634780557242003596e+01
-3.644197087183044914e+01
-3.653625798922199408e+01
-3.347067896448179170e+01
-3.355705491019658382e+01
-3.364354216511976858e+01
-3.373014072925135309e+01
-3.381685060259133024e+01
-3.390367178513970003e+01
-3.399060427689646957e+01
-3.407764807786163175e+01
-3.416480318803519367e+01
-3.179708475557004732e+01
-3.187819976770159869e+01
-3.195941811105880248e+01
-3.204073978564164804e+01
-3.212216479145013892e+01
-3.220369312848428223e+01
-3.228532479674405664e+01
-3.236705979622949059e+01
-3.244889812694056275e+01
-3.067576478728827993e+01
-3.075313115497374739e+01
-3.083059496140945299e+01
-3.090815620659538610e+01
-3.098581489053155735e+01
-3.106357101321795966e+01
-3.114142457465459657e+01
-3.121937557484146808e+01
-3.129742401377856709e+01
-3.041229138990916425e+01
-3.048813251556978798e+01
-3.056406808846037038e+01
-3.064009810858091853e+01
-3.071622257593142891e+01
-3.079244149051190504e+01
-3.086875485232234340e+01
-3.094516266136274396e+01
-3.102166491763311029e+01
-2.984288470578461983e+01
-2.991647998249432305e+01
-2.999016589378125630e+01
-3.006394243964541602e+01
-3.013780962008680575e+01
-3.021176743510542195e+01
-3.028581588470126817e+01
-3.035995496887434442e+01
-3.043418468762464713e+01
-2.963229976595868465e+01
-2.970457366782687814e+01
-2.977693560124423655e+01
-2.984938556621076700e+01
-2.992192356272646947e+01
-2.999454959079134042e+01
-3.006726365040537985e+01
-3.014006574156858775e+01
-3.021295586428096769e+01
-3.009900792174422079e+01
-3.017162313989077305e+01
-3.024432584625195375e+01
-3.031711604082777001e+01
-3.038999372361822182e+01
-3.046295889462330564e+01
-3.053601155384302857e+01
-3.060915170127737994e+01
-3.068237933692637043e+01
-2.934516165329503679e+01
-2.941519783862509740e+01
-2.948531749974220162e+01
-2.955552063664634943e+01
-2.962580724933754084e+01
-2.969617733781577940e+01
-2.976663090208105800e+01
-2.983716794213338375e+01
-2.990778845797275309e+01
-2.944028990358462039e+01
-2.950980652673358051e+01
-2.957940512703248004e+01
-2.964908570448132252e+01
-2.971884825908010086e+01
-2.978869279082881860e+01
-2.985861929972747575e+01
-2.992862778577607941e+01
-2.999871824897461536e+01
-2.931083745236926674e+01
-2.937932071744489448e+01
-2.944788389298151898e+01
-2.951652697897914734e+01
-2.958524997543777246e+01
-2.965405288235739434e+01
-2.972293569973801652e+01
-2.979189842757963547e+01
-2.986094106588225117e+01
-3.080886105046240786e+01
-3.088009541127272684e+01
-3.095141202885072218e+01
-3.102281090319640100e+01
-3.109429203430975619e+01
-3.116585542219079130e+01
-3.123750106683950634e+01
-3.130922896825590129e+01
-3.138103912643997262e+01
-3.031712434857564631e+01
-3.038649991916735260e+01
-3.045595477612544855e+01
-3.052548891944993770e+01
-3.059510234914081650e+01
-3.066479506519808496e+01
-3.073456706762174306e+01
-3.080441835641179438e+01
-3.087434893156823179e+01
-3.091419428670513980e+01
-3.098421511181659227e+01
-3.105431514600622123e+01
-3.112449438927403378e+01
-3.119475284162002282e+01
-3.126509050304419546e+01
-3.133550737354654814e+01
-3.140600345312708086e+01
-3.147657874178579362e+01
-3.169256090938897330e+01
-3.176362046299746567e+01
-3.183475959057416915e+01
-3.190597829211907666e+01
-3.197727656763219173e+01
-3.204865441711351792e+01
-3.212011184056304813e+01
-3.219164883798077881e+01
-3.226326540936671705e+01
-3.349168720379762476e+01
-3.356603057161959214e+01
-3.364045636002673945e+01
-3.371496456901904537e+01
-3.378955519859651702e+01
-3.386422824875916149e+01
-3.393898371950697168e+01
-3.401382161083995470e+01
-3.408874192275810344e+01
-3.257045613796387329e+01
-3.264203955804731550e+01
-3.271370155488166631e+01
-3.278544212846693284e+01
-3.285726127880311509e+01
-3.292915900589021305e+01
-3.300113530972821962e+01
-3.307319019031714902e+01
-3.314532364765698702e+01
-3.319783450835247862e+01
-3.327008224395281388e+01
-3.334240850970053316e+01
-3.341481330559565066e+01
-3.348729663163815928e+01
-3.355985848782805903e+01
-3.363249887416534989e+01
-3.370521779065003187e+01
-3.377801523728210498e+01
-3.073682363365739079e+01
-3.080306678804027243e+01
-3.086938124829439545e+01
-3.093576701441975985e+01
-3.100222408641636562e+01
-3.106875246428420922e+01
-3.113535214802329776e+01
-3.120202313763362767e+01
-3.126876543311519541e+01
-2.840770300827296779e+01
-2.846833844692456239e+01
-2.852903852890094782e+01
-2.858980325420212054e+01
-2.865063262282808410e+01
-2.871152663477883493e+01
-2.877248529005437305e+01
-2.883350858865470201e+01
-2.889459653057981470e+01
-2.405758045248754229e+01
-2.410844214477609881e+01
-2.415935754529305157e+01
-2.421032665403839346e+01
-2.426134947101213157e+01
-2.431242599621426237e+01
-2.436355622964478584e+01
-2.441474017130370200e+01
-2.446597782119101439e+01
-1.620325572063298480e+01
-1.623718924046677259e+01
-1.627115825561419271e+01
-1.630516276607524517e+01
-1.633920277184993353e+01
-1.637327827293825422e+01
-1.640738926934020725e+01
-1.644153576105579617e+01
-1.647571774808502099e+01
-7.577485873325993992e+00
-7.593206798374388278e+00
-7.608944014536822564e+00
-7.624697521813295964e+00
-7.640467320203809365e+00
-7.656253409708362767e+00
-7.672055790326956171e+00
-7.687874462059589575e+00
-7.703709424906261205e+00
3.382192205220182046e+00
3.389144296083943964e+00
3.396103524617997582e+00
3.403069890822342014e+00
3.410043394696977703e+00
3.417024036241905094e+00
3.424011815457123742e+00
3.431006732342633647e+00
3.438008786898434810e+00
1.260989098210586512e+01
1.263557304113255775e+01
1.266128122636375331e+01
1.268701553779945179e+01
1.271277597543965321e+01
1.273856253928435933e+01
1.276437522933356838e+01
1.279021404558727859e+01
1.281607898804549528e+01
2.493457289573862923e+01
2.498489493992780908e+01
2.503526771198411538e+01
2.508569121190754458e+01
2.513616543969810380e+01
2.518669039535578946e+01
2.523726607888060158e+01
2.528789249027253661e+01
2.533856962953159808e+01
3.496729997120851152e+01
3.503723457115093254e+01
3.510723903582855598e+01
3.517731336524138896e+01
3.524745755938942438e+01
3.531767161827266932e+01
3.538795554189112380e+01
3.545830933024478782e+01
3.552873298333365426e+01
4.788430869154537106e+01
4.797922307943743192e+01
4.807423144197097997e+01
4.816933377914598680e+01
4.826453009096248792e+01
4.835982037742045492e+01
4.845520463851990201e+01
4.855068287426083629e+01
4.864625508464323644e+01
6.411585275838021403e+01
6.424181710564619152e+01
6.436790506856208083e+01
6.449411664712788195e+01
6.462045184134360909e+01
6.474691065120924804e+01
6.487349307672481302e+01
6.500019911789028981e+01
6.512702877470569263e+01
7.987359336229049234e+01
8.002914076903303453e+01
8.018483948648250248e+01
8.034068951463893882e+01
8.049669085350230091e+01
8.065284350307263139e+01
8.080914746334991605e+01
8.096560273433412647e+01
8.112220931602529106e+01
9.092427943611120611e+01
9.109980893309210614e+01
9.127550769670463637e+01
9.145137572694876837e+01
9.162741302382451636e+01
9.180361958733186611e+01
9.197999541747083185e+01
9.215654051424141358e+01
9.233325487764359707e+01
1.058874890804347899e+02
1.060901445619284544e+02
1.062929937867122447e+02
1.064960367547861892e+02
1.066992734661503022e+02
1.069027039208045267e+02
1.071063281187489196e+02
1.073101460599834667e+02
1.075141577445081396e+02
1.136985494763904967e+02
1.139142962495904783e+02
1.141302475221015555e+02
1.143464032939237143e+02
1.145627635650569545e+02
1.147793283355013045e+02
1.149960976052567361e+02
1.152130713743232633e+02
1.154302496427008862e+02
1.204914429845561159e+02
1.207181437239438111e+02
1.209450575279361857e+02
1.211721843965332539e+02
1.213995243297350015e+02
1.216270773275414285e+02
1.218548433899525492e+02
1.220828225169683776e+02
1.223110147085888855e+02
1.246690494104282152e+02
1.249016409205222971e+02
1.251344491981001568e+02
1.253674742431617943e+02
1.256007160557072098e+02
1.258341746357364030e+02
1.260678499832493742e+02
1.263017420982461374e+02
1.265358509807266643e+02
1.260597162701780576e+02
1.262929442373754227e+02
1.265263877572227074e+02
1.267600468297198830e+02
1.269939214548669781e+02
1.272280116326639643e+02
1.274623173631108557e+02
1.276968386462076523e+02
1.279315754819543542e+02
1.275111326873484643e+02
1.277450980684261737e+02
1.279792778998990030e+02
1.282136721817669525e+02
1.284482809140300219e+02
1.286831040966881972e+02
1.289181417297415067e+02
1.291533938131899504e+02
1.293888603470334999e+02
1.272944042047490854e+02
1.275260591714547331e+02
1.277579247335846446e+02
1.279900008911388340e+02
1.282222876441173014e+02
1.284547849925200467e+02
1.286874929363470983e+02
1.289204114755983994e+02
1.291535406102739785e+02
1.254352304259414836e+02
1.256616478093818046e+02
1.258882693563779895e+02
1.261150950669300244e+02
1.263421249410378948e+02
1.265693589787016435e+02
1.267967971799212279e+02
1.270244395446966763e+02
1.272522860730279604e+02
1.279676731509060374e+02
1.281968005871654839e+02
1.284261329674645253e+02
1.286556702918031476e+02
1.288854125601813791e+02
1.291153597725991915e+02
1.293455119290565847e+02
1.295758690295535587e+02
1.298064310740901419e+02
1.243847853287863501e+02
1.246057174519280579e+02
1.248268456106715121e+02
1.250481698050166699e+02
1.252696900349635598e+02
1.254914063005121676e+02
1.257133186016624933e+02
1.259354269384145510e+02
1.261577313107683267e+02
1.228116160964067092e+02
1.230280242304973086e+02
1.232446228647059314e+02
1.234614119990325918e+02
1.236783916334772897e+02
1.238955617680400110e+02
1.241129224027207840e+02
1.243304735375195946e+02
1.245482151724364286e+02
1.213292739386785684e+02
1.215413880539559699e+02
1.217536874217358189e+02
1.219661720420180728e+02
1.221788419148027600e+02
1.223916970400898805e+02
1.226047374178794200e+02
1.228179630481713787e+02
1.230313739309657706e+02
1.221076977838785780e+02
1.223195064530613791e+02
1.225314986652850564e+02
1.227436744205496240e+02
1.229560337188550676e+02
1.231685765602014015e+02
1.233813029445886116e+02
1.235942128720167403e+02
1.238073063424857310e+02
1.138212002582507267e+02
1.140171059385575347e+02
1.142131800674286524e+02
1.144094226448640939e+02
1.146058336708638734e+02
1.148024131454279626e+02
1.149991610685563757e+02
1.151960774402490983e+02
1.153931622605061591e+02
1.112164725078182386e+02
1.114064237845181964e+02
1.115965371356863187e+02
1.117868125613226056e+02
1.119772500614270712e+02
1.121678496359997297e+02
1.123586112850405385e+02
1.125495350085495261e+02
1.127406208065266924e+02
1.005481748316487653e+02
1.007185954669566570e+02
1.008891604042419203e+02
1.010598696435045980e+02
1.012307231847446758e+02
1.014017210279621537e+02
1.015728631731570175e+02
1.017441496203292957e+02
1.019155803694789739e+02
9.762727412658891524e+01
9.779149157675979609e+01
9.795584702478795691e+01
9.812034047067342613e+01
9.828497191441616110e+01
9.844974135601619025e+01
9.861464879547349938e+01
9.877969423278810268e+01
9.894487766796000017e+01
8.776947822269340804e+01
8.791600489752261183e+01
8.806265377975367414e+01
8.820942486938659499e+01
8.835631816642137437e+01
8.850333367085802649e+01
8.865047138269652294e+01
8.879773130193687791e+01
8.894511342857910563e+01
7.502647055610502491e+01
7.515078947997595549e+01
7.527521131686333433e+01
7.539973606676716145e+01
7.552436372968743683e+01
7.564909430562416048e+01
7.577392779457733241e+01
7.589886419654696681e+01
7.602390351153303527e+01
6.487332199015170886e+01
6.498002153289867522e+01
6.508680874987960863e+01
6.519368364109452330e+01
6.530064620654340501e+01
6.540769644622625378e+01
6.551483436014308381e+01
6.562205994829389510e+01
6.572937321067867344e+01
6.213935447141950164e+01
6.224080647871978300e+01
6.234234123643383896e+01
6.244395874456168372e+01
6.254565900310331727e+01
6.264744201205873253e+01
6.274930777142793659e+01
6.285125628121092234e+01
6.295328754140768979e+01
4.662547166756396422e+01
4.670103969295710300e+01
4.677666890703476810e+01
4.685235930979695951e+01
4.692811090124367723e+01
4.700392368137492838e+01
4.707979765019070584e+01
4.715573280769101672e+01
4.723172915387585391e+01
4.327598742247624131e+01
4.334561893884386308e+01
4.341530642909923898e+01
4.348504989324236902e+01
4.355484933127325320e+01
4.362470474319189861e+01
4.369461612899829817e+01
4.376458348869244475e+01
4.383460682227435967e+01
3.322035104043515474e+01
3.327341869385438855e+01
3.332652869975040488e+01
3.337968105812321085e+01
3.343287576897280644e+01
3.348611283229919877e+01
3.353939224810238073e+01
3.359271401638235233e+01
3.364607813713911355e+01
2.627845459478185575e+01
2.632013334909554558e+01
2.636184512936352675e+01
2.640358993558579570e+01
2.644536776776235598e+01
2.648717862589320404e+01
2.652902250997834699e+01
2.657089942001777416e+01
2.661280935601149622e+01
2.776828500778788467e+01
2.781201459047731106e+01
2.785577857881795438e+01
2.789957697280980398e+01
2.794340977245287050e+01
2.798727697774714329e+01
2.803117858869263301e+01
2.807511460528932545e+01
2.811908502753723482e+01
2.126752869798002621e+01
2.130078519320751695e+01
2.133406767007190297e+01
2.136737612857318780e+01
2.140071056871136790e+01
2.143407099048644326e+01
2.146745739389841390e+01
2.150086977894728335e+01
2.153430814563304807e+01
2.762277704900176545e+01
2.766566955994742116e+01
2.770859534669675739e+01
2.775155440924977412e+01
2.779454674760647492e+01
2.783757236176685623e+01
2.788063125173091805e+01
2.792372341749866393e+01
2.796684885907009033e+01
3.418867174977813761e+01
3.424139136697132102e+01
3.429415160020239739e+01
3.434695244947138093e+01
3.439979391477825743e+01
3.445267599612303400e+01
3.450559869350571063e+01
3.455856200692629443e+01
3.461156593638476409e+01
4.894370652982139092e+01
4.901865860720243262e+01
4.909366803123793943e+01
4.916873480192790424e+01
4.924385891927232706e+01
4.931904038327122208e+01
4.939427919392456801e+01
4.946957535123238614e+01
4.954492885519465517e+01
5.859291253997891147e+01
5.868202723585720548e+01
5.877120964806975678e+01
5.886045977661655826e+01
5.894977762149760991e+01
5.903916318271292596e+01
5.912861646026249218e+01
5.921813745414630858e+01
5.930772616436438227e+01
6.941164534734434710e+01
6.951649677536148886e+01
6.962142733653185189e+01
6.972643703085542199e+01
6.983152585833222759e+01
6.993669381896224024e+01
7.004194091274547418e+01
7.014726713968194360e+01
7.025267249977160589e+01
8.248980630968132743e+01
8.261357196055857344e+01
8.273743038928505200e+01
8.286138159586074892e+01
8.298542558028569260e+01
8.310956234255986885e+01
8.323379188268327766e+01
8.335811420065591903e+01
8.348252929647779297e+01
1.082337352563725119e+02
1.083950373953536968e+02
1.085564596401717807e+02
1.087180019908268065e+02
1.088796644473187456e+02
1.090414470096475981e+02
1.092033496778133639e+02
1.093653724518160573e+02
1.095275153316556640e+02
1.028157569631081003e+02
1.029679638572059588e+02
1.031202833303674993e+02
1.032727153825927360e+02
1.034252600138816405e+02
1.035779172242342412e+02
1.037306870136505239e+02
1.038835693821304744e+02
1.040365643296741212e+02
1.182294112924534488e+02
1.184032780737658754e+02
1.185772726043665699e+02
1.187513948842554896e+02
1.189256449134326914e+02
1.191000226918981326e+02
1.192745282196518275e+02
1.194491614966937760e+02
1.196239225230239782e+02
1.095279852007358556e+02
1.096879968664783433e+02
1.098481253290571402e+02
1.100083705884722463e+02
1.101687326447236615e+02
1.103292114978114000e+02
1.104898071477354335e+02
1.106505195944957762e+02
1.108113488380924139e+02
1.200405858307160400e+02
1.202148101933150457e+02
1.203891608970036771e+02
1.205636379417819342e+02
1.207382413276498312e+02
1.209129710546073539e+02
1.210878271226545166e+02
1.212628095317913051e+02
1.214379182820177192e+02
1.192199671284191425e+02
1.193918776794334633e+02
1.195639120853116140e+02
1.197360703460535944e+02
1.199083524616594190e+02
1.200807584321291017e+02
1.202532882574626285e+02
1.204259419376599851e+02
1.205987194727211858e+02
1.164561972742809814e+02
1.166230399637856863e+02
1.167900020825598943e+02
1.169570836306036199e+02
1.171242846079168345e+02
1.172916050144995808e+02
1.174590448503518303e+02
1.176266041154735831e+02
1.177942828098648533e+02
1.069884144104512984e+02
1.071407110857686718e+02
1.072931160802007753e+02
1.074456293937476090e+02
1.075982510264091871e+02
1.077509809781854813e+02
1.079038192490765340e+02
1.080567658390823169e+02
1.082098207482028158e+02
1.047818641514252676e+02
1.049300704656422880e+02
1.050783815193039743e+02
1.052267973124103264e+02
1.053753178449613870e+02
1.055239431169570850e+02
1.056726731283974772e+02
1.058215078792825494e+02
1.059704473696122875e+02
1.138992520801351276e+02
1.140593353578303208e+02
1.142195310535576169e+02
1.143798391673169874e+02
1.145402596991084607e+02
1.147007926489320084e+02
1.148614380167876732e+02
1.150221958026753981e+02
1.151830660065952401e+02
1.051963744232900666e+02
1.053432967339371089e+02
1.054903215723655023e+02
1.056374489385752042e+02
1.057846788325662715e+02
1.059320112543386330e+02
1.060794462038923456e+02
1.062269836812273809e+02
1.063746236863437389e+02
1.053959628542083777e+02
1.055422445514383725e+02
1.056886276922864170e+02
1.058351122767524970e+02
1.059816983048366552e+02
1.061283857765388348e+02
1.062751746918590783e+02
1.064220650507973858e+02
1.065690568533537288e+02
9.949894913396653351e+01
9.963618906380649776e+01
9.977352357664426563e+01
9.991095267247986556e+01
1.000484763513132833e+02
1.001860946131445331e+02
1.003238074579736008e+02
1.004616148858004721e+02
1.005995168966251896e+02
9.620244870085491584e+01
9.633432320215834466e+01
9.646628802846268513e+01
9.659834317976789464e+01
9.673048865607401581e+01
9.686272445738102022e+01
9.699505058368890786e+01
9.712746703499770717e+01
9.725997381130738972e+01
8.409180724813475649e+01
8.420637374302322087e+01
8.432101822735681651e+01
8.443574070113552921e+01
8.455054116435937317e+01
8.466541961702834840e+01
8.478037605914242647e+01
8.489541049070165002e+01
8.501052291170599062e+01
7.543239480522885287e+01
7.553453751992788057e+01
7.563674934336485478e+01
7.573903027553978973e+01
7.584138031645268541e+01
7.594379946610354182e+01
7.604628772449233054e+01
7.614884509161909421e+01
7.625147156748380439e+01
5.850887423862977244e+01
5.858762104110437718e+01
5.866642080040646334e+01
5.874527351653604512e+01
5.882417918949311542e+01
5.890313781927766712e+01
5.898214940588970734e+01
5.906121394932924318e+01
5.914033144959626043e+01
4.284224169101648272e+01
4.289955572672352702e+01
4.295690807395176591e+01
4.301429873270119941e+01
4.307172770297182751e+01
4.312919498476365021e+01
4.318670057807666751e+01
4.324424448291088652e+01
4.330182669926628591e+01
3.153972066886603542e+01
3.158166178677675973e+01
3.162363077253991861e+01
3.166562762615550852e+01
3.170765234762353302e+01
3.174970493694398854e+01
3.179178539411687510e+01
3.183389371914219623e+01
3.187602991201994840e+01
3.191819397275013515e+01
3.196038590133275292e+01
3.200260569776779818e+01
3.204485336205528512e+01
3.208712889419519598e+01
3.212943229418754498e+01
3.217176356203232501e+01
3.221412269772953607e+01
3.090656888941558833e+01
3.094720869071659308e+01
3.098787519359532894e+01
3.102856839805178879e+01
3.106928830408597975e+01
3.111003491169789470e+01
3.115080822088753720e+01
3.119160823165490726e+01
3.123243494400000486e+01
3.127328835792283357e+01
3.131416847342338627e+01
3.135507529050166653e+01
3.139600880915767434e+01
3.143696902939140969e+01
3.147795595120286904e+01
3.151896957459205950e+01
3.156000989955897396e+01
3.672264531861242176e+01
3.677039908365613030e+01
3.681818387778693591e+01
3.686599970100484569e+01
3.691384655330984543e+01
3.696172443470194935e+01
3.700963334518114323e+01
3.705757328474744128e+01
3.710554425340083640e+01
3.715354625114132858e+01
3.720157927796892494e+01
3.724964333388361126e+01
3.729773841888539465e+01
3.734586453297428221e+01
3.739402167615025974e+01
3.744220984841334143e+01
3.749042904976352020e+01
5.559765862217833643e+01
5.566916686477920706e+01
5.574072106383418657e+01
5.581232121934328916e+01
5.588396733130650063e+01
5.595565939972383518e+01
5.602739742459527150e+01
5.609918140592082381e+01
5.617101134370049920e+01
5.624288723793427636e+01
5.631480908862216950e+01
5.638677689576418572e+01
5.645879065936030372e+01
5.653085037941053770e+01
5.660295605591488766e+01
5.667510768887335360e+01
5.674730527828592841e+01
1.111762735872241166e+02
1.113177192279203354e+02
1.114592547895578605e+02
1.116008802721367204e+02
1.117425956756568866e+02
1.118844010001183875e+02
1.120262962455211948e+02
1.121682814118653368e+02
1.123103564991507852e+02
1.124525215073775541e+02
1.125947764365456436e+02
1.127371212866550678e+02
1.128795560577057984e+02
1.130220807496978495e+02
1.131646953626312211e+02
1.133073998965059133e+02
1.134501943513219260e+02
1.902446157702189851e+02
1.904840677724470765e+02
1.907236703734186847e+02
1.909634235731338663e+02
1.912033273715925645e+02
1.914433817687948363e+02
1.916835867647406246e+02
1.919239423594299581e+02
1.921644485528628081e+02
1.924051053450392317e+02
1.926459127359592003e+02
1.928868707256226571e+02
1.931279793140296874e+02
1.933692385011802628e+02
1.936106482870743548e+02
1.938522086717120203e+02
1.940939196550932024e+02
3.015958888476272932e+02
3.019714752596418066e+02
3.023472953906432394e+02
3.027233492406315918e+02
3.030996368096068636e+02
3.034761580975691118e+02
3.038529131045183362e+02
3.042299018304544802e+02
3.046071242753775437e+02
3.049845804392875266e+02
3.053622703221844858e+02
3.057401939240683646e+02
3.061183512449392197e+02
3.064967422847969374e+02
3.068753670436416883e+02
3.072542255214733586e+02
3.076333177182919485e+02
4.034358175931735673e+02
4.039329658588459893e+02
4.044304202502977432e+02
4.049281807675289429e+02
4.054262474105394176e+02
4.059246201793292244e+02
4.064232990738984768e+02
4.069222840942470043e+02
4.074215752403749207e+02
4.079211725122822259e+02
4.084210759099688062e+02
4.089212854334347753e+02
4.094218010826800764e+02
4.099226228577047664e+02
4.104237507585088451e+02
4.109251847850922559e+02
4.114269249374549418e+02
4.902494753517370327e+02
4.908473405655806232e+02
4.914455701092315394e+02
4.920441639826897813e+02
4.926431221859554626e+02
4.932424447190283558e+02
4.938421315819086317e+02
4.944421827745962901e+02
4.950425982970911605e+02
4.956433781493935271e+02
4.962445223315031626e+02
4.968460308434200670e+02
4.974479036851444675e+02
4.980501408566760233e+02
4.986527423580150753e+02
4.992557081891613961e+02
4.998590383501150427e+02
5.381883842519154086e+02
5.388379779565043464e+02
5.394879634546424541e+02
5.401383407463298454e+02
5.407891098315662930e+02
5.414402707103520243e+02
5.420918233826870392e+02
5.427437678485712240e+02
5.433961041080045788e+02
5.440488321609872173e+02
5.447019520075190258e+02
5.453554636476000042e+02
5.460093670812301525e+02
5.466636623084095845e+02
5.473183493291383002e+02
5.479734281434160721e+02
5.486288987512431277e+02
5.798234312685323175e+02
5.805161713297850383e+02
5.812093249671937656e+02
5.819028921807583856e+02
5.825968729704790121e+02
5.832912673363556451e+02
5.839860752783882845e+02
5.846812967965768166e+02
5.853769318909213553e+02
5.860729805614219003e+02
5.867694428080783382e+02
5.874663186308907825e+02
5.881636080298592333e+02
5.888613110049835768e+02
5.895594275562639268e+02
5.902579576837002833e+02
5.909569013872926462e+02
5.708017148295368770e+02
5.714768203467805279e+02
5.721523248625569522e+02
5.728282283768659227e+02
5.735045308897075529e+02
5.741812324010817292e+02
5.748583329109886790e+02
5.755358324194282886e+02
5.762137309264005580e+02
5.768920284319054872e+02
5.775707249359429625e+02
5.782498204385130975e+02
5.789293149396160061e+02
5.796092084392514607e+02
5.802895009374196889e+02
5.809701924341204631e+02
5.816512829293537834e+02
5.497648300906230361e+02
5.504085828190663960e+02
5.510527122313765176e+02
5.516972183275536281e+02
5.523421011075975002e+02
5.529873605715082476e+02
5.536329967192858703e+02
5.542790095509302546e+02
5.549253990664416278e+02
5.555721652658196490e+02
5.562193081490647728e+02
5.568668277161765445e+02
5.575147239671551915e+02
5.581629969020007138e+02
5.588116465207131114e+02
5.594606728232923842e+02
5.601100758097384187e+02
5.062177763063590987e+02
5.068046954672939819e+02
5.073919546740926876e+02
5.079795539267552158e+02
5.085674932252815665e+02
5.091557725696717398e+02
5.097443919599256787e+02
5.103333513960434402e+02
5.109226508780250242e+02
5.115122904058703739e+02
5.121022699795796598e+02
5.126925895991525977e+02
5.132832492645893581e+02
5.138742489758900547e+02
5.144655887330544601e+02
5.150572685360826881e+02
5.156492883849747386e+02
4.148526620053811484e+02
4.153289566804734250e+02
4.158055246169972179e+02
4.162823658149524704e+02
4.167594802743392393e+02
4.172368679951574677e+02
4.177145289774072126e+02
4.181924632210884738e+02
4.186706707262012515e+02
4.191491514927454318e+02
4.196279055207211854e+02
4.201069328101283986e+02
4.205862333609670713e+02
4.210658071732373173e+02
4.215456542469390229e+02
4.220257745820721880e+02
4.225061681786368695e+02
3.360861853411817037e+02
3.364683185820471749e+02
3.368506689440722539e+02
3.372332364272568839e+02
3.376160210316010648e+02
3.379990227571049104e+02
3.383822416037682501e+02
3.387656775715912545e+02
3.391493306605738098e+02
3.395332008707159162e+02
3.399172882020176303e+02
3.403015926544789522e+02
3.406861142280998251e+02
3.410708529228803059e+02
3.414558087388203376e+02
3.418409816759199771e+02
3.422263717341791676e+02
2.196805191747987749e+02
2.199279071468424718e+02
2.201754343355277115e+02
2.204231007408545224e+02
2.206709063628228762e+02
2.209188512014328012e+02
2.211669352566842690e+02
2.214151585285773081e+02
2.216635210171118615e+02
2.219120227222880146e+02
2.221606636441057105e+02
2.224094437825649209e+02
2.226583631376657308e+02
2.229074217094080836e+02
2.231566194977920077e+02
2.234059565028174745e+02
2.236554327244844842e+02
1.343426354495072985e+02
1.344924878036060250e+02
1.346424236874450742e+02
1.347924431010243893e+02
1.349425460443439988e+02
1.350927325174039311e+02
1.352430025202041577e+02
1.353933560527447071e+02
1.355437931150255224e+02
1.356943137070466321e+02
1.358449178288080930e+02
1.359956054803098198e+02
1.361463766615518125e+02
1.362972313725341564e+02
1.364481696132567947e+02
1.365991913837197274e+02
1.367502966839229543e+02
4.648056316282137601e+01
4.653192290112283303e+01
4.658331099930187946e+01
4.663472745735850111e+01
4.668617227529270508e+01
4.673764545310449847e+01
4.678914699079387418e+01
4.684067688836082510e+01
4.689223514580535834e+01
4.694382176312748101e+01
4.699543674032717178e+01
4.704708007740445908e+01
4.709875177435932869e+01
4.715045183119177352e+01
4.720218024790180067e+01
4.725393702448941724e+01
4.730572216095460902e+01
-3.184636897941406275e+01
-3.188123090495255596e+01
-3.191611190156628908e+01
-3.195101196925526210e+01
-3.198593110801947503e+01
-3.202086931785893142e+01
-3.205582659877362062e+01
-3.209080295076355327e+01
-3.212579837382872938e+01
-3.216081286796914185e+01
-3.219584643318479777e+01
-3.223089906947569006e+01
-3.226597077684181869e+01
-3.230106155528319078e+01
-3.233617140479980634e+01
-3.237130032539165114e+01
-3.240644831705874651e+01
-1.180715065459710473e+02
-1.181995667482985652e+02
-1.183276963599498259e+02
-1.184558953809248720e+02
-1.185841638112236467e+02
-1.187125016508461783e+02
-1.188409088997924812e+02
-1.189693855580625126e+02
-1.190979316256563152e+02
-1.192265471025738748e+02
-1.193552319888151771e+02
-1.194839862843802507e+02
-1.196128099892690813e+02
-1.197417031034816404e+02
-1.198706656270179707e+02
-1.199996975598780580e+02
-1.201287989020618880e+02
-1.873909663769107112e+02
-1.875923537668912786e+02
-1.877938493133648592e+02
-1.879954530163314246e+02
-1.881971648757910032e+02
-1.883989848917435950e+02
-1.886009130641892000e+02
-1.888029493931277898e+02
-1.890050938785594212e+02
-1.892073465204840375e+02
-1.894097073189016669e+02
-1.896121762738123095e+02
-1.898147533852159654e+02
-1.900174386531126061e+02
-1.902202320775022883e+02
-1.904231336583849270e+02
-1.906261433957606073e+02
-2.225312015339793561e+02
-2.227681889690528294e+02
-2.230053025283599482e+02
-2.232425422119007692e+02
-2.234799080196752357e+02
-2.237173999516834044e+02
-2.239550180079252470e+02
-2.241927621884007351e+02
-2.244306324931098970e+02
-2.246686289220527613e+02
-2.249067514752292993e+02
-2.251450001526394828e+02
-2.253833749542833687e+02
-2.256218758801609283e+02
-2.258605029302721618e+02
-2.260992561046170408e+02
-2.263381354031955937e+02
-2.456000870036801018e+02
-2.458592955387763368e+02
-2.461186407872349662e+02
-2.463781227490559615e+02
-2.466377414242393797e+02
-2.468974968127851923e+02
-2.471573889146933993e+02
-2.474174177299639723e+02
-2.476775832585969397e+02
-2.479378855005923299e+02
-2.481983244559500861e+02
-2.484589001246702367e+02
-2.487196125067528101e+02
-2.489804616021977495e+02
-2.492414474110050833e+02
-2.495025699331748115e+02
-2.497638291687069341e+02
-2.336534418326785953e+02
-2.338978491986123629e+02
-2.341423843258456259e+02
-2.343870472143783843e+02
-2.346318378642106381e+02
-2.348767562753423874e+02
-2.351218024477736321e+02
-2.353669763815043723e+02
-2.356122780765346079e+02
-2.358577075328643105e+02
-2.361032647504935369e+02
-2.363489497294222303e+02
-2.365947624696504192e+02
-2.368407029711781320e+02
-2.370867712340053686e+02
-2.373329672581320153e+02
-2.375792910435582144e+02
-2.131575501913388280e+02
-2.133785533537974288e+02
-2.135996710256666802e+02
-2.138209032069464683e+02
-2.140422498976369070e+02
-2.142637110977379393e+02
-2.144852868072495369e+02
-2.147069770261717565e+02
-2.149287817545045698e+02
-2.151507009922480052e+02
-2.153727347394020342e+02
-2.155948829959666568e+02
-2.158171457619418732e+02
-2.160395230373276831e+02
-2.162620148221241436e+02
-2.164846211163311409e+02
-2.167073419199487887e+02
-2.027887567268380167e+02
-2.029971727152520202e+02
-2.032056957483441977e+02
-2.034143258261145775e+02
-2.036230629485631312e+02
-2.038319071156898872e+02
-2.040408583274947887e+02
-2.042499165839778925e+02
-2.044590818851391418e+02
-2.046683542309785651e+02
-2.048777336214962190e+02
-2.050872200566920185e+02
-2.052968135365660203e+02
-2.055065140611181675e+02
-2.057163216303484887e+02
-2.059262362442570122e+02
-2.061362579028437096e+02
-1.906537039524526165e+02
-1.908479512310593122e+02
-1.910422974135756817e+02
-1.912367425000016965e+02
-1.914312864903374134e+02
-1.916259293845828040e+02
-1.918206711827378399e+02
-1.920155118848026063e+02
-1.922104514907770181e+02
-1.924054900006611035e+02
-1.926006274144548627e+02
-1.927958637321583240e+02
-1.929911989537714589e+02
-1.931866330792942676e+02
-1.933821661087267501e+02
-1.935777980420689346e+02
-1.937735288793207360e+02
-1.846923352199268606e+02
-1.848788931342904220e+02
-1.850655452222604254e+02
-1.852522914838368990e+02
-1.854391319190197862e+02
-1.856260665278090869e+02
-1.858130953102048863e+02
-1.860002182662070993e+02
-1.861874353958157542e+02
-1.863747466990308794e+02
-1.865621521758524182e+02
-1.867496518262803988e+02
-1.869372456503148499e+02
-1.871249336479557144e+02
-1.873127158192030493e+02
-1.875005921640568261e+02
-1.876885626825170164e+02
-1.054229203021250214e+02
-1.055285015943655083e+02
-1.056341357300955934e+02
-1.057398227093153054e+02
-1.058455625320246156e+02
-1.059513551982235384e+02
-1.060572007079120738e+02
-1.061630990610902359e+02
-1.062690502577579821e+02
-1.063750542979153408e+02
-1.064811111815623121e+02
-1.065872209086988960e+02
-1.066933834793250924e+02
-1.067995988934409013e+02
-1.069058671510463085e+02
-1.070121882521413283e+02
-1.071185621967259749e+02
-1.279802812799372305e+02
-1.281073719266898934e+02
-1.282345256457238349e+02
-1.283617424370390268e+02
-1.284890223006354972e+02
-1.286163652365132464e+02
-1.287437712446722458e+02
-1.288712403251125238e+02
-1.289987724778340521e+02
-1.291263677028368591e+02
-1.292540260001209163e+02
-1.293817473696862805e+02
-1.295095318115328666e+02
-1.296373793256607314e+02
-1.297652899120698748e+02
-1.298932635707602969e+02
-1.300213003017319409e+02
-1.301494001049848919e+02
-1.302775629805190931e+02
-1.304057889283345446e+02
-1.305340779484313032e+02
-1.306624300408093120e+02
-1.307908452054685711e+02
-1.309193234424091088e+02
-1.310478647516309252e+02
-1.311764691331339918e+02
-1.313051365869183371e+02
-1.314338671129839327e+02
-1.315626607113308069e+02
-1.316915173819589597e+02
-1.318204371248683628e+02
-1.319494199400590162e+02
-1.320784658275309766e+02
-1.538406039561089926e+02
-1.539909123136625908e+02
-1.541412940639688998e+02
-1.542917492070279195e+02
-1.544422777428396500e+02
-1.545928796714040914e+02
-1.547435549927212435e+02
-1.548943037067911348e+02
-1.550451258136137085e+02
-1.551960213131889930e+02
-1.553469902055170166e+02
-1.554980324905977227e+02
-1.556491481684311680e+02
-1.558003372390172956e+02
-1.559515997023561340e+02
-1.561029355584477116e+02
-1.562543448072920000e+02
-1.564058274488889708e+02
-1.565573834832386808e+02
-1.567090129103411016e+02
-1.568607157301962047e+02
-1.570124919428040471e+02
-1.571643415481646002e+02
-1.573162645462778357e+02
-1.574682609371438105e+02
-1.576203307207624960e+02
-1.577724738971338923e+02
-1.579246904662579709e+02
-1.580769804281348172e+02
-1.582293437827643174e+02
-1.583817805301465853e+02
-1.585342906702815355e+02
-1.586868742031691681e+02
-2.057845576720223164e+02
-2.059824274390146286e+02
-2.061803922899891575e+02
-2.063784522249459314e+02
-2.065766072438849221e+02
-2.067748573468061011e+02
-2.069732025337095251e+02
-2.071716428045951375e+02
-2.073701781594629949e+02
-2.075688085983130406e+02
-2.077675341211453315e+02
-2.079663547279598106e+02
-2.081652704187565348e+02
-2.083642811935354757e+02
-2.085633870522966049e+02
-2.087625879950399508e+02
-2.089618840217655418e+02
-2.091612751324733210e+02
-2.093607613271633454e+02
-2.095603426058355581e+02
-2.097600189684900158e+02
-2.099597904151266619e+02
-2.101596569457455530e+02
-2.103596185603466324e+02
-2.105596752589299285e+02
-2.107598270414954413e+02
-2.109600739080431993e+02
-2.111604158585731454e+02
-2.113608528930853083e+02
-2.115613850115797163e+02
-2.117620122140563126e+02
-2.119627345005151255e+02
-2.121635518709561552e+02
-2.397785446024145131e+02
-2.400055001581196166e+02
-2.402325630721764753e+02
-2.404597333445851746e+02
-2.406870109753456290e+02
-2.409143959644579240e+02
-2.411418883119220027e+02
-2.413694880177378650e+02
-2.415971950819055678e+02
-2.418250095044250259e+02
-2.420529312852962960e+02
-2.422809604245193782e+02
-2.425090969220942441e+02
-2.427373407780209504e+02
-2.429656919922994120e+02
-2.431941505649296857e+02
-2.434227164959117715e+02
-2.436513897852456410e+02
-2.438801704329313225e+02
-2.441090584389687876e+02
-2.443380538033580649e+02
-2.445671565260991542e+02
-2.447963666071919988e+02
-2.450256840466366839e+02
-2.452551088444331526e+02
-2.454846410005814619e+02
-2.457142805150815263e+02
-2.459440273879333745e+02
-2.461738816191370631e+02
-2.464038432086925638e+02
-2.466339121565998198e+02
-2.468640884628589163e+02
-2.470943721274697964e+02
-2.488888683009761564e+02
-2.491208243758139531e+02
-2.493528884879479222e+02
-2.495850606373780636e+02
-2.498173408241043205e+02
-2.500497290481267498e+02
-2.502822253094453231e+02
-2.505148296080600403e+02
-2.507475419439709299e+02
-2.509803623171779634e+02
-2.512132907276811409e+02
-2.514463271754804623e+02
-2.516794716605759561e+02
-2.519127241829675938e+02
-2.521460847426553755e+02
-2.523795533396393012e+02
-2.526131299739193992e+02
-2.528468146454956695e+02
-2.530806073543680554e+02
-2.533145081005365853e+02
-2.535485168840012875e+02
-2.537826337047621621e+02
-2.540168585628191522e+02
-2.542511914581722863e+02
-2.544856323908216211e+02
-2.547201813607670715e+02
-2.549548383680086943e+02
-2.551896034125464325e+02
-2.554244764943803432e+02
-2.556594576135104262e+02
-2.558945467699366532e+02
-2.561297439636589957e+02
-2.563650491946775105e+02
-2.492938433164021035e+02
-2.495226582253662286e+02
-2.497515780952977309e+02
-2.499806029261966955e+02
-2.502097327180630373e+02
-2.504389674708968130e+02
-2.506683071846979942e+02
-2.508977518594666094e+02
-2.511273014952026301e+02
-2.513569560919060564e+02
-2.515867156495769166e+02
-2.518165801682151539e+02
-2.520465496478208536e+02
-2.522766240883939304e+02
-2.525068034899344411e+02
-2.527370878524423574e+02
-2.529674771759177077e+02
-2.531979714603604634e+02
-2.534285707057706247e+02
-2.536592749121481916e+02
-2.538900840794931639e+02
-2.541209982078055987e+02
-2.543520172970854105e+02
-2.545831413473326563e+02
-2.548143703585473077e+02
-2.550457043307293645e+02
-2.552771432638788554e+02
-2.555086871579957517e+02
-2.557403360130800536e+02
-2.559720898291317894e+02
-2.562039486061509592e+02
-2.564359123441374777e+02
-2.566679810430914586e+02
-2.319390091131503766e+02
-2.321487188863087567e+02
-2.323585234221300766e+02
-2.325684227206143930e+02
-2.327784167817616776e+02
-2.329885056055719019e+02
-2.331986891920451512e+02
-2.334089675411813403e+02
-2.336193406529804975e+02
-2.338298085274426796e+02
-2.340403711645677731e+02
-2.342510285643558632e+02
-2.344617807268069214e+02
-2.346726276519209478e+02
-2.348835693396979707e+02
-2.350946057901379618e+02
-2.353057370032409210e+02
-2.355169629790068200e+02
-2.357282837174357155e+02
-2.359396992185276076e+02
-2.361512094822824395e+02
-2.363628145087002679e+02
-2.365745142977810360e+02
-2.367863088495248007e+02
-2.369981981639315336e+02
-2.372101822410012630e+02
-2.374222610807339322e+02
-2.376344346831295695e+02
-2.378467030481882034e+02
-2.380590661759098055e+02
-2.382715240662943756e+02
-2.384840767193419140e+02
-2.386967241350524205e+02
-2.026192135218900034e+02
-2.027997206163415740e+02
-2.029803080790453578e+02
-2.031609759100012980e+02
-2.033417241092095082e+02
-2.035225526766699033e+02
-2.037034616123824833e+02
-2.038844509163473049e+02
-2.040655205885643113e+02
-2.042466706290335026e+02
-2.044279010377549071e+02
-2.046092118147285248e+02
-2.047906029599543558e+02
-2.049720744734324001e+02
-2.051536263551626007e+02
-2.053352586051450430e+02
-2.055169712233796986e+02
-2.056987642098665674e+02
-2.058806375646056210e+02
-2.060625912875968595e+02
-2.062446253788403112e+02
-2.064267398383359762e+02
-2.066089346660838544e+02
-2.067912098620839174e+02
-2.069735654263361937e+02
-2.071560013588406832e+02
-2.073385176595973576e+02
-2.075211143286062736e+02
-2.077037913658673745e+02
-2.078865487713806601e+02
-2.080693865451461591e+02
-2.082523046871638712e+02
-2.084353031974337966e+02
-1.848373559300075328e+02
-1.849996363127380050e+02
-1.851619879023059809e+02
-1.853244106987115174e+02
-1.854869047019545860e+02
-1.856494699120351868e+02
-1.858121063289532913e+02
-1.859748139527089563e+02
-1.861375927833021251e+02
-1.863004428207328544e+02
-1.864633640650010875e+02
-1.866263565161068527e+02
-1.867894201740501501e+02
-1.869525550388309796e+02
-1.871157611104493412e+02
-1.872790383889052350e+02
-1.874423868741986610e+02
-1.876058065663296190e+02
-1.877692974652980809e+02
-1.879328595711040748e+02
-1.880964928837476293e+02
-1.882601974032287160e+02
-1.884239731295472779e+02
-1.885878200627034289e+02
-1.887517382026970836e+02
-1.889157275495282704e+02
-1.890797881031969609e+02
-1.892439198637032121e+02
-1.894081228310469953e+02
-1.895723970052283107e+02
-1.897367423862471583e+02
-1.899011589741035095e+02
-1.900656467687974214e+02
-1.639076945056558543e+02
-1.640495445225365927e+02
-1.641914558932307955e+02
-1.643334286177385763e+02
-1.644754626960598500e+02
-1.646175581281947018e+02
-1.647597149141430464e+02
-1.649019330539049406e+02
-1.650442125474803561e+02
-1.651865533948692928e+02
-1.653289555960717507e+02
-1.654714191510877583e+02
-1.656139440599172872e+02
-1.657565303225603657e+02
-1.658991779390169654e+02
-1.660418869092870580e+02
-1.661846572333707286e+02
-1.663274889112678920e+02
-1.664703819429786336e+02
-1.666133363285028679e+02
-1.667563520678406235e+02
-1.668994291609919287e+02
-1.670425676079567552e+02
-1.671857674087351029e+02
-1.673290285633270003e+02
-1.674723510717324189e+02
-1.676157349339513871e+02
-1.677591801499838482e+02
-1.679026867198298874e+02
-1.680462546434894193e+02
-1.681898839209624725e+02
-1.683335745522490754e+02
-1.684773265373491995e+02
-1.496662778941197018e+02
-1.497939794964184159e+02
-1.499217355556904181e+02
-1.500495460719356799e+02
-1.501774110451542299e+02
-1.503053304753460111e+02
-1.504333043625110520e+02
-1.505613327066493525e+02
-1.506894155077609128e+02
-1.508175527658457611e+02
-1.509457444809038407e+02
-1.510739906529352083e+02
-1.512022912819398073e+02
-1.513306463679176943e+02
-1.514590559108688126e+02
-1.515875199107932190e+02
-1.517160383676908850e+02
-1.518446112815618108e+02
-1.519732386524059962e+02
-1.521019204802234412e+02
-1.522306567650141460e+02
-1.523594475067781389e+02
-1.524882927055153630e+02
-1.526171923612258752e+02
-1.527461464739096186e+02
-1.528751550435666502e+02
-1.530042180701969130e+02
-1.531333355538004639e+02
-1.532625074943772745e+02
-1.533917338919273163e+02
-1.535210147464506463e+02
-1.536503500579472359e+02
-1.537797398264170852e+02
-1.457775146894555007e+02
-1.459001714119540054e+02
-1.460228797142348753e+02
-1.461456395962981105e+02
-1.462684510581437394e+02
-1.463913140997717619e+02
-1.465142287211821497e+02
-1.466371949223749027e+02
-1.467602127033500778e+02
-1.468832820641075898e+02
-1.470064030046474954e+02
-1.471295755249697663e+02
-1.472527996250744309e+02
-1.473760753049614891e+02
-1.474994025646309126e+02
-1.476227814040827298e+02
-1.477462118233168837e+02
-1.478696938223334598e+02
-1.479932274011324012e+02
-1.481168125597137362e+02
-1.482404492980774080e+02
-1.483641376162235019e+02
-1.484878775141519611e+02
-1.486116689918628140e+02
-1.487355120493560321e+02
-1.488594066866316155e+02
-1.489833529036895925e+02
-1.491073507005299632e+02
-1.492314000771526992e+02
-1.493555010335578004e+02
-1.494796535697452953e+02
-1.496038576857151838e+02
-1.497281133814674376e+02
-1.362596705278317017e+02
-1.363727490925851100e+02
-1.364858745584437543e+02
-1.365990469254076345e+02
-1.367122661934767507e+02
-1.368255323626511313e+02
-1.369388454329307763e+02
-1.370522054043156288e+02
-1.371656122768057742e+02
-1.372790660504011555e+02
-1.373925667251017728e+02
-1.375061143009076261e+02
-1.376197087778187438e+02
-1.377333501558350974e+02
-1.378470384349567439e+02
-1.379607736151835979e+02
-1.380745556965156879e+02
-1.381883846789530423e+02
-1.383022605624956611e+02
-1.384161833471435159e+02
-1.385301530328966351e+02
-1.386441696197549618e+02
-1.387582331077185813e+02
-1.388723434967874084e+02
-1.389865007869614999e+02
-1.391007049782408558e+02
-1.392149560706254476e+02
-1.393292540641153039e+02
-1.394435989587103961e+02
-1.395579907544107243e+02
-1.396724294512163169e+02
-1.397869150491271455e+02
-1.399014475481432100e+02
-1.335050284427983627e+02
-1.336143244136889052e+02
-1.337236651046984548e+02
-1.338330505158270398e+02
-1.339424806470746603e+02
-1.340519554984412878e+02
-1.341614750699269507e+02
-1.342710393615316207e+02
-1.343806483732553261e+02
-1.344903021050980385e+02
-1.346000005570597864e+02
-1.347097437291405413e+02
-1.348195316213403316e+02
-1.349293642336591574e+02
-1.350392415660969903e+02
-1.351491636186538585e+02
-1.352591303913297054e+02
-1.353691418841246161e+02
-1.354791980970385339e+02
-1.355892990300714871e+02
-1.356994446832234473e+02
-1.358096350564944430e+02
-1.359198701498844457e+02
-1.360301499633934839e+02
-1.361404744970215290e+02
-1.362508437507686097e+02
-1.363612577246347257e+02
-1.364717164186198488e+02
-1.365822198327240073e+02
-1.366927679669471445e+02
-1.368033608212893455e+02
-1.369139983957505535e+02
-1.370246806903307970e+02
-1.221732294355707893e+02
-1.222719154044201986e+02
-1.223706412141936397e+02
-1.224694068648911554e+02
-1.225682123565126744e+02
-1.226670576890582396e+02
-1.227659428625278650e+02
-1.228648678769215223e+02
-1.229638327322392257e+02
-1.230628374284809468e+02
-1.231618819656467423e+02
-1.232609663437365697e+02
-1.233600905627504147e+02
-1.234592546226883201e+02
-1.235584585235502715e+02
-1.236577022653362405e+02
-1.237569858480462699e+02
-1.238563092716803453e+02
-1.239556725362384526e+02
-1.240550756417206060e+02
-1.241545185881267912e+02
-1.242540013754570083e+02
-1.243535240037112857e+02
-1.244530864728895949e+02
-1.245526887829919502e+02
-1.246523309340183374e+02
-1.247520129259687849e+02
-1.248517347588432642e+02
-1.249514964326417754e+02
-1.250512979473643327e+02
-1.251511393030109218e+02
-1.252510204995815570e+02
-1.253509415370762525e+02
