-8.406897712561292590e-02
-1.109803197265521457e-01
-1.440466039118995234e-01
-1.631128421545462448e-01
-1.879704094244125656e-01
-1.955074034019137486e-01
-2.231680474397789715e-01
-2.582577420584763472e-01
-2.455482896081375155e-01
-2.451563135212385391e-01
-2.337637922221602049e-01
-2.368265419508618630e-01
-1.854311815034946631e-01
-1.795162151715108123e-01
-3.108088540852135817e-01
-1.993543448830152887e-01
-1.110739190772493251e-01
-9.378985907824984036e-02
7.689639679516336278e-03
-7.627635966303254224e-03
-3.877637222664107822e-03
6.601714164395922936e-03
3.648323563518562906e-02
9.537872522997854416e-03
1.652033128780732996e-01
5.886160748803138942e-02
1.854728814348340360e-01
1.835446271835043108e-01
3.101368624367493720e-01
3.390829998226684849e-01
4.505361031206350231e-01
6.760781122339628579e-01
8.367161952298535210e-01
9.507320155767647885e-01
6.750615997301272486e-01
1.586334303874523122e-01
-3.207223844544763725e-01
-1.646679128997334818e+00
-1.735095555560923319e+00
-1.022612260448751531e+00
3.285818517679858775e-01
1.805408912302915114e+00
4.885304065381944838e+00
6.756013327397309531e+00
4.660838290590577415e+00
3.992407527692029223e+00
4.485027653581119544e-01
-2.633319594659614626e+00
-4.811094664233625195e+00
-4.671604923487879368e+00
-5.009580285724766213e+00
-1.740164798491420362e+00
4.123542989143202386e-01
2.399425267733426903e+00
4.989445736176037371e+00
7.383087744118159712e+00
1.163629270338184973e+01
1.475037269817154595e+01
1.467917677932136655e+01
1.602589267337745582e+01
1.759693272261695896e+01
1.442383384703951066e+01
1.488469894940613791e+01
1.134014363431188244e+01
1.093304166735056349e+01
6.850415972394888087e+00
-1.633015495225428770e+00
-2.947391468733228770e+00
-1.300574480664985799e+01
-3.018365248778531296e+01
-4.701136744074172924e+01
-6.856484960296801034e+01
-9.697915347751562365e+01
-1.298665561967759174e+02
-1.715711688889448112e+02
-2.192642139612777612e+02
-2.717661779902554713e+02
-3.153050041180253515e+02
-3.562547704762854437e+02
-3.877128534941520570e+02
-4.171632297605045210e+02
-4.319978649095356218e+02
-4.322091669905703384e+02
-4.324436164996520802e+02
-4.203983213034450728e+02
-3.977626302553367168e+02
-3.746978225741939923e+02
-3.525940208531428652e+02
-3.344375328225664816e+02
-3.063117604359996449e+02
-2.945764685613905840e+02
-2.904156031802939424e+02
-2.836894060728741351e+02
-2.803810217258931630e+02
-2.815894218093386030e+02
-2.799012646700247160e+02
-2.780432196929793918e+02
-2.786852737645234583e+02
-2.809450685975944566e+02
-2.818918113129718677e+02
-2.872271780283624025e+02
-2.965904500379965612e+02
-3.038098794999932011e+02
-3.018791286718136462e+02
-3.148129337884005849e+02
-3.118144883751746761e+02
-3.134700132082896289e+02
-2.680896386988907238e+02
-2.261337845119203962e+02
-1.307184202626765739e+02
-5.899288552970622845e+01
5.863064273729011688e+01
1.502092271620591362e+02
2.703215091521834665e+02
3.639826879666328523e+02
4.583694475091672871e+02
5.794832877167847300e+02
7.480257596063087249e+02
9.021930193973249743e+02
9.814283022838876605e+02
1.052507229592577687e+03
1.116068936700958830e+03
1.184801891456605972e+03
1.202891670606891239e+03
1.182442932494666593e+03
1.184580475369556325e+03
1.157392607353605854e+03
1.141758113841933664e+03
1.155290021974311003e+03
1.114609932685412787e+03
1.067620939971058306e+03
1.045892645982997010e+03
1.042196484888670511e+03
9.601830923969240530e+02
9.068627628492808981e+02
8.417230260866216440e+02
6.979213021564453356e+02
6.692433969847305661e+02
5.777755178362408515e+02
4.930450518939665017e+02
4.251181399420250955e+02
3.428695468068592618e+02
4.260445607693731631e+02
2.899079372598419582e+02
2.733585438830905332e+02
3.189483722993934975e+02
4.009816040297536119e+02
3.638645969496259909e+02
4.089435216969898761e+02
5.901541593432209538e+02
6.433616925388263326e+02
8.013162686966650199e+02
8.898872980088617624e+02
9.386672807563438710e+02
1.033459185484978207e+03
1.114074841236103339e+03
1.058711072575049911e+03
9.476870101911273423e+02
1.001979714485611794e+03
9.323668538260120613e+02
9.145092787935208207e+02
9.223010977780381836e+02
8.620826376247213148e+02
9.022783100547291042e+02
8.528582967301944109e+02
7.694403718026770775e+02
6.388965294882650596e+02
5.873971845563179386e+02
4.025174082964268791e+02
4.197794187455411361e+02
3.759120857509414009e+02
3.322837583889075859e+02
5.172645649091207360e+02
1.167915791332513436e+03
2.134395182365789879e+03
3.625132704891736921e+03
5.598094414461677843e+03
7.236932393688644879e+03
8.560351349217109600e+03
9.424856880692655977e+03
1.000385905821795859e+04
9.861395077643477634e+03
9.352563217728922609e+03
8.282246353046919467e+03
6.778418864585401934e+03
5.223977660028079299e+03
3.654746373605327335e+03
2.345670417550620641e+03
1.020017167918732298e+03
-4.625276250728721266e+02
-1.844623178641601044e+03
-2.580895897313283513e+03
-3.142358187130651459e+03
-3.493319748846988205e+03
-3.470892890709241783e+03
-3.075804421024729891e+03
-3.043607525643851659e+03
-3.059561016337254387e+03
-2.708584710890449969e+03
-1.716491209298486865e+03
-4.213390659507365854e+03
-5.400068955177814132e+03
-7.159078392561590590e+03
-7.943662882997284214e+03
-8.473466072793764397e+03
-8.105876968439544726e+03
-7.738595969175664322e+03
-7.120029712608676164e+03
-6.256534189992985375e+03
-5.595096750988506756e+03
-5.189988920986336780e+03
-5.107131516167967675e+03
-4.941385053503468953e+03
-4.600786766938323126e+03
-4.222184497887169528e+03
