0.000000000000000000e+00
0.000000000000000000e+00
0.000000000000000000e+00
0.000000000000000000e+00
0.000000000000000000e+00
0.000000000000000000e+00
0.000000000000000000e+00
0.000000000000000000e+00
0.000000000000000000e+00
0.000000000000000000e+00
0.000000000000000000e+00
0.000000000000000000e+00
0.000000000000000000e+00
0.000000000000000000e+00
0.000000000000000000e+00
0.000000000000000000e+00
0.000000000000000000e+00
0.000000000000000000e+00
0.000000000000000000e+00
0.000000000000000000e+00
0.000000000000000000e+00
0.000000000000000000e+00
0.000000000000000000e+00
0.000000000000000000e+00
0.000000000000000000e+00
0.000000000000000000e+00
0.000000000000000000e+00
0.000000000000000000e+00
1.852608123628365954e-03
1.976115331870256613e-03
2.103606643603821765e-03
2.235082058829060761e-03
2.370541577545973600e-03
3.700825775682434118e-03
3.912301534292859061e-03
4.129651619531351375e-03
4.352876031397910628e-03
4.581974769892537686e-03
6.493463213473459061e-03
6.818136374147132361e-03
7.150728392398210571e-03
7.491239268226697161e-03
7.839669001632590395e-03
9.009307295549226838e-03
9.409720953129193516e-03
9.818839255439157018e-03
1.023666220247912255e-02
1.066318979424908490e-02
1.474127854824066816e-02
1.533092969017029426e-02
1.593214261919658273e-02
1.654491733531952835e-02
1.716925383853913287e-02
1.841989330750954182e-02
1.908970760960079782e-02
1.977148288137225637e-02
2.046521912282391401e-02
2.117091633395577072e-02
2.312686067203228307e-02
2.389775602776669436e-02
2.468128901228363453e-02
2.547745962558310706e-02
2.628626786766511195e-02
3.018975303631081172e-02
3.111866851435114711e-02
3.206165846933149016e-02
3.301872290125183046e-02
3.398986181011217494e-02
3.397241117086088891e-02
3.494305149002834010e-02
3.592736279960660056e-02
3.692534509959567723e-02
3.793699838999555624e-02
4.349540497284044849e-02
4.465528243878286174e-02
4.583042145032978354e-02
4.702082200748120000e-02
4.822648411023713194e-02
5.146382001246307264e-02
5.275041551277465102e-02
5.405289490815180092e-02
5.537125819859452930e-02
5.670550538410282920e-02
6.259256286605816011e-02
6.406532905114188658e-02
6.555522042442425701e-02
6.706223698590527138e-02
6.858637873558494358e-02
7.117510532277110391e-02
7.275677432994380467e-02
7.435582431521728375e-02
7.597225527859158278e-02
7.760606722006666014e-02
8.158007588220696216e-02
8.329755116393762482e-02
8.503291681318633777e-02
8.678617282995305937e-02
8.855731921423780351e-02
8.947268980229693136e-02
9.126214359834287915e-02
9.306931475870609816e-02
9.489420328338661614e-02
9.673680917238441923e-02
9.859713242569949354e-02
1.004751730433318668e-01
1.023709310252815252e-01
1.042844063715484687e-01
1.077154152973230500e-01
1.096918449358060405e-01
1.116862421164570712e-01
1.136986068392761007e-01
1.157289391042631704e-01
1.177772389114182805e-01
1.198435062607414031e-01
1.219277411522325522e-01
1.240299435858917415e-01
1.275127337564594676e-01
1.296739665319926738e-01
1.318533609274883667e-01
1.340509169429464909e-01
1.362666345783671018e-01
1.385005138337501718e-01
1.407525547090957008e-01
1.430227572044036610e-01
1.453111213196741358e-01
1.511580202600564804e-01
1.535384615239943906e-01
1.559374999853067878e-01
1.583551356439937274e-01
1.607913685000551540e-01
1.632461985534911231e-01
1.657196258043016068e-01
1.682116502524865775e-01
1.707222718980460907e-01
1.686348712882410339e-01
1.711147958660092783e-01
1.736128220830313040e-01
1.761289499393071389e-01
1.786631794348367275e-01
1.812155105696201252e-01
1.837859433436572765e-01
1.863744777569482092e-01
1.889811138094929510e-01
1.999175760536074653e-01
2.026750598612434562e-01
2.054514305442741717e-01
2.082466881026996675e-01
2.110608325365199434e-01
2.138938638457349717e-01
2.167457820303447802e-01
2.196165870903493411e-01
2.225062790257486822e-01
2.245534572501701187e-01
2.274697359157567544e-01
2.304048292824116828e-01
2.333587373501349316e-01
2.363314601189264452e-01
2.393229975887862793e-01
2.423333497597144059e-01
2.453625166317108530e-01
2.484104982047755650e-01
2.497748377410632104e-01
2.528395596765363740e-01
2.559229689408843433e-01
2.590250655341072017e-01
2.621458494562048935e-01
2.652853207071774189e-01
2.684434792870247222e-01
2.716203251957469700e-01
2.748158584333439403e-01
2.737639644365642555e-01
2.769472663486173269e-01
2.801489688497573738e-01
2.833690719399845070e-01
2.866075756192986157e-01
2.898644798876996997e-01
2.931397847451878702e-01
2.964334901917630161e-01
2.997455962274251928e-01
3.127655351136645057e-01
3.162215078773514265e-01
3.196964695023772340e-01
3.231904199887420392e-01
3.267033593364457311e-01
3.302352875454884207e-01
3.337862046158699969e-01
3.373561105475905153e-01
3.409450053406500314e-01
3.385438228131664173e-01
3.421074420006734451e-01
3.456897188802616760e-01
3.492906534519309991e-01
3.529102457156816364e-01
3.565484956715133658e-01
3.602054033194263538e-01
3.638809686594204895e-01
3.675751916914958284e-01
3.953547803618894241e-01
3.993281952398983203e-01
4.033214771922973285e-01
4.073346262190863931e-01
4.113676423202654031e-01
4.154205254958345250e-01
4.194932757457937034e-01
4.235858930701428826e-01
4.276983774688821183e-01
4.337739558550441910e-01
4.379448592767273274e-01
4.421357191741123183e-01
4.463465355471990526e-01
4.505773083959876968e-01
4.548280377204780844e-01
4.590987235206704375e-01
4.633893657965644786e-01
4.676999645481604295e-01
4.804312836302866430e-01
4.848592217282616246e-01
4.893074714688879223e-01
4.937760328521654252e-01
4.982649058780941886e-01
5.027740905466742127e-01
5.073035868579055530e-01
5.118533948117881538e-01
5.164235144083219042e-01
5.377491586520415368e-01
5.425080007640065149e-01
5.472878069381387212e-01
5.520885771744381554e-01
5.569103114729048176e-01
5.617530098335388189e-01
5.666166722563400482e-01
5.715012987413085055e-01
5.764068892884441908e-01
6.131412830677561709e-01
6.183595067534392031e-01
6.235998415564343311e-01
6.288622874767418880e-01
6.341468445143615407e-01
6.394535126692934002e-01
6.447822919415375775e-01
6.501331823310938507e-01
6.555061838379624417e-01
7.089970596617836129e-01
7.148085109704866991e-01
7.206436824886132131e-01
7.265025742161629330e-01
7.323851861531358587e-01
7.382915182995321013e-01
7.442215706553516608e-01
7.501753432205944261e-01
7.561528359952605083e-01
8.008621753082376671e-01
8.071931015952593658e-01
8.135489527889228079e-01
8.199297288892281044e-01
8.263354298961751443e-01
8.327660558097640386e-01
8.392216066299947874e-01
8.457020823568672796e-01
8.522074829903817372e-01
9.119437358835685847e-01
9.189051384475652728e-01
9.258930102228318804e-01
9.329073512093685183e-01
9.399481614071750757e-01
9.470154408162515525e-01
9.541091894365980597e-01
9.612294072682144863e-01
9.683760943111007213e-01
1.013679770252010837e+00
1.021160801766785697e+00
1.028669337073894408e+00
1.036205376173336967e+00
1.043768919065113154e+00
1.051359965749222969e+00
1.058978516225666633e+00
1.066624570494444146e+00
1.074298128555555065e+00
1.142253567527603542e+00
1.150412521581372083e+00
1.158600511058819338e+00
1.166817535959945973e+00
1.175063596284751100e+00
1.183338692033235162e+00
1.191642823205398161e+00
1.199975989801240317e+00
1.208338191820761187e+00
1.287895514241629513e+00
1.296808285966485119e+00
1.305751791386943639e+00
1.314726030503005072e+00
1.323731003314669419e+00
1.332766709821936901e+00
1.341833150024807075e+00
1.350930323923280385e+00
1.360058231517356608e+00
1.408727968942859121e+00
1.418182519069992598e+00
1.427668689766112831e+00
1.437186481031220264e+00
1.446735892865314677e+00
1.456316925268396290e+00
1.465929578240464881e+00
1.475573851781520673e+00
1.485249745891563222e+00
1.476461485897441639e+00
1.486080127499379566e+00
1.495729998457167698e+00
1.505411098770806255e+00
1.515123428440295461e+00
1.524866987465634871e+00
1.534641775846824707e+00
1.544447793583865192e+00
1.554285040676756102e+00
1.606141070085261857e+00
1.616306519895928107e+00
1.626504037371612199e+00
1.636733622512314357e+00
1.646995275318034135e+00
1.657288995788771757e+00
1.667614783924527222e+00
1.677972639725300752e+00
1.688362563191092125e+00
1.712515192551665510e+00
1.723053747582752759e+00
1.733624629469763700e+00
1.744227838212697890e+00
1.754863373811555771e+00
1.765531236266337345e+00
1.776231425577042389e+00
1.786963941743671125e+00
1.797728784766223331e+00
1.719445746618203152e+00
1.729741828933282211e+00
1.740068645822436144e+00
1.750426197285664731e+00
1.760814483322968416e+00
1.771233503934346976e+00
1.781683259119800411e+00
1.792163748879328722e+00
1.802674973212931686e+00
1.499944935415027603e+00
1.508690970023861544e+00
1.517462429151907211e+00
1.526259312799164602e+00
1.535081620965633720e+00
1.543929353651314562e+00
1.552802510856207130e+00
1.561701092580311645e+00
1.570625098823627885e+00
1.125824248343554768e+00
1.132220977027325048e+00
1.138635826755524993e+00
1.145068797528155269e+00
1.151519889345215208e+00
1.157989102206705256e+00
1.164476436112625191e+00
1.170981891062975011e+00
1.177505467057754718e+00
4.017708844231187015e-01
4.039967618991470721e-01
4.062287882079821388e-01
4.084669633496239571e-01
4.107112873240723605e-01
4.129617601313275710e-01
4.152183817713894776e-01
4.174811522442581357e-01
4.197500715499333790e-01
-8.332426193181000640e-01
-8.377466334765762968e-01
-8.422627878349405739e-01
-8.467910823931930064e-01
-8.513315171513333723e-01
-8.558840921093618936e-01
-8.604488072672784593e-01
-8.650256626250830694e-01
-8.696146581827759459e-01
-2.607083805702167911e+00
-2.620841503885292578e+00
-2.634635406537320534e+00
-2.648465513658251336e+00
-2.662331825248084982e+00
-2.676234341306821918e+00
-2.690173061834461699e+00
-2.704147986831004324e+00
-2.718159116296449795e+00
-4.583388921718992037e+00
-4.607014637810326718e+00
-4.630701088390329012e+00
-4.654448273458997143e+00
-4.678256193016331999e+00
-4.702124847062333579e+00
-4.726054235597001885e+00
-4.750044358620336915e+00
-4.774095216132338670e+00
-7.177498586251283008e+00
-7.213657269305445929e+00
-7.249906803322056170e+00
-7.286247188301113731e+00
-7.322678424242620387e+00
-7.359200511146573476e+00
-7.395813449012973884e+00
-7.432517237841822499e+00
-7.469311877633118435e+00
-9.385899093908331992e+00
-9.432135050035958201e+00
-9.478484608021393143e+00
-9.524947767864635040e+00
-9.571524529565685668e+00
-9.618214893124543252e+00
-9.665018858541207791e+00
-9.711936425815677509e+00
-9.758967594947957735e+00
-1.146265541722421233e+01
-1.151789713007830507e+01
-1.157327163551137339e+01
-1.162877893352341907e+01
-1.168441902411443856e+01
-1.174019190728443718e+01
-1.179609758303340961e+01
-1.185213605136135939e+01
-1.190830731226828476e+01
-1.295576463782361110e+01
-1.301687673517183619e+01
-1.307813262569029078e+01
-1.313953230937897843e+01
-1.320107578623789735e+01
-1.326276305626704399e+01
-1.332459411946642369e+01
-1.338656897583603644e+01
-1.344868762537587870e+01
-1.425303463373314550e+01
-1.431886851194900245e+01
-1.438485408112849129e+01
-1.445099134127161022e+01
-1.451728029237836104e+01
-1.458372093444874196e+01
-1.465031326748275653e+01
-1.471705729148039943e+01
-1.478395300644167421e+01
-1.503571806876893824e+01
-1.510375299215703393e+01
-1.517194149325029251e+01
-1.524028357204871753e+01
-1.530877922855230722e+01
-1.537742846276106157e+01
-1.544623127467498058e+01
-1.551518766429406604e+01
-1.558429763161831616e+01
-1.499492507874256653e+01
-1.506142142055517219e+01
-1.512806487816824763e+01
-1.519485545158179463e+01
-1.526179314079581140e+01
-1.532887794581029794e+01
-1.539610986662525427e+01
-1.546348890324068215e+01
-1.553101505565658158e+01
-1.519861519421732510e+01
-1.526469612984435642e+01
-1.533092040806493905e+01
-1.539728802887907300e+01
-1.546379899228675825e+01
-1.553045329828799481e+01
-1.559725094688278091e+01
-1.566419193807112009e+01
-1.573127627185300881e+01
-1.509293355018581728e+01
-1.515729574016528680e+01
-1.522179487097450057e+01
-1.528643094261345858e+01
-1.535120395508216085e+01
-1.541611390838060558e+01
-1.548116080250879278e+01
-1.554634463746672601e+01
-1.561166541325439994e+01
-1.479737569452949586e+01
-1.485928940036434831e+01
-1.492133236237004290e+01
-1.498350458054658496e+01
-1.504580605489397271e+01
-1.510823678541220616e+01
-1.517079677210128175e+01
-1.523348601496120658e+01
-1.529630451399197355e+01
-1.448252453991906030e+01
-1.454200102673597783e+01
-1.460159939159964892e+01
-1.466131963451007536e+01
-1.472116175546726069e+01
-1.478112575447120136e+01
-1.484121163152189737e+01
-1.490141938661934873e+01
-1.496174901976355542e+01
-1.407497738835894019e+01
-1.413173132944103294e+01
-1.418859946356353063e+01
-1.424558179072643682e+01
-1.430267831092974973e+01
-1.435988902417346758e+01
-1.441721393045759392e+01
-1.447465302978212520e+01
-1.453220632214706498e+01
-1.392222141110142530e+01
-1.397735892164044103e+01
-1.403260539959158848e+01
-1.408796084495486767e+01
-1.414342525773028214e+01
-1.419899863791782657e+01
-1.425468098551750451e+01
-1.431047230052931418e+01
-1.436637258295325736e+01
-1.383065930818177591e+01
-1.388447510315524447e+01
-1.393839539481798262e+01
-1.399242018316999037e+01
-1.404654946821126593e+01
-1.410078324994181287e+01
-1.415512152836162763e+01
-1.420956430347071020e+01
-1.426411157526906237e+01
-1.398903720717246557e+01
-1.404253256934138427e+01
-1.409613002189612274e+01
-1.414982956483667920e+01
-1.420363119816305542e+01
-1.425753492187524962e+01
-1.431154073597326182e+01
-1.436564864045709200e+01
-1.441985863532674195e+01
-1.423184085852066971e+01
-1.428534401964292933e+01
-1.433894756193052089e+01
-1.439265148538344263e+01
-1.444645579000169811e+01
-1.450036047578528731e+01
-1.455436554273420846e+01
-1.460847099084846157e+01
-1.466267682012804840e+01
-1.435379359489461137e+01
-1.440685752685355681e+01
-1.446001936274600475e+01
-1.451327910257195519e+01
-1.456663674633141170e+01
-1.462009229402437249e+01
-1.467364574565083402e+01
-1.472729710121080160e+01
-1.478104636070426992e+01
-1.421561069350651785e+01
-1.426730382330108782e+01
-1.431909077002813468e+01
-1.437097153368765667e+01
-1.442294611427965556e+01
-1.447501451180412957e+01
-1.452717672626108225e+01
-1.457943275765051006e+01
-1.463178260597241476e+01
-1.496275309962836886e+01
-1.501628709998482059e+01
-1.506991669677047874e+01
-1.512364188998534686e+01
-1.517746267962942497e+01
-1.523137906570270772e+01
-1.528539104820520045e+01
-1.533949862713689960e+01
-1.539370180249780695e+01
-1.512429614211754192e+01
-1.517755070599823952e+01
-1.523089886313707275e+01
-1.528434061353404516e+01
-1.533787595718915497e+01
-1.539150489410240397e+01
-1.544522742427379214e+01
-1.549904354770331594e+01
-1.555295326439098069e+01
-1.556606162338495913e+01
-1.562001677632563457e+01
-1.567406527728177856e+01
-1.572820712625338935e+01
-1.578244232324047225e+01
-1.583677086824302016e+01
-1.589119276126103841e+01
-1.594570800229452345e+01
-1.600031659134347706e+01
-1.601875515739870082e+01
-1.607342667670723202e+01
-1.612819133318664200e+01
-1.618304912683693786e+01
-1.623800005765811605e+01
-1.629304412565017657e+01
-1.634818133081312297e+01
-1.640341167314694815e+01
-1.645873515265165921e+01
-1.683078725201957582e+01
-1.688736132681628277e+01
-1.694403032455727853e+01
-1.700079424524256311e+01
-1.705765308887213294e+01
-1.711460685544599869e+01
-1.717165554496414970e+01
-1.722879915742659662e+01
-1.728603769283332880e+01
-1.699495185267866049e+01
-1.705122652768753255e+01
-1.710759421868815267e+01
-1.716405492568052082e+01
-1.722060864866464058e+01
-1.727725538764051194e+01
-1.733399514260813490e+01
-1.739082791356750590e+01
-1.744775370051862495e+01
-1.742774150142142275e+01
-1.748460199571643514e+01
-1.754155509667968005e+01
-1.759860080431115748e+01
-1.765573911861087097e+01
-1.771297003957881344e+01
-1.777029356721499198e+01
-1.782770970151940304e+01
-1.788521844249204662e+01
-1.825886040672592969e+01
-1.831757056880543288e+01
-1.837637496870528864e+01
-1.843527360642550050e+01
-1.849426648196606138e+01
-1.855335359532697481e+01
-1.861253494650824081e+01
-1.867181053550985936e+01
-1.873118036233183048e+01
-1.882308275012234233e+01
-1.888274386818929074e+01
-1.894249938675951128e+01
-1.900234930583299686e+01
-1.906229362540976169e+01
-1.912233234548979155e+01
-1.918246546607309000e+01
-1.924269298715966414e+01
-1.930301490874950687e+01
-1.923548720193296901e+01
-1.929559809943900817e+01
-1.935580277369622948e+01
-1.941610122470462940e+01
-1.947649345246420793e+01
-1.953697945697496507e+01
-1.959755923823690082e+01
-1.965823279625002229e+01
-1.971900013101431881e+01
-1.986781383989618277e+01
-1.992903976852452530e+01
-1.999035989088921639e+01
-2.005177420699025603e+01
-2.011328271682765134e+01
-2.017488542040139521e+01
-2.023658231771149119e+01
-2.029837340875793572e+01
-2.036025869354073592e+01
-1.942958971965827075e+01
-1.948864622336543917e+01
-1.954779234240448815e+01
-1.960702807677540704e+01
-1.966635342647820650e+01
-1.972576839151288652e+01
-1.978527297187944001e+01
-1.984486716757787406e+01
-1.990455097860818157e+01
-1.852004971228998187e+01
-1.857558209523537940e+01
-1.863119761049057388e+01
-1.868689625805556531e+01
-1.874267803793036080e+01
-1.879854295011494969e+01
-1.885449099460934264e+01
-1.891052217141352898e+01
-1.896663648052751583e+01
-1.729710568044824726e+01
-1.734828054932531316e+01
-1.739953100885064785e+01
-1.745085705902424777e+01
-1.750225869984611649e+01
-1.755373593131625043e+01
-1.760528875343465671e+01
-1.765691716620132468e+01
-1.770862116961626143e+01
-1.565464378217049379e+01
-1.570035077131551660e+01
-1.574612438872459919e+01
-1.579196463439774156e+01
-1.583787150833494728e+01
-1.588384501053620745e+01
-1.592988514100153097e+01
-1.597599189973091249e+01
-1.602216528672435558e+01
-1.330674790034584731e+01
-1.334509587700390476e+01
-1.338349903060679402e+01
-1.342195736115451510e+01
-1.346047086864706799e+01
-1.349903955308445269e+01
-1.353766341446666743e+01
-1.357634245279371399e+01
-1.361507666806559413e+01
-1.165999250176848712e+01
-1.169316459992430168e+01
-1.172638381753772308e+01
-1.175965015460875129e+01
-1.179296361113738811e+01
-1.182632418712363176e+01
-1.185973188256748401e+01
-1.189318669746894486e+01
-1.192668863182801253e+01
-9.699480108941909151e+00
-9.726725839585002475e+00
-9.754009783034049974e+00
-9.781331939289048094e+00
-9.808692308349995059e+00
-9.836090890216894422e+00
-9.863527684889746183e+00
-9.891002692368546789e+00
-9.918515912653299793e+00
-7.482274288092004788e+00
-7.503029556574922765e+00
-7.523813571967097324e+00
-7.544626334268528467e+00
-7.565467843479215304e+00
-7.586338099599156948e+00
-7.607237102628356062e+00
-7.628164852566810872e+00
-7.649121349414521376e+00
-5.019660053616235906e+00
-5.033412546913814900e+00
-5.047183853471718606e+00
-5.060973973289947025e+00
-5.074782906368501045e+00
-5.088610652707379778e+00
-5.102457212306584111e+00
-5.116322585166112269e+00
-5.130206771285966028e+00
-3.222657085465555848e+00
-3.231378755520943002e+00
-3.240112211616945626e+00
-3.248857453753563718e+00
-3.257614481930796835e+00
-3.266383296148645421e+00
-3.275163896407109920e+00
-3.283956282706189445e+00
-3.292760455045883994e+00
-1.194589288044556774e+00
-1.197783377050023468e+00
-1.200981730526792690e+00
-1.204184348474863997e+00
-1.207391230894237832e+00
-1.210602377784913974e+00
-1.213817789146892645e+00
-1.217037464980173400e+00
-1.220261405284756684e+00
2.663044685399541533e-01
2.670080470565722730e-01
2.677125537770381758e-01
2.684179887013518062e-01
2.691243518295132753e-01
2.698316431615225275e-01
2.705398626973795073e-01
2.712490104370843258e-01
2.719590863806368719e-01
1.424092836358560543e+00
1.427811094416937987e+00
1.431534200269394264e+00
1.435262153915929151e+00
1.438994955356542649e+00
1.442732604591234979e+00
1.446475101620006143e+00
1.450222446442855695e+00
1.453974639059784302e+00
2.997971767841453694e+00
3.005708469177818642e+00
3.013455140490132411e+00
3.021211781778395444e+00
3.028978393042607298e+00
3.036754974282767972e+00
3.044541525498877910e+00
3.052338046690936224e+00
3.060144537858943803e+00
4.175951447285179086e+00
4.186604384650701505e+00
4.197270892637073203e+00
4.207950971244292404e+00
4.218644620472359108e+00
4.229351840321274203e+00
4.240072630791035913e+00
4.250806991881646013e+00
4.261554923593104505e+00
5.296278043493224175e+00
5.309635617373409389e+00
5.323010014394500722e+00
5.336401234556499951e+00
5.349809277859405299e+00
5.363234144303217654e+00
5.376675833887937905e+00
5.390134346613565164e+00
5.403609682480098542e+00
5.113757328447428030e+00
5.126509840488444603e+00
5.139278233615439007e+00
5.152062507828413018e+00
5.164862663127365749e+00
5.177678699512297200e+00
5.190510616983207370e+00
5.203358415540096260e+00
5.216222095182964757e+00
4.538514027885574009e+00
4.549706417596758534e+00
4.560912591039115505e+00
4.572132548212643144e+00
4.583366289117342340e+00
4.594613813753213094e+00
4.605875122120255405e+00
4.617150214218469273e+00
4.628439090047853810e+00
5.267653498153594072e+00
5.280501433514944054e+00
5.293365018005845357e+00
5.306244251626297093e+00
5.319139134376300149e+00
5.332049666255854525e+00
5.344975847264960223e+00
5.357917677403616352e+00
5.370875156671822914e+00
4.488626529396541720e+00
4.499455543942733726e+00
4.510297605494402617e+00
4.521152714051549282e+00
4.532020869614173719e+00
4.542902072182274154e+00
4.553796321755853249e+00
4.564703618334909230e+00
4.575623961919442095e+00
4.903535100887236986e+00
4.915238048622051714e+00
4.926954945043081402e+00
4.938685790150326937e+00
4.950430583943788321e+00
4.962189326423464664e+00
4.973962017589355966e+00
4.985748657441464005e+00
4.997549245979787003e+00
4.554216468156380593e+00
4.564970226050492741e+00
4.575736665262875924e+00
4.586515785793531030e+00
4.597307587642456284e+00
4.608112070809654348e+00
4.618929235295122560e+00
4.629759081098862694e+00
4.640601608220873864e+00
4.652438436907750940e+00
4.663308620171553898e+00
4.674191487429830261e+00
4.685087038682580030e+00
4.695995273929804092e+00
4.706916193171501561e+00
4.717849796407672436e+00
4.728796083638316716e+00
4.739755054863434403e+00
4.571908872571846416e+00
4.582479760138486569e+00
4.593062854272756290e+00
4.603658154974653804e+00
4.614265662244180888e+00
4.624885376081336652e+00
4.635517296486121097e+00
4.646161423458535111e+00
4.656817756998576918e+00
3.050552057373279613e+00
3.057532725696788134e+00
3.064521371926952398e+00
3.071517996063771960e+00
3.078522598107246822e+00
3.085535178057377426e+00
3.092555735914163328e+00
3.099584271677604530e+00
3.106620785347701030e+00
7.906737832893507845e-01
7.924646638857025804e-01
7.942575703650820440e-01
7.960525027274890641e-01
7.978494609729235298e-01
7.996484451013856631e-01
8.014494551128752420e-01
8.032524910073923774e-01
8.050575527849370694e-01
8.292984682136546326e-02
8.311578818195147766e-02
8.330193776354599677e-02
8.348829556614900671e-02
8.367486158976050747e-02
8.386163583438051294e-02
8.404861830000900924e-02
8.423580898664601024e-02
8.442320789429148820e-02
-2.624227290303677407e+00
-2.630052434122331473e+00
-2.635884035971826744e+00
-2.641722095852163221e+00
-2.647566613763340460e+00
-2.653417589705358903e+00
-2.659275023678218108e+00
-2.665138915681918963e+00
-2.671009265716460579e+00
-6.477326944191741376e+00
-6.491562827585569018e+00
-6.505814337635153599e+00
-6.520081474340494232e+00
-6.534364237701590916e+00
-6.548662627718442764e+00
-6.562976644391051551e+00
-6.577306287719416389e+00
-6.591651557703537279e+00
-1.332853742758327620e+01
-1.335754403787181666e+01
-1.338658217708458054e+01
-1.341565184522157139e+01
-1.344475304228279100e+01
-1.347388576826823581e+01
-1.350305002317790759e+01
-1.353224580701180457e+01
-1.356147311976992853e+01
-2.009131018610158392e+01
-2.013461042357163322e+01
-2.017795727055456112e+01
-2.022135072705037828e+01
-2.026479079305908115e+01
-2.030827746858066618e+01
-2.035181075361513692e+01
-2.039539064816249336e+01
-2.043901715222273197e+01
-3.027590064169646666e+01
-3.034052369536070515e+01
-3.040521564353844752e+01
-3.046997648622968669e+01
-3.053480622343443329e+01
-3.059970485515268024e+01
-3.066467238138442397e+01
-3.072970880212967160e+01
-3.079481411738841956e+01
-4.000314311987944649e+01
-4.008771636114769166e+01
-4.017237890890090313e+01
-4.025713076313908800e+01
-4.034197192386224629e+01
-4.042690239107037797e+01
-4.051192216476348307e+01
-4.059703124494155446e+01
-4.068222963160460637e+01
-4.886790493518667944e+01
-4.897024609735461098e+01
-4.907269431094740497e+01
-4.917524957596505431e+01
-4.927791189240757319e+01
-4.938068126027494742e+01
-4.948355767956718410e+01
-4.958654115028429032e+01
-4.968963167242625190e+01
-6.255588105590584291e+01
-6.268566504149900709e+01
-6.281558351826895858e+01
-6.294563648621568319e+01
-6.307582394533919512e+01
-6.320614589563948016e+01
-6.333660233711655252e+01
-6.346719326977039799e+01
-6.359791869360102368e+01
-7.571340061860287562e+01
-7.586902939685283798e+01
-7.602481795824267863e+01
-7.618076630277241179e+01
-7.633687443044202325e+01
-7.649314234125151302e+01
-7.664957003520090950e+01
-7.680615751229018429e+01
-7.696290477251935158e+01
-9.032889137608344754e+01
-9.051286060495530705e+01
-9.069701698461950912e+01
-9.088136051507605373e+01
-9.106589119632494089e+01
-9.125060902836615639e+01
-9.143551401119974287e+01
-9.162060614482564347e+01
-9.180588542924390083e+01
-9.947588307553724007e+01
-9.967664166902974898e+01
-9.987760264013667211e+01
-1.000787659888579810e+02
-1.002801317151937184e+02
-1.004816998191438557e+02
-1.006834703007084073e+02
-1.008854431598873589e+02
-1.010876183966807105e+02
-1.103187463317688497e+02
-1.105393838244323916e+02
-1.107602417341715295e+02
-1.109813200609862349e+02
-1.112026188048765363e+02
-1.114241379658424194e+02
-1.116458775438838984e+02
-1.118678375390009734e+02
-1.120900179511936301e+02
-1.197334998917853568e+02
-1.199708309123835477e+02
-1.202083969141902600e+02
-1.204461978972054510e+02
-1.206842338614291918e+02
-1.209225048068614257e+02
-1.211610107335021667e+02
-1.213997516413514433e+02
-1.216387275304092270e+02
-1.199198422045164421e+02
-1.201554411086510612e+02
-1.203912712187759837e+02
-1.206273325348912380e+02
-1.208636250569968098e+02
-1.211001487850926850e+02
-1.213369037191788919e+02
-1.215738898592554165e+02
-1.218111072053222586e+02
-1.202772108792446204e+02
-1.205114410854359477e+02
-1.207458991420223953e+02
-1.209805850490039774e+02
-1.212154988063806798e+02
-1.214506404141525167e+02
-1.216860098723194881e+02
-1.219216071808815656e+02
-1.221574323398387776e+02
-1.162568050217112869e+02
-1.164812390082396831e+02
-1.167058894209846045e+02
-1.169307562599460368e+02
-1.171558395251239943e+02
-1.173811392165184486e+02
-1.176066553341294423e+02
-1.178323878779569469e+02
-1.180583368480009625e+02
-1.093470142911928349e+02
-1.095562908735683294e+02
-1.097657675291583246e+02
-1.099754442579628204e+02
-1.101853210599818453e+02
-1.103953979352153567e+02
-1.106056748836633830e+02
-1.108161519053259241e+02
-1.110268290002029659e+02
-1.025911671804750540e+02
-1.027858373269275774e+02
-1.029806919948459267e+02
-1.031757311842301021e+02
-1.033709548950801036e+02
-1.035663631273959595e+02
-1.037619558811776272e+02
-1.039577331564251210e+02
-1.041536949531384693e+02
-9.582924042460639669e+01
-9.600954003029710293e+01
-9.619000909050443227e+01
-9.637064760522838469e+01
-9.655145557446896021e+01
-9.673243299822615882e+01
-9.691357987649998051e+01
-9.709489620929045373e+01
-9.727638199659753582e+01
-8.886816383571013489e+01
-8.903396264883645017e+01
-8.919991598089393392e+01
-8.936602383188255772e+01
-8.953228620180234998e+01
-8.969870309065326808e+01
-8.986527449843535464e+01
-9.003200042514859547e+01
-9.019888087079299055e+01
-8.091353806499176926e+01
-8.106323933800747739e+01
-8.121307896709807039e+01
-8.136305695226353407e+01
-8.151317329350386842e+01
-8.166342799081908765e+01
-8.181382104420917756e+01
-8.196435245367415234e+01
-8.211502221921398359e+01
-7.612465118028136146e+01
-7.626432943932775288e+01
-7.640413572610928838e+01
-7.654407004062596798e+01
-7.668413238287780587e+01
-7.682432275286478784e+01
-7.696464115058689970e+01
-7.710508757604418406e+01
-7.724566202923661251e+01
-7.030695918557272250e+01
-7.043490633604693585e+01
-7.056296980211246250e+01
-7.069114958376934510e+01
-7.081944568101756943e+01
-7.094785809385712128e+01
-7.107638682228802907e+01
-7.120503186631026438e+01
-7.133379322592385563e+01
-6.373405565990818644e+01
-6.384909908167697523e+01
-6.396424623962409584e+01
-6.407949713374954115e+01
-6.419485176405331117e+01
-6.431031013053542722e+01
-6.442587223319587508e+01
-6.454153807203464055e+01
-6.465730764705175204e+01
-5.813344779340024360e+01
-5.823753633018340992e+01
-5.834171796941451049e+01
-5.844599271109353111e+01
-5.855036055522048599e+01
-5.865482150179536802e+01
-5.875937555081817720e+01
-5.886402270228891354e+01
-5.896876295620757702e+01
-5.273293654956986387e+01
-5.282660073527070210e+01
-5.292034803027561907e+01
-5.301417843458462187e+01
-5.310809194819770340e+01
-5.320208857111486367e+01
-5.329616830333610977e+01
-5.339033114486144171e+01
-5.348457709569085239e+01
-5.633562497842932260e+01
-5.643489480217986198e+01
-5.653425201133862998e+01
-5.663369660590563370e+01
-5.673322858588085893e+01
-5.683284795126431987e+01
-5.693255470205600943e+01
-5.703234883825593471e+01
-5.713223035986408149e+01
-5.204953951089869690e+01
-5.214053520934432129e+01
-5.223161038001566681e+01
-5.232276502291272635e+01
-5.241399913803549993e+01
-5.250531272538400174e+01
-5.259670578495821047e+01
-5.268817831675814034e+01
-5.277973032078377713e+01
-5.295368854047519136e+01
-5.304554229336413584e+01
-5.313747564222611430e+01
-5.322948858706114095e+01
-5.332158112786920157e+01
-5.341375326465030327e+01
-5.350600499740445315e+01
-5.359833632613164411e+01
-5.369074725083186905e+01
-5.933612286588464002e+01
-5.943825044396706403e+01
-5.954046583596012709e+01
-5.964276904186383632e+01
-5.974516006167819882e+01
-5.984763889540320747e+01
-5.995020554303885518e+01
-6.005286000458515616e+01
-6.015560228004210330e+01
-5.961781889068057438e+01
-5.971964266333758786e+01
-5.982155331634670148e+01
-5.992355084970790813e+01
-6.002563526342120781e+01
-6.012780655748660763e+01
-6.023006473190410048e+01
-6.033240978667368637e+01
-6.043484172179537239e+01
-6.545295796090077545e+01
-6.556389517778366383e+01
-6.567492632965119981e+01
-6.578605141650339760e+01
-6.589727043834027143e+01
-6.600858339516177864e+01
-6.611999028696796188e+01
-6.623149111375880693e+01
-6.634308587553431380e+01
-7.149664130127115413e+01
-7.161690478537758509e+01
-7.173726933123535332e+01
-7.185773493884448726e+01
-7.197830160820495848e+01
-7.209896933931679541e+01
-7.221973813217996963e+01
-7.234060798679449533e+01
-7.246157890316037253e+01
-7.927056444006869640e+01
-7.940290261108717118e+01
-7.953535115589298243e+01
-7.966791007448614437e+01
-7.980057936686662856e+01
-7.993335903303447765e+01
-8.006624907298963478e+01
-8.019924948673214260e+01
-8.033236027426198689e+01
-8.836028607923536526e+01
-8.850669914647518510e+01
-8.865323341658525180e+01
-8.879988888956555115e+01
-8.894666556541606894e+01
-8.909356344413681938e+01
-8.924058252572780248e+01
-8.938772281018901822e+01
-8.953498429752046661e+01
-9.634382801973472965e+01
-9.650228826318823394e+01
-9.666087871226497441e+01
-9.681959936696490843e+01
-9.697845022728806441e+01
-9.713743129323444236e+01
-9.729654256480402807e+01
-9.745578404199683575e+01
-9.761515572481285119e+01
-1.095247596048534433e+02
-1.097035755389021858e+02
-1.098825373260782072e+02
-1.100616449663815075e+02
-1.102408984598121009e+02
-1.104202978063699732e+02
-1.105998430060551243e+02
-1.107795340588675685e+02
-1.109593709648072917e+02
-1.170886802882606901e+02
-1.172784512449677550e+02
-1.174683758623685179e+02
-1.176584541404629647e+02
-1.178486860792511095e+02
-1.180390716787329382e+02
-1.182296109389084506e+02
-1.184203038597776612e+02
-1.186111504413405555e+02
-1.236064216796232529e+02
-1.238053057048519321e+02
-1.240043496046989588e+02
-1.242035533791643473e+02
-1.244029170282480692e+02
-1.246024405519501528e+02
-1.248021239502705839e+02
-1.250019672232093626e+02
-1.252019703707665030e+02
-1.320624054823904885e+02
-1.322733677914677912e+02
-1.324844984663145055e+02
-1.326957975069306315e+02
-1.329072649133161974e+02
-1.331189006854711465e+02
-1.333307048233955356e+02
-1.335426773270893079e+02
-1.337548181965525202e+02
-1.362210160385542963e+02
-1.364370684034052772e+02
-1.366532919666436499e+02
-1.368696867282693574e+02
-1.370862526882824568e+02
-1.373029898466828911e+02
-1.375198982034707171e+02
-1.377369777586458781e+02
-1.379542285122084024e+02
-1.379560479699695463e+02
-1.381733015888198963e+02
-1.383907261389203143e+02
-1.386083216202708286e+02
-1.388260880328714109e+02
-1.390440253767220611e+02
-1.392621336518228077e+02
-1.394804128581736222e+02
-1.396988629957745047e+02
-1.282019669860320050e+02
-1.284024391783479189e+02
-1.286030679895640674e+02
-1.288038534196805074e+02
-1.290047954686971536e+02
-1.292058941366140630e+02
-1.294071494234312354e+02
-1.296085613291486140e+02
-1.298101298537662842e+02
-1.119888888068167461e+02
-1.121627845968894519e+02
-1.123368152944796492e+02
-1.125109808995873664e+02
-1.126852814122126034e+02
-1.128597168323553461e+02
-1.130342871600156087e+02
-1.132089923951933628e+02
-1.133838325378886509e+02
-9.228783088637251808e+01
-9.243014057162521624e+01
-9.257255989453989287e+01
-9.271508885511656217e+01
-9.285772745335519573e+01
-9.300047568925582198e+01
-9.314333356281842669e+01
-9.328630107404300986e+01
-9.342937822292958572e+01
-7.433930013908488377e+01
-7.445314286517842106e+01
-7.456707269358726364e+01
-7.468108962431139730e+01
-7.479519365735083625e+01
-7.490938479270556627e+01
-7.502366303037560158e+01
-7.513802837036092797e+01
-7.525248081266155964e+01
-4.044192766423265084e+01
-4.050343629946342361e+01
-4.056499167377872084e+01
-4.062659378717852832e+01
-4.068824263966286736e+01
-4.074993823123172376e+01
-4.081168056188511173e+01
-4.087346963162301705e+01
-4.093530544044543973e+01
-1.114342183544775722e+01
-1.116025479894541306e+01
-1.117710046656646306e+01
-1.119395883831090721e+01
-1.121082991417874553e+01
-1.122771369416997800e+01
-1.124461017828460463e+01
-1.126151936652262719e+01
-1.127844125888404392e+01
1.925488724537262542e+01
1.928377679862899896e+01
1.931268800822214615e+01
1.934162087415206699e+01
1.937057539641876147e+01
1.939955157502222960e+01
1.942854940996247137e+01
1.945756890123948679e+01
1.948661004885327941e+01
5.606601289834930668e+01
5.614956880430810315e+01
5.623318692613133862e+01
5.631686726381904151e+01
5.640060981737118340e+01
5.648441458678778559e+01
5.656828157206883390e+01
5.665221077321433540e+01
5.673620219022429012e+01
8.677266786540486976e+01
8.690112481265194333e+01
8.702967677243397304e+01
8.715832374475095889e+01
8.728706572960287247e+01
8.741590272698974218e+01
8.754483473691156803e+01
8.767386175936832160e+01
8.780298379436003131e+01
1.131820943719712318e+02
1.133485386284005898e+02
1.135151051803894262e+02
1.136817940279377126e+02
1.138486051710454774e+02
1.140155386097126922e+02
1.141825943439393853e+02
1.143497723737255285e+02
1.145170726990711358e+02
1.334064382313336807e+02
1.336013344157476013e+02
1.337963728601501430e+02
1.339915535645413343e+02
1.341868765289211183e+02
1.343823417532895519e+02
1.345779492376465782e+02
1.347736989819922542e+02
1.349695909863265513e+02
1.563119107249366948e+02
1.565387785198930430e+02
1.567658108310168927e+02
1.569930076583082155e+02
1.572203690017670397e+02
1.574478948613933085e+02
1.576755852371870787e+02
1.579034401291483505e+02
1.581314595372770953e+02
1.795704829710469994e+02
1.798294166162828560e+02
1.800885368131362725e+02
1.803478435616073057e+02
1.806073368616959556e+02
1.808670167134021938e+02
1.811268831167260487e+02
1.813869360716675203e+02
1.816471755782265802e+02
1.949364495595730205e+02
1.952157281406039431e+02
1.954952066347207449e+02
1.957748850419235112e+02
1.960547633622121850e+02
1.963348415955867665e+02
1.966151197420472840e+02
1.968955978015937092e+02
1.971762757742260419e+02
2.140057553712454990e+02
2.143103898984643649e+02
2.146152410931990460e+02
2.149203089554494852e+02
2.152255934852157679e+02
2.155310946824978089e+02
2.158368125472956933e+02
2.161427470796093644e+02
2.164488982794388221e+02
2.232324246053547938e+02
2.235481706090398859e+02
2.238641397547770566e+02
2.241803320425662776e+02
2.244967474724076055e+02
2.248133860443009837e+02
2.251302477582464405e+02
2.254473326142439760e+02
2.257646406122935900e+02
2.398369398491919924e+02
2.401740262017558507e+02
2.405113492722639705e+02
2.408489090607162382e+02
2.411867055671127389e+02
2.415247387914534727e+02
2.418630087337384396e+02
2.422015153939676111e+02
2.425402587721410157e+02
2.471853298208067145e+02
2.475305607283776510e+02
2.478760325507480502e+02
2.482217452879178268e+02
2.485676989398870944e+02
2.489138935066557110e+02
2.492603289882237902e+02
2.496070053845912469e+02
2.499539226957581661e+02
2.565370851843404125e+02
2.568931394316468868e+02
2.572494405959071742e+02
2.576059886771211609e+02
2.579627836752889607e+02
2.583198255904104030e+02
2.586771144224856585e+02
2.590346501715146701e+02
2.593924328374974380e+02
2.617429381798133363e+02
2.621039629221303358e+02
2.624652364754344376e+02
2.628267588397256418e+02
2.631885300150040052e+02
2.635505500012694711e+02
2.639128187985220961e+02
2.642753364067618236e+02
2.646381028259886534e+02
2.695738207176857486e+02
2.699433530284707672e+02
2.703131384435782820e+02
2.706831769630082363e+02
2.710534685867606299e+02
2.714240133148355199e+02
2.717948111472327923e+02
2.721658620839525611e+02
2.725371661249948261e+02
2.686966428321754279e+02
2.690627145526552226e+02
2.694290354710386737e+02
2.697956055873257810e+02
2.701624249015166015e+02
2.705294934136110214e+02
2.708968111236091545e+02
2.712643780315109439e+02
2.716321941373163327e+02
2.698528935215833826e+02
2.702183002832916827e+02
2.705839542755559251e+02
2.709498554983761665e+02
2.713160039517523501e+02
2.716823996356844759e+02
2.720490425501726008e+02
2.724159326952166680e+02
2.727830700708166773e+02
2.563722901031746346e+02
2.567173402917388216e+02
2.570626225248144010e+02
2.574081368024015433e+02
2.577538831245001347e+02
2.580998614911102322e+02
2.584460719022317789e+02
2.587925143578647749e+02
2.591391888580092768e+02
2.541449295792064049e+02
2.544849227960347662e+02
2.548251432810561994e+02
2.551655910342707045e+02
2.555062660556782532e+02
2.558471683452789023e+02
2.561882979030726233e+02
2.565296547290594162e+02
2.568712388232391959e+02
2.251770952834965840e+02
2.254765329102033604e+02
2.257761694987883629e+02
2.260760050492515632e+02
2.263760395615929610e+02
2.266762730358125850e+02
2.269767054719104067e+02
2.272773368698864545e+02
2.275781672297406999e+02
2.278791965514731714e+02
2.281804248350838407e+02
2.284818520805727076e+02
2.287834782879398006e+02
2.290853034571850912e+02
2.293873275883086080e+02
2.296895506813103509e+02
2.299919727361902915e+02
1.822932812707175572e+02
1.825329831527303384e+02
1.827728425261242080e+02
1.830128593908991377e+02
1.832530337470551842e+02
1.834933655945922908e+02
1.837338549335105142e+02
1.839745017638097977e+02
1.842153060854901696e+02
1.844562678985516584e+02
1.846973872029942072e+02
1.849386639988178445e+02
1.851800982860225702e+02
1.854216900646083843e+02
1.856634393345752585e+02
1.859053460959232495e+02
1.861474103486523006e+02
1.132894433797801952e+02
1.134367638523156643e+02
1.135841800496546199e+02
1.137316919717970336e+02
1.138792996187429054e+02
1.140270029904922495e+02
1.141748020870450517e+02
1.143226969084013263e+02
1.144706874545610731e+02
1.146187737255242922e+02
1.147669557212909552e+02
1.149152334418611048e+02
1.150636068872347124e+02
1.152120760574117924e+02
1.153606409523923304e+02
1.155093015721763408e+02
1.156580579167638234e+02
4.326212063263193386e+01
4.331776323151634500e+01
4.337344159042574887e+01
4.342915570936014547e+01
4.348490558831952768e+01
4.354069122730390262e+01
4.359651262631326318e+01
4.365236978534761647e+01
4.370826270440696248e+01
4.376419138349129412e+01
4.382015582260061848e+01
4.387615602173493556e+01
4.393219198089423827e+01
4.398826370007852660e+01
4.404437117928781475e+01
4.410051441852208853e+01
4.415669341778135504e+01
-2.646207921429143894e+01
-2.649574598173964901e+01
-2.652943415209150757e+01
-2.656314372534702528e+01
-2.659687470150619504e+01
-2.663062708056902395e+01
-2.666440086253550135e+01
-2.669819604740563435e+01
-2.673201263517942294e+01
-2.676585062585686359e+01
-2.679971001943795983e+01
-2.683359081592271167e+01
-2.686749301531111911e+01
-2.690141661760317859e+01
-2.693536162279889012e+01
-2.696932803089825725e+01
-2.700331584190127998e+01
-9.976201090513814052e+01
-9.988757668349576591e+01
-1.000132214340410428e+02
-1.001389451567739570e+02
-1.002647478516945370e+02
-1.003906295188027542e+02
-1.005165901580986088e+02
-1.006426297695821290e+02
-1.007687483532532724e+02
-1.008949459091120815e+02
-1.010212224371585421e+02
-1.011475779373926258e+02
-1.012740124098143610e+02
-1.014005258544237620e+02
-1.015271182712207860e+02
-1.016537896602054616e+02
-1.017805400213777887e+02
-1.190489496420489388e+02
-1.191972048719892285e+02
-1.193455523578286659e+02
-1.194939920995672509e+02
-1.196425240972049977e+02
-1.197911483507419064e+02
-1.199398648601779627e+02
-1.200886736255131808e+02
-1.202375746467475324e+02
-1.203865679238810458e+02
-1.205356534569137210e+02
-1.206848312458455439e+02
-1.208341012906765286e+02
-1.209834635914066467e+02
-1.211329181480359409e+02
-1.212824649605643827e+02
-1.214321040289919722e+02
-1.181542027903054048e+02
-1.182998025472866743e+02
-1.184454919592907203e+02
-1.185912710263175427e+02
-1.187371397483671274e+02
-1.188830981254394885e+02
-1.190291461575346261e+02
-1.191752838446525260e+02
-1.193215111867932166e+02
-1.194678281839566694e+02
-1.196142348361428844e+02
-1.197607311433518760e+02
-1.199073171055836440e+02
-1.200539927228381742e+02
-1.202007579951154952e+02
-1.203476129224155784e+02
-1.204945575047384096e+02
-7.813379179627962401e+01
-7.822907690822630400e+01
-7.832442008544535383e+01
-7.841982132793675930e+01
-7.851528063570053462e+01
-7.861079800873666557e+01
-7.870637344704516636e+01
-7.880200695062602279e+01
-7.889769851947923485e+01
-7.899344815360481675e+01
-7.908925585300276850e+01
-7.918512161767306168e+01
-7.928104544761573891e+01
-7.937702734283075756e+01
-7.947306730331816027e+01
-7.956916532907791861e+01
-7.966532142011003259e+01
-3.299991193067517514e+01
-3.303974284429094865e+01
-3.307959778137694684e+01
-3.311947674193316260e+01
-3.315937972595958882e+01
-3.319930673345622552e+01
-3.323925776442307978e+01
-3.327923281886015161e+01
-3.331923189676743391e+01
-3.335925499814493378e+01
-3.339930212299264412e+01
-3.343937327131057202e+01
-3.347946844309871750e+01
-3.351958763835707344e+01
-3.355973085708563985e+01
-3.359989809928443094e+01
-3.364008936495343249e+01
5.387248073396716563e+01
5.393684451023236193e+01
5.400124671263263565e+01
5.406568734116799391e+01
5.413016639583844380e+01
5.419468387664397113e+01
5.425923978358458299e+01
5.432383411666027939e+01
5.438846687587106032e+01
5.445313806121692579e+01
5.451784767269786869e+01
5.458259571031390323e+01
5.464738217406501519e+01
5.471220706395121169e+01
5.477707037997249273e+01
5.484197212212886541e+01
5.490691229042031551e+01
1.063033573473731366e+02
1.064290857416337843e+02
1.065548884434560506e+02
1.066807654528399354e+02
1.068067167697854245e+02
1.069327423942925464e+02
1.070588423263612867e+02
1.071850165659916456e+02
1.073112651131836230e+02
1.074375879679372332e+02
1.075639851302524477e+02
1.076904566001292949e+02
1.078170023775677606e+02
1.079436224625678307e+02
1.080703168551295335e+02
1.081970855552528548e+02
1.083239285629377804e+02
1.560974853690430564e+02
1.562802693097562212e+02
1.564631602042088332e+02
1.566461580524008923e+02
1.568292628543323701e+02
1.570124746100033519e+02
1.571957933194137240e+02
1.573792189825635717e+02
1.575627515994528665e+02
1.577463911700815800e+02
1.579301376944497690e+02
1.581139911725574052e+02
1.582979516044044885e+02
1.584820189899909906e+02
1.586661933293169398e+02
1.588504746223823645e+02
1.590348628691872079e+02
1.980257879461946118e+02
1.982553830626539479e+02
1.984851112006176379e+02
1.987149723600856248e+02
1.989449665410579655e+02
1.991750937435346032e+02
1.994053539675155662e+02
1.996357472130008546e+02
1.998662734799904683e+02
2.000969327684843790e+02
2.003277250784826435e+02
2.005586504099852050e+02
2.007897087629921202e+02
2.010209001375033324e+02
2.012522245335188700e+02
2.014836819510387329e+02
2.017152723900628928e+02
2.186473130901868842e+02
2.188983433003937478e+02
2.191495175325227081e+02
2.194008357865737651e+02
2.196522980625469188e+02
2.199039043604421693e+02
2.201556546802594880e+02
2.204075490219989319e+02
2.206595873856604442e+02
2.209117697712440531e+02
2.211640961787497588e+02
2.214165666081775612e+02
2.216691810595274319e+02
2.219219395327994278e+02
2.221748420279934919e+02
2.224278885451096528e+02
2.226810790841479104e+02
2.279802616773063448e+02
2.282394774381674267e+02
2.284988404807107827e+02
2.287583508049364980e+02
2.290180084108444589e+02
2.292778132984347508e+02
2.295377654677073451e+02
2.297978649186622704e+02
2.300581116512994981e+02
2.303185056656190000e+02
2.305790469616208327e+02
2.308397355393049679e+02
2.311005713986714341e+02
2.313615545397202027e+02
2.316226849624512454e+02
2.318839626668646190e+02
2.321453876529602951e+02
2.069431020291910670e+02
2.071761460630077067e+02
2.074093212414691720e+02
2.076426275645754345e+02
2.078760650323264940e+02
2.081096336447223791e+02
2.083433334017630614e+02
2.085771643034485407e+02
2.088111263497788173e+02
2.090452195407539193e+02
2.092794438763738185e+02
2.095137993566384864e+02
2.097482859815480083e+02
2.099829037511022989e+02
2.102176526653014150e+02
2.104525327241453283e+02
2.106875439276340387e+02
1.718974155763622207e+02
1.720891583712048032e+02
1.722810080460890845e+02
1.724729646010150645e+02
1.726650280359828002e+02
1.728571983509922347e+02
1.730494755460433964e+02
1.732418596211362853e+02
1.734343505762708730e+02
1.736269484114471879e+02
1.738196531266652300e+02
1.740124647219249709e+02
1.742053831972264391e+02
1.743984085525696344e+02
1.745915407879545285e+02
1.747847799033811498e+02
1.749781258988494983e+02
1.253097950557626490e+02
1.254482589177027165e+02
1.255867992367725208e+02
1.257254160129720333e+02
1.258641092463012967e+02
1.260028789367602826e+02
1.261417250843490052e+02
1.262806476890674503e+02
1.264196467509156321e+02
1.265587222698935363e+02
1.266978742460011631e+02
1.268371026792385265e+02
1.269764075696056267e+02
1.271157889171024493e+02
1.272552467217289944e+02
1.273947809834852904e+02
1.275343917023712947e+02
7.862102516033770883e+01
7.870709086932548360e+01
7.879320366021096333e+01
7.887936353299413383e+01
7.896557048767499509e+01
7.905182452425356132e+01
7.913812564272981831e+01
7.922447384310378027e+01
7.931086912537543299e+01
7.939731148954477646e+01
7.948380093561182491e+01
7.957033746357656412e+01
7.965692107343897987e+01
7.974355176519911481e+01
7.983022953885694051e+01
7.991695439441245696e+01
8.000372633186567839e+01
1.577581073622632957e+01
1.579292116001833080e+01
1.581004085775276735e+01
1.582716982942964101e+01
1.584430807504894645e+01
1.586145559461068899e+01
1.587861238811486508e+01
1.589577845556147473e+01
1.591295379695051970e+01
1.593013841228200000e+01
1.594733230155591386e+01
1.596453546477226482e+01
1.598174790193104933e+01
1.599896961303226561e+01
1.601620059807591900e+01
1.603344085706200772e+01
1.605069038999053177e+01
-4.109341497090289863e+01
-4.113757769521338759e+01
-4.118176413742092024e+01
-4.122597429752550369e+01
-4.127020817552713794e+01
-4.131446577142583010e+01
-4.135874708522157306e+01
-4.140305211691435971e+01
-4.144738086650420428e+01
-4.149173333399110675e+01
-4.153610951937504581e+01
-4.158050942265604988e+01
-4.162493304383409765e+01
-4.166938038290920332e+01
-4.171385143988135979e+01
-4.175834621475056707e+01
-4.180286470751682515e+01
-6.374057845467076078e+01
-6.380845979487808250e+01
-6.387637726139737282e+01
-6.394433085422864593e+01
-6.401232057337189474e+01
-6.408034641882713345e+01
-6.414840839059434074e+01
-6.421650648867353084e+01
-6.428464071306468952e+01
-6.435281106376783100e+01
-6.442101754078295528e+01
-6.448926014411006236e+01
-6.455753887374913802e+01
-6.462585372970019648e+01
-6.469420471196323774e+01
-6.476259182053824759e+01
-6.483101505542522602e+01
-8.603962446761150318e+01
-8.613043145913404430e+01
-8.622128634463945218e+01
-8.631218912412774102e+01
-8.640313979759889662e+01
-8.649413836505293318e+01
-8.658518482648982229e+01
-8.667627918190960656e+01
-8.676742143131222917e+01
-8.685861157469774696e+01
-8.694984961206611729e+01
-8.704113554341736858e+01
-8.713246936875150084e+01
-8.722385108806848564e+01
-8.731528070136835140e+01
-8.740675820865108392e+01
-8.749828360991668319e+01
-7.314707542153941233e+01
-7.322358909875859467e+01
-7.330014277267261491e+01
-7.337673644328145883e+01
-7.345337011058515486e+01
-7.353004377458367458e+01
-7.360675743527703219e+01
-7.368351109266522769e+01
-7.376030474674826110e+01
-7.383713839752611818e+01
-7.391401204499881317e+01
-7.399092568916634605e+01
-7.406787933002871682e+01
-7.414487296758591128e+01
-7.422190660183795785e+01
-7.429898023278482810e+01
-7.437609386042652204e+01
-7.489499952078239176e+01
-7.497265115325598117e+01
-7.505034301973604727e+01
-7.512807512022256162e+01
-7.520584745471555266e+01
-7.528366002321500616e+01
-7.536151282572090793e+01
-7.543940586223328637e+01
-7.551733913275211307e+01
-7.559531263727741646e+01
-7.567332637580918231e+01
-7.575138034834741063e+01
-7.582947455489210142e+01
-7.590760899544324047e+01
-7.598578367000085620e+01
-7.606399857856493441e+01
-7.614225372113547508e+01
-1.809195181524598439e+01
-1.811054580477861364e+01
-1.812914934438290260e+01
-1.814776243405886191e+01
-1.816638507380648448e+01
-1.818501726362577386e+01
-1.820365900351672650e+01
-1.822231029347934950e+01
-1.824097113351363575e+01
-1.825964152361958170e+01
-1.827832146379719802e+01
-1.829701095404648115e+01
-1.831570999436742753e+01
-1.833441858476004072e+01
-1.835313672522431716e+01
-1.837186441576026041e+01
-1.839060165636786692e+01
2.627470291101385769e+01
2.630147285794306100e+01
2.632825643519147718e+01
2.635505364275910267e+01
2.638186448064593748e+01
2.640868894885198159e+01
2.643552704737723857e+01
2.646237877622170842e+01
2.648924413538538047e+01
2.651612312486826895e+01
2.654301574467036673e+01
2.656992199479167738e+01
2.659684187523219379e+01
2.662377538599192306e+01
2.665072252707086164e+01
2.667768329846901310e+01
2.670465770018637031e+01
7.323125951865470995e+01
7.330523048786547236e+01
7.337923879729289922e+01
7.345328444693699055e+01
7.352736743679774634e+01
7.360148776687516659e+01
7.367564543716923708e+01
7.374984044767998626e+01
7.382407279840739989e+01
7.389834248935147798e+01
7.397264952051220632e+01
7.404699389188959913e+01
7.412137560348367060e+01
7.419579465529439233e+01
7.427025104732177851e+01
7.434474477956584337e+01
7.441927585202655848e+01
8.126916611439538940e+01
8.135055736738927123e+01
8.143198935674601557e+01
8.151346208246562242e+01
8.159497554454809176e+01
8.167652974299340940e+01
8.175812467780160375e+01
8.183976034897264640e+01
8.192143675650655155e+01
8.200315390040331920e+01
8.208491178066293514e+01
8.216671039728542780e+01
8.224854975027076875e+01
8.233042983961897221e+01
8.241235066533003817e+01
8.249431222740395242e+01
8.257631452584074339e+01
1.214663531017697125e+02
1.215869751008777229e+02
1.217076569620200388e+02
1.218283986851966461e+02
1.219492002704075446e+02
1.220700617176527487e+02
1.221909830269322441e+02
1.223119641982460308e+02
1.224330052315941231e+02
1.225541061269765208e+02
1.226752668843931957e+02
1.227964875038441903e+02
1.229177679853294620e+02
1.230391083288490393e+02
1.231605085344029078e+02
1.232819686019910819e+02
1.234034885316135473e+02
1.235250683232703039e+02
1.236467079769613662e+02
1.237684074926867197e+02
1.238901668704463646e+02
1.240119861102403291e+02
1.241338652120685708e+02
1.242558041759311038e+02
1.243778030018279566e+02
1.244998616897590864e+02
1.246219802397245076e+02
1.247441586517242484e+02
1.248663969257582806e+02
1.249886950618266042e+02
1.251110530599292190e+02
1.252334709200661251e+02
1.253559486422373510e+02
1.112573062157511714e+02
1.113660090063869745e+02
1.114747648745572803e+02
1.115835738202620604e+02
1.116924358435013431e+02
1.118013509442751143e+02
1.119103191225833740e+02
1.120193403784261221e+02
1.121284147118033729e+02
1.122375421227150980e+02
1.123467226111613257e+02
1.124559561771420420e+02
1.125652428206572324e+02
1.126745825417069256e+02
1.127839753402911072e+02
1.128934212164097772e+02
1.130029201700629500e+02
1.131124722012505828e+02
1.132220773099727325e+02
1.133317354962293706e+02
1.134414467600204972e+02
1.135512111013460981e+02
1.136610285202062016e+02
1.137708990166007936e+02
1.138808225905298883e+02
1.139907992419934573e+02
1.141008289709915147e+02
1.142109117775240748e+02
1.143210476615911233e+02
1.144312366231926461e+02
1.145414786623286716e+02
1.146517737789991855e+02
1.147621219732041880e+02
7.036393298561033305e+01
7.043159061348110583e+01
7.049928075342678824e+01
7.056700340544738026e+01
7.063475856954286769e+01
7.070254624571325053e+01
7.077036643395852877e+01
7.083821913427873085e+01
7.090610434667381412e+01
7.097402207114380701e+01
7.104197230768870952e+01
7.110995505630850744e+01
7.117797031700320076e+01
7.124601808977280371e+01
7.131409837461731627e+01
7.138221117153672424e+01
7.145035648053102761e+01
7.151853430160022640e+01
7.158674463474434901e+01
7.165498747996335283e+01
7.172326283725728047e+01
7.179157070662608930e+01
7.185991108806980776e+01
7.192828398158843584e+01
7.199668938718194511e+01
7.206512730485036400e+01
7.213359773459370672e+01
7.220210067641193064e+01
7.227063613030504996e+01
7.233920409627309311e+01
7.240780457431601747e+01
7.247643756443385143e+01
7.254510306662659502e+01
1.812172844259881543e+01
1.813888104879152863e+01
1.815604176879984522e+01
1.817321060262376875e+01
1.819038755026329923e+01
1.820757261171844021e+01
1.822476578698918459e+01
1.824196707607553236e+01
1.825917647897749418e+01
1.827639399569505585e+01
1.829361962622822801e+01
1.831085337057700713e+01
1.832809522874138963e+01
1.834534520072138619e+01
1.836260328651698259e+01
1.837986948612818949e+01
1.839714379955499979e+01
1.841442622679742058e+01
1.843171676785544477e+01
1.844901542272907946e+01
1.846632219141831754e+01
1.848363707392316257e+01
1.850096007024361455e+01
1.851829118037967348e+01
1.853563040433134290e+01
1.855297774209861572e+01
1.857033319368149549e+01
1.858769675907998220e+01
1.860506843829407586e+01
1.862244823132377647e+01
1.863983613816908047e+01
1.865723215882999497e+01
1.867463629330651642e+01
-4.115102187012654156e+01
-4.118937324186011750e+01
-4.122774247636580469e+01
-4.126612957364361733e+01
-4.130453453369354122e+01
-4.134295735651558346e+01
-4.138139804210973693e+01
-4.141985659047600876e+01
-4.145833300161439894e+01
-4.149682727552490746e+01
-4.153533941220752723e+01
-4.157386941166226535e+01
-4.161241727388912182e+01
-4.165098299888808953e+01
-4.168956658665917558e+01
-4.172816803720237999e+01
-4.176678735051769564e+01
-4.180542452660513675e+01
-4.184407956546468910e+01
-4.188275246709635269e+01
-4.192144323150014174e+01
-4.196015185867604202e+01
-4.199887834862405356e+01
-4.203762270134418344e+01
-4.207638491683643878e+01
-4.211516499510080536e+01
-4.215396293613728318e+01
-4.219277873994587935e+01
-4.223161240652659387e+01
-4.227046393587942674e+01
-4.230933332800437796e+01
-4.234822058290143332e+01
-4.238712570057061413e+01
-8.866709482975281276e+01
-8.874847812009677739e+01
-8.882989874222531057e+01
-8.891135669613839809e+01
-8.899285198183605416e+01
-8.907438459931826458e+01
-8.915595454858504354e+01
-8.923756182963637684e+01
-8.931920644247227870e+01
-8.940088838709273489e+01
-8.948260766349775963e+01
-8.956436427168733871e+01
-8.964615821166148635e+01
-8.972798948342018832e+01
-8.980985808696345885e+01
-8.989176402229128371e+01
-8.997370728940367712e+01
-9.005568788830062488e+01
-9.013770581898214118e+01
-9.021976108144821183e+01
-9.030185367569885102e+01
-9.038398360173404456e+01
-9.046615085955380664e+01
-9.054835544915812306e+01
-9.063059737054699383e+01
-9.071287662372043314e+01
-9.079519320867844101e+01
-9.087754712542100322e+01
-9.095993837394813397e+01
-9.104236695425983328e+01
-9.112483286635608692e+01
-9.120733611023688070e+01
-9.128987668590227145e+01
-1.027540279700783969e+02
-1.028469339628180705e+02
-1.029398819374794414e+02
-1.030328718940625237e+02
-1.031259038325673316e+02
-1.032189777529938226e+02
-1.033120936553420393e+02
-1.034052515396119674e+02
-1.034984514058035927e+02
-1.035916932539169295e+02
-1.036849770839519636e+02
-1.037783028959087233e+02
-1.038716706897871802e+02
-1.039650804655873486e+02
-1.040585322233092285e+02
-1.041520259629528198e+02
-1.042455616845181083e+02
-1.043391393880051083e+02
-1.044327590734138056e+02
-1.045264207407442427e+02
-1.046201243899963487e+02
-1.047138700211701945e+02
-1.048076576342657233e+02
-1.049014872292829779e+02
-1.049953588062219296e+02
-1.050892723650825928e+02
-1.051832279058649675e+02
-1.052772254285690536e+02
-1.053712649331948370e+02
-1.054653464197423318e+02
-1.055594698882115381e+02
-1.056536353386024416e+02
-1.057478427709150708e+02
-1.023154406533525105e+02
-1.024065902664067238e+02
-1.024977804625477802e+02
-1.025890112417756797e+02
-1.026802826040904222e+02
-1.027715945494920220e+02
-1.028629470779804507e+02
-1.029543401895557366e+02
-1.030457738842178657e+02
-1.031372481619668378e+02
-1.032287630228026529e+02
-1.033203184667253254e+02
-1.034119144937348267e+02
-1.035035511038311853e+02
-1.035952282970143727e+02
-1.036869460732844175e+02
-1.037787044326413053e+02
-1.038705033750850504e+02
-1.039623429006156243e+02
-1.040542230092330414e+02
-1.041461437009373157e+02
-1.042381049757284330e+02
-1.043301068336063935e+02
-1.044221492745711970e+02
-1.045142322986228436e+02
-1.046063559057613475e+02
-1.046985200959866802e+02
-1.047907248692988702e+02
-1.048829702256979033e+02
-1.049752561651837794e+02
-1.050675826877564987e+02
-1.051599497934160610e+02
-1.052523574821624806e+02
-9.017634579973385200e+01
-9.025551730614274959e+01
-9.033472355213321237e+01
-9.041396453770526875e+01
-9.049324026285889033e+01
-9.057255072759409131e+01
-9.065189593191085748e+01
-9.073127587580920306e+01
-9.081069055928911382e+01
-9.089013998235061820e+01
-9.096962414499368776e+01
-9.104914304721833673e+01
-9.112869668902455089e+01
-9.120828507041234445e+01
-9.128790819138171742e+01
-9.136756605193265557e+01
-9.144725865206517312e+01
-9.152698599177927008e+01
-9.160674807107493223e+01
-9.168654488995218799e+01
-9.176637644841100894e+01
-9.184624274645139508e+01
-9.192614378407336062e+01
-9.200607956127690557e+01
-9.208605007806201570e+01
-9.216605533442871945e+01
-9.224609533037697418e+01
-9.232617006590680830e+01
-9.240627954101823605e+01
-9.248642375571122898e+01
-9.256660270998578710e+01
-9.264681640384192463e+01
-9.272706483727964155e+01
-6.677036757414417423e+01
-6.682815240112309141e+01
-6.688596222153928750e+01
-6.694379703539276250e+01
-6.700165684268350219e+01
-6.705954164341153501e+01
-6.711745143757683252e+01
-6.717538622517939473e+01
-6.723334600621923585e+01
-6.729133078069635587e+01
-6.734934054861074060e+01
-6.740737530996241844e+01
-6.746543506475136098e+01
-6.752351981297758243e+01
-6.758162955464106858e+01
-6.763976428974183364e+01
-6.769792401827987760e+01
-6.775610874025518626e+01
-6.781431845566778804e+01
-6.787255316451765452e+01
-6.793081286680478570e+01
-6.798909756252919578e+01
-6.804740725169088478e+01
-6.810574193428985268e+01
-6.816410161032608528e+01
-6.822248627979959679e+01
-6.828089594271038720e+01
-6.833933059905845653e+01
-6.839779024884379055e+01
-6.845627489206640348e+01
-6.851478452872629532e+01
-6.857331915882345186e+01
-6.863187878235788730e+01
-6.363991230801419619e+01
-6.369421257448860985e+01
-6.374853599672697868e+01
-6.380288257472930269e+01
-6.385725230849558898e+01
-6.391164519802582333e+01
-6.396606124332000576e+01
-6.402050044437815757e+01
-6.407496280120025745e+01
-6.412944831378631250e+01
-6.418395698213632272e+01
-6.423848880625028812e+01
-6.429304378612819448e+01
-6.434762192177007023e+01
-6.440222321317590115e+01
-6.445684766034568725e+01
-6.451149526327942851e+01
-6.456616602197712496e+01
-6.462085993643877657e+01
-6.467557700666438336e+01
-6.473031723265393111e+01
-6.478508061440744825e+01
-6.483986715192492056e+01
-6.489467684520634805e+01
-6.494950969425173071e+01
-6.500436569906105433e+01
-6.505924485963434734e+01
-6.511414717597159552e+01
-6.516907264807279887e+01
-6.522402127593794319e+01
-6.527899305956705689e+01
-6.533398799896011155e+01
-6.538900609411713560e+01
-6.445378250277470045e+01
-6.450801370387084432e+01
-6.456226771035012746e+01
-6.461654452221254985e+01
-6.467084413945811150e+01
-6.472516656208681241e+01
-6.477951179009863836e+01
-6.483387982349358936e+01
-6.488827066227169382e+01
-6.494268430643293755e+01
-6.499712075597729211e+01
-6.505158001090480013e+01
-6.510606207121544742e+01
-6.516056693690921975e+01
-6.521509460798613134e+01
-6.526964508444618218e+01
-6.532421836628935807e+01
-6.537881445351567322e+01
-6.543343334612512763e+01
-6.548807504411772129e+01
-6.554273954749344000e+01
-6.559742685625231218e+01
-6.565213697039429519e+01
-6.570686988991943167e+01
-6.576162561482769320e+01
-6.581640414511909398e+01
-6.587120548079363402e+01
-6.592602962185129911e+01
-6.598087656829211767e+01
-6.603574632011606127e+01
-6.609063887732312992e+01
-6.614555423991335203e+01
-6.620049240788669920e+01
-5.715372529835978099e+01
-5.720115577578580712e+01
-5.724860592574498952e+01
-5.729607574823731397e+01
-5.734356524326278759e+01
-5.739107441082141747e+01
-5.743860325091319652e+01
-5.748615176353811762e+01
-5.753371994869620210e+01
-5.758130780638742863e+01
-5.762891533661181143e+01
-5.767654253936933628e+01
-5.772418941466002451e+01
-5.777185596248384769e+01
-5.781954218284083424e+01
-5.786724807573096996e+01
-5.791497364115424773e+01
-5.796271887911068177e+01
-5.801048378960027208e+01
-5.805826837262300444e+01
-5.810607262817889307e+01
-5.815389655626792376e+01
-5.820174015689011071e+01
-5.824960343004544683e+01
-5.829748637573393921e+01
-5.834538899395558076e+01
-5.839331128471036436e+01
-5.844125324799830423e+01
-5.848921488381939326e+01
-5.853719619217363856e+01
-5.858519717306102592e+01
-5.863321782648156955e+01
-5.868125815243525523e+01
-6.489778039416407296e+01
-6.495090997287398693e+01
-6.500406129036406355e+01
-6.505723434663430282e+01
-6.511042914168469053e+01
-6.516364567551524090e+01
-6.521688394812596812e+01
-6.527014395951682957e+01
-6.532342570968786788e+01
-6.537672919863906884e+01
-6.543005442637041824e+01
-6.548340139288193029e+01
-6.553677009817360499e+01
-6.559016054224544234e+01
-6.564357272509742813e+01
-6.569700664672957657e+01
-6.575046230714188766e+01
-6.580393970633436140e+01
-6.585743884430698358e+01
-6.591095972105978262e+01
-6.596450233659273010e+01
-6.601806669090584023e+01
-6.607165278399909880e+01
-6.612526061587252002e+01
-6.617889018652611810e+01
-6.623254149595986462e+01
-6.628621454417377379e+01
-6.633990933116783140e+01
-6.639362585694206587e+01
-6.644736412149643456e+01
-6.650112412483099433e+01
-6.655490586694568833e+01
-6.660870934784054498e+01
-6.049155136722398396e+01
-6.054041368658361932e+01
-6.058929573235396759e+01
-6.063819750453505009e+01
-6.068711900312684548e+01
-6.073606022812936800e+01
-6.078502117954261053e+01
-6.083400185736657306e+01
-6.088300226160126982e+01
-6.093202239224667949e+01
-6.098106224930280916e+01
-6.103012183276967306e+01
-6.107920114264724276e+01
-6.112830017893555379e+01
-6.117741894163457772e+01
-6.122655743074432166e+01
-6.127571564626478562e+01
-6.132489358819598380e+01
-6.137409125653789488e+01
-6.142330865129053308e+01
-6.147254577245389129e+01
-6.152180262002796951e+01
-6.157107919401278195e+01
-6.162037549440830020e+01
-6.166969152121455977e+01
-6.171902727443152514e+01
-6.176838275405922474e+01
-6.181775796009763724e+01
-6.186715289254677685e+01
-6.191656755140663648e+01
-6.196600193667721612e+01
-6.201545604835852288e+01
-6.206492988645055675e+01
