-7.936510963869740018e-03
-5.757938423724285465e-02
-1.562510776540539451e-02
-3.356185940174970239e-02
-5.730745098592967407e-02
-8.874724302991118807e-02
-1.241401521806000802e-01
-1.660938754721193178e-01
-2.115113491134032742e-01
-2.621690780297521450e-01
-3.313525954893009606e-01
-4.309059523915182432e-01
-4.733440905616562722e-01
-5.422772475297487071e-01
-6.471250860403953142e-01
-7.480322800966427987e-01
-1.536107680623364891e+00
-1.833076210070594625e+00
-2.157301321711059039e+00
-2.495001224048254418e+00
-2.909639980994969122e+00
-3.236049923564490172e+00
-3.578387127358765962e+00
-3.885664093848858691e+00
-4.299753958187264580e+00
-4.832846577344949601e+00
-5.353109048022466787e+00
-5.841970802466060597e+00
-6.472759749727013734e+00
-7.162268846085853014e+00
-8.187823013822351115e+00
-9.001412278557980429e+00
-1.023283860649392452e+01
-1.137255393034978823e+01
-1.324116461195952077e+01
-1.466726395073127343e+01
-1.630006884544484791e+01
-1.858913465170659407e+01
-1.963077667391711145e+01
-2.213909090925635681e+01
-2.471328052660454233e+01
-2.850666304608791890e+01
-3.227828876200847219e+01
-3.677234971684998754e+01
-4.337008594352248281e+01
-4.726595612373753141e+01
-5.189116655001340206e+01
-5.348022311751434898e+01
-5.579807651509842970e+01
-5.773880315655655693e+01
-5.967741017174616047e+01
-6.445972792409794749e+01
-6.584539822606724613e+01
-7.035553560410868101e+01
-7.074634517843058745e+01
-7.447819727117555999e+01
-7.658714982031379748e+01
-8.103102107308119173e+01
-8.240935456441695806e+01
-8.865942368210950519e+01
-9.125327876534022664e+01
-9.331171055058958075e+01
-9.193726105766170065e+01
-9.648351444337095018e+01
-9.965314236870244713e+01
-9.945532244810726752e+01
-1.013083323560990010e+02
-1.038905019805481516e+02
-1.034785145114961296e+02
-1.065866853669618166e+02
-1.043969046512992520e+02
-1.071383215667511166e+02
-1.085173265641543452e+02
-9.926882272588682099e+01
-9.652261118752602442e+01
-8.048848979131514625e+01
-6.341859834256537454e+01
-5.111216782539931813e+01
-4.412567530411629235e+01
-3.815239275197821911e+01
-3.785024315034385722e+01
-4.632501764860957394e+01
-5.194387179144459310e+01
-5.088334376620948518e+01
-6.658264368298436864e+01
-6.397896454916888587e+01
-7.555493327339385701e+01
-8.871843091127453818e+01
-9.688513240490443934e+01
-1.118347859973085150e+02
-1.168023641779465152e+02
-1.367536942674476563e+02
-1.409737523685162159e+02
-1.448368198281164894e+02
-1.569994550926175521e+02
-1.631670993664651235e+02
-1.708141622072683106e+02
-1.720313469221843832e+02
-1.779025496323182267e+02
-1.817197853068300617e+02
-1.749782193250618434e+02
-1.940608862551339371e+02
-1.743098627318536842e+02
-1.713254581505475471e+02
-1.713498223422043054e+02
-1.597347229641629269e+02
-1.628551950391953085e+02
-1.352598875141877954e+02
-9.944915890313230022e+01
-7.694476237886841830e+01
-5.133159918013078737e+01
-1.052397893068493673e+01
3.816413232076571660e+01
6.823381130150733043e+01
3.532024766700958196e+01
2.779984139058237957e+01
-3.012767052249818889e+00
-3.784193271886497456e+01
-1.264727374582260353e+02
-2.021226799645440337e+02
-2.772027385705860638e+02
-3.511754953723130939e+02
-4.463227584457837338e+02
-4.962112870054679661e+02
-5.839894359061039495e+02
-6.013665995053740971e+02
-6.889431317667185795e+02
-7.015691651603322043e+02
-7.612239356770055565e+02
-7.784455722014342882e+02
-8.188259979850496393e+02
-7.930602615926493399e+02
-7.465879974895672149e+02
-7.755024091526198617e+02
-7.496930371211949478e+02
-6.538635922088334382e+02
-5.847950098609568386e+02
-5.081501541345372175e+02
-4.186349671993944526e+02
-3.072477160225232069e+02
-1.504295925899780570e+02
-3.629508242663475936e+00
1.451982582872256273e+02
2.201213053418888705e+02
4.156896252052933391e+02
5.535870205310299070e+02
6.938952184470650764e+02
7.079175379211764039e+02
7.337828980214039802e+02
7.002873339006157494e+02
5.998066970077446740e+02
4.935563355452193264e+02
2.528580688260237253e+02
9.935514535201718900e+01
-1.215161177520622573e+02
-3.633016539145160095e+02
-5.010646996240555495e+02
-7.304059203391832398e+02
-8.784168895169391362e+02
-1.026165613463474074e+03
-1.145122989963157806e+03
-1.180242630894561898e+03
-1.264792658578418468e+03
-1.201486467031581697e+03
-1.192389158624067250e+03
-1.130042192575620220e+03
-1.178425117711041366e+03
-1.058749320218097864e+03
-9.274146419737315910e+02
-7.799744190554320085e+02
-5.418678396456599557e+02
-3.045593777245111937e+02
3.595909953955556944e+02
1.381315612968465757e+03
2.946523980869347724e+03
3.975530352557459082e+03
4.990018281968540578e+03
4.984772825066082987e+03
4.483268037892316897e+03
3.762087954931761487e+03
2.074651616416720572e+03
6.444108279639417560e+02
-9.240089050551779337e+02
-1.945703155120521842e+03
-2.829030598390362229e+03
-3.369248389186533132e+03
-3.523162372254686034e+03
-2.927601375823937815e+03
-2.124441897153885748e+03
-1.074344719281117023e+03
2.702951291123382660e+01
1.017824116449687608e+03
2.133142168308185319e+03
2.938191163918757866e+03
3.356274227969793174e+03
3.719540193786510372e+03
3.258141641871528918e+03
2.444735837268782689e+03
1.698231588329282886e+03
1.180254370546930659e+03
-7.606074152591178006e+01
-3.578908954122656496e+02
-1.957477376129312688e+03
-1.941677071951920425e+03
-1.098078987164201862e+03
1.627606915463786379e+02
1.528422745405888236e+03
1.638097112506873373e+03
1.801253245257258641e+03
1.033619748359432833e+03
2.335269076774764301e+02
-2.604238273423302985e+02
-6.440182862045138563e+02
-5.410364430944973719e+02
-5.631451088327343086e+02
-5.400509182318120338e+02
-5.412368916068917315e+02
