1.620952817578787163e-03
1.572839168211181277e-02
8.231097398001636575e-03
1.285419286963414461e-02
2.878199146887320745e-02
3.629055321129586592e-02
4.856395789683374403e-02
6.888050310602608639e-02
8.220167012231693882e-02
1.124741095259549628e-01
1.032942113594170069e-01
1.376026295576553704e-01
1.742516926784593856e-01
2.045054903829734427e-01
2.373891250479639170e-01
2.591503118151210483e-01
5.531402704856478447e-01
7.282621171566615592e-01
7.785948782463569806e-01
9.531327642135865030e-01
9.859969878151535472e-01
1.111367811415727935e+00
1.301252639037279391e+00
1.413652500919460264e+00
1.438078282722028423e+00
1.688419178143445887e+00
1.895885972188027457e+00
2.354368623158556328e+00
2.697326876823867625e+00
3.241181982767208591e+00
3.946319788936496931e+00
4.721465516430823683e+00
5.452049696448738381e+00
6.282414884444995629e+00
6.838336528911455936e+00
7.234367357739246884e+00
6.885132430024897054e+00
6.716091935237864519e+00
5.407162541026751867e+00
4.105415683909344970e+00
2.031756893275680209e+00
-2.801249355136581909e-01
-2.845576439979721872e+00
-6.162124924322950115e+00
-1.004672095164620238e+01
-1.434932566024914280e+01
-2.067061840268293693e+01
-2.794037571682322962e+01
-3.332568300213502255e+01
-4.259951851289823566e+01
-5.073718294353289338e+01
-5.663334818776772295e+01
-6.216267081467845657e+01
-7.016644561933235025e+01
-7.452940351396792096e+01
-7.514026652100857007e+01
-7.718324932511025338e+01
-7.936161363043989070e+01
-8.074740256243673286e+01
-7.946571204024556323e+01
-7.927963113956609220e+01
-7.839417474312807599e+01
-7.937763977404458160e+01
-7.950124064103133037e+01
-8.456198939111649793e+01
-8.609829604951080739e+01
-8.691576177840823902e+01
-9.296286466348915667e+01
-9.568757796249664693e+01
-9.646726351659947341e+01
-9.905172958213668721e+01
-1.071960069999172589e+02
-1.031955640129231995e+02
-1.062868510337269896e+02
-1.118803232383709627e+02
-1.158015609457710866e+02
-1.163148430868309191e+02
-1.217973434568998528e+02
-1.221312441485152078e+02
-1.131867046842040168e+02
-1.035623866276293654e+02
-9.137767138446471904e+01
-7.587877028804294355e+01
-5.783846066452861834e+01
-3.945501628076877410e+01
-7.563757229150778194e+00
1.735560539676964709e+01
3.967482502240330433e+01
5.810878977099425668e+01
7.283681573566389034e+01
8.653742775890708572e+01
9.200899773155190076e+01
1.006526423283766860e+02
9.829412851036477150e+01
8.916467239811369438e+01
7.544876464958109352e+01
6.337293057036457355e+01
4.735126155464297426e+01
3.342862868344647609e+01
2.147258209491890568e+01
1.342836588646879470e+01
4.730762868468079141e+00
-2.547218076922863617e+01
-4.692337342628243135e+01
-5.191643280114765702e+01
-7.979000533764470049e+01
-1.134345037255698401e+02
-1.683428621389698776e+02
-2.033587343953319362e+02
-2.749875055946615134e+02
-3.111804408206340327e+02
-3.601242237494705591e+02
-4.245932417863020873e+02
-4.776088931481613713e+02
-5.333203567981051947e+02
-5.866369294798721512e+02
-6.481761126441843999e+02
-6.744300753835393607e+02
-6.551283069151712652e+02
-6.511980646087639570e+02
-6.187348281941297046e+02
-5.776869876326092026e+02
-5.162265659825561670e+02
-4.922418500405133273e+02
-4.506322680075141989e+02
-4.097205484950377468e+02
-3.809350228497911530e+02
-3.412060516834415012e+02
-3.083087054528942872e+02
-2.995006989891389253e+02
-2.645865547717204436e+02
-3.066035892535380754e+02
-2.666332732697704273e+02
-2.966022756148752251e+02
-3.537891399610067538e+02
-3.523372158918388095e+02
-4.122685230383642079e+02
-4.385271021768731998e+02
-4.965942918728170525e+02
-5.685082361844362140e+02
-6.062768754585330271e+02
-7.143673169062915349e+02
-7.633156894968053621e+02
-7.769269476989210261e+02
-8.630034948551465277e+02
-8.536503621816485747e+02
-8.382808572407949441e+02
-7.903402745521126462e+02
-7.187956017553195807e+02
-5.453407185610822125e+02
-4.643384765908245413e+02
-2.181058859474042606e+02
-4.424526457356135722e+01
1.369222170463826558e+02
3.449908604617752417e+02
5.860611933055832878e+02
7.746454655347724838e+02
8.661007447977304992e+02
1.004255740832591755e+03
1.160840023577609600e+03
1.249233556592969308e+03
1.329123839707069237e+03
1.448529362341715341e+03
1.547614330299620178e+03
1.543056930928770953e+03
1.550671200818982015e+03
1.542018386977536466e+03
1.583488436384959641e+03
1.627267263841009253e+03
1.602412817976523002e+03
1.451031710544410998e+03
1.477807422355957215e+03
2.415957027724988620e+03
1.858051189456797829e+03
1.059362668883770539e+03
2.559235515144243607e+02
-4.173325785183063772e+02
-1.289602265194842857e+03
-1.484315314727104351e+03
-1.291264915523154514e+03
-8.328673510209838469e+02
-2.485831163517192408e+02
6.583836253649567425e+02
9.970686177403114243e+02
1.815234261386219941e+03
2.282103283207214645e+03
2.400007039313624773e+03
2.500964643657509896e+03
2.259716443145677204e+03
1.841834951991683056e+03
1.355782478595063367e+03
6.605880521636582898e+02
1.655490498490508600e+01
-6.447280955030402083e+02
-7.456069149935296991e+02
-1.149946622178231110e+03
-9.180018328999577761e+02
-8.604339400307685537e+02
-3.537969588778647108e+02
3.225782069427439183e+02
8.963767243177993578e+02
8.776964638313517071e+02
2.777006930435822596e+03
2.619305389074484538e+03
1.748493008977042564e+03
5.045050908386090214e+02
-8.869850763619216423e+02
-1.867472259460351324e+03
-2.214306644357707683e+03
-2.335176812171334404e+03
-1.825829677707362634e+03
-1.361781528730825585e+03
-1.369663313186501682e+03
-1.447771376710170898e+03
-1.298346238353072295e+03
-1.376193943910338248e+03
-1.196445609569095041e+03
-5.023298992951976683e-01
-1.025056922081599708e+00
-1.621288765270972210e+00
-9.771685547051841558e-01
-1.053845288711502404e+00
-2.865735125398610750e-01
-2.083397599585785187e+00
-1.686515166285960099e+00
-1.885954647151028896e+00
2.858176802497056634e-01
-2.664063483882860850e-01
-1.161677452600762495e+00
1.467527289516557198e+00
-2.761885172528788512e+00
-1.428643081145430260e+00
4.291885941891244727e+00
1.357501977848586325e-02
2.269768256520367178e+00
-4.984763084201465411e+00
-7.152785823884959981e+00
-9.422192828228556749e+00
-1.655176316736702091e+01
-3.444150182183234676e+01
-4.475746355866611736e+01
-6.160652594600552590e+01
-8.300834629197967729e+01
-9.727697637653974994e+01
-1.013782853903689301e+02
-1.148607620738317081e+02
-1.079288416644220945e+02
-8.309627983825707531e+01
-6.486153521691090873e+01
-2.590607474626869688e+01
3.060667567835596614e+01
9.240395680826054559e+01
1.615448492137609833e+02
2.317836199003394029e+02
3.064759647200148152e+02
3.893855859916197346e+02
4.721430328736574324e+02
5.320354553802876580e+02
5.955941264267249835e+02
6.594555023621229566e+02
7.079140398065239879e+02
7.472121134652563796e+02
7.632126784852453056e+02
7.493546225464701820e+02
7.505026197312269005e+02
7.209596414285572337e+02
6.660779205658704996e+02
5.995107039194726894e+02
5.013089236052372257e+02
4.381783526823004991e+02
3.943339316777352224e+02
3.287539737751690723e+02
3.148025431701369143e+02
2.515634157094546879e+02
2.603524772155297455e+02
2.594901429150665990e+02
2.611116747701295822e+02
2.270620167353364138e+02
2.993116737753742314e+02
3.040681910607810323e+02
2.417383810609464945e+02
2.500990849763537653e+02
2.448769200961368711e+02
2.035173364226244814e+02
2.110884502846427608e+02
2.051669417549216803e+02
2.028499652003338269e+02
1.297631164634375409e+02
1.260107362619946798e+02
1.000449939523444982e+02
7.157647550666148106e+01
3.770566270369077877e+00
-3.418953486369652950e+01
-9.272168632687163381e+01
-1.272785829458933904e+02
-1.138020850160790332e+02
-1.358689009353434756e+02
-4.337653753736665863e+01
2.120694815398464783e+01
1.279779394176006946e+02
2.931237332903937158e+02
4.867374436369810837e+02
6.948093065174705316e+02
9.377245363224203629e+02
1.093474064100021451e+03
1.293512968411026804e+03
1.472181375393726512e+03
1.643159322279115486e+03
1.738567106238666611e+03
1.861259627120934056e+03
1.862200483940205231e+03
1.932885563196169187e+03
1.901623811270156011e+03
1.928516828799088216e+03
1.934279653531549002e+03
1.914035300283557035e+03
1.923210272400567419e+03
1.966842323660284137e+03
2.051544688287441204e+03
2.052562582531752469e+03
1.993799298680449510e+03
1.983601055145353257e+03
2.050478479983396483e+03
2.069455124921850711e+03
2.167218035766758931e+03
2.134626177242373160e+03
2.210157647557830387e+03
2.046075134837959240e+03
2.011408423282228341e+03
1.950333679021144917e+03
1.763405246029117961e+03
1.458252532199108146e+03
1.263200205183102071e+03
1.214418643966891295e+03
1.108986621519661639e+03
1.091854159401143761e+03
1.181071044090529085e+03
1.224514593187214132e+03
1.167572623464422804e+03
1.275297674118367468e+03
1.385469634164185209e+03
1.451258730995768019e+03
1.515025085971303042e+03
1.595622244420673496e+03
1.684597295534204022e+03
1.820704358306288441e+03
1.789248071740628120e+03
1.812355363150160201e+03
1.907809645738834661e+03
1.917765380504255972e+03
1.896282317333168521e+03
1.826814354709884810e+03
1.783800622107647314e+03
1.718957055927492547e+03
1.716192557917797330e+03
1.575703696847915808e+03
1.517803810727549717e+03
1.611095395729643315e+03
1.309829225728668689e+03
1.156149253056455109e+03
1.021437181990982822e+03
9.378919946132506311e+02
9.003967700031683989e+02
6.573076338593757555e+02
5.656944423479380930e+02
5.232473643835512576e+02
5.290569576705219106e+02
7.056596072209644035e+02
6.767818294890009838e+02
6.967926733508985535e+02
9.149050410632785315e+02
1.106038192892580582e+03
1.127266423956599056e+03
1.252857476955866332e+03
1.283793914757764014e+03
1.457373762657064617e+03
1.646473314352385842e+03
1.777433817087321813e+03
1.833121769239918649e+03
1.753680125558807731e+03
1.880325389642002847e+03
1.904834704177736057e+03
2.006914689383409041e+03
2.011420922495295599e+03
1.997714079737477050e+03
2.065911979813493417e+03
2.097645939818913121e+03
3.473764619987612150e+03
3.592937879573109058e+03
3.305235947138141000e+03
2.818373664218577233e+03
2.411619199777115682e+03
1.993699527054522378e+03
1.350853909881046093e+03
1.209862732476564588e+03
1.061334627027184979e+03
8.697872433344990668e+02
7.753478489198305397e+02
8.955580757793276234e+02
9.848173146681284607e+02
1.085599469086460431e+03
1.129271981294037232e+03
1.340779106459020113e+03
1.259586998944792640e+03
1.356486876430012444e+03
1.192716556194057375e+03
1.133357110565842959e+03
9.757996610979263323e+02
6.859886259410105822e+02
4.425538318163850704e+02
5.410515169348128666e+02
3.156050475670096489e+02
7.332887870003898456e+01
1.364773812364246623e+02
2.860800639842277704e+01
-6.472355459420867874e+01
4.262297793919555033e+01
7.088156701361522494e+01
7.934675739734922217e+01
7.875455354670353358e+01
6.220000625199779876e+01
8.591830197516046042e+01
7.690408226227644661e+01
9.647234360910742623e+01
9.765182553079533534e+01
1.350500621522404288e+02
9.457467150340306716e+01
1.183022776012348487e+02
1.434318573150473810e+02
8.319620853561848151e+01
1.944541356071075029e+02
2.778443388274018275e+02
1.818986810906197604e+02
2.971129028011066566e+02
2.461633437333742336e+02
2.543215541245122608e+02
2.420294617070139225e+02
2.269342987337413433e+02
1.937568917506600883e+02
1.045933621446908717e+02
-8.479576634210890518e+01
-4.285346941154668343e+02
-7.309520823094626394e+02
-1.007143429757760032e+03
-1.492319602500675501e+03
-1.964944094253320372e+03
-2.377849944474590302e+03
-2.878708016733229670e+03
-3.251641652598885685e+03
-3.856034704595173480e+03
-4.168506279141634877e+03
-4.573310205058474821e+03
-4.707879179789500085e+03
-4.846214913442336183e+03
-4.806717960533898804e+03
-4.848116747548308922e+03
-4.637994658788100423e+03
-4.424066836283445809e+03
-4.155552962496756663e+03
-3.954581319804350187e+03
-3.605061092474277757e+03
-3.312658236778011997e+03
-2.928782379741847762e+03
-2.586885360827326622e+03
-2.333138626963113893e+03
-2.145236890234594284e+03
-2.038965053922677498e+03
-1.987550015221459716e+03
-2.071379851981988395e+03
-2.036198705119530132e+03
-2.103006554428344771e+03
-2.055657359471041673e+03
-2.163346677220755282e+03
-1.990430420848735366e+03
-1.900969911015920161e+03
-2.847744763521046934e+03
-2.749915306232441708e+03
-2.658499334825571623e+03
-2.496156056990672823e+03
-2.756232125504049236e+03
-2.575827294912778143e+03
-2.968711194475195498e+03
-3.041617314644494400e+03
-3.082908246407107072e+03
-3.108631037539091267e+03
-3.432460450628601848e+03
-3.353210443560265503e+03
-3.454320736887361363e+03
-3.632528558646781676e+03
-3.807631373674292263e+03
-3.685520020269805173e+03
-3.868903898777703489e+03
-4.033523242039424986e+03
-4.252740370063742375e+03
-4.356479328683354652e+03
-4.530025491105592664e+03
-4.416463763442171512e+03
-4.667192678290628464e+03
-4.547208757010152112e+03
-4.392289783997048289e+03
-4.163737918551311850e+03
-3.989429070948624030e+03
-3.707078750529453373e+03
-3.417812291283820286e+03
-3.130876988677110603e+03
-2.721330726964817131e+03
-2.355984424345930620e+03
-2.063169153913121136e+03
-1.575515792142422697e+03
-1.351094223491805224e+03
-1.082420440414379527e+03
-1.298211134402541802e+03
-1.041880178465328754e+03
-8.612081406519032498e+02
-7.713338733363832489e+02
-9.576447188191011719e+02
-9.770151041837372077e+02
-1.059329221988171412e+03
-1.345096595053422561e+03
-1.150923519070092198e+03
-1.264976234826973950e+03
-1.385318987396553894e+03
-1.487577905541242671e+03
-1.450474946901949352e+03
-1.647998508794251620e+03
-1.489620899522796662e+03
-1.620262408733930442e+03
-1.481530143756685447e+03
-1.467060823773151014e+03
-1.331366328003927492e+03
-9.701018860793276417e+02
-1.101207227093911115e+03
-1.031169606963764409e+03
-9.512334232578472211e+02
-1.081403741863415007e+03
-8.139817758070346372e+02
-8.103017803165337227e+02
-8.799457473095581008e+02
-5.734655978990820131e+02
-7.281699616564791313e+02
-5.460504238498791665e+02
-6.547889431385789294e+02
-4.118744146613110502e+02
-3.792021464909735187e+02
-3.256457219216126191e+02
-2.840336607261512469e+01
-3.515460480932497944e+02
-1.175415253009967955e+02
6.098809173209915713e+01
-3.629784265846437563e+01
-9.068935807027786211e+01
4.675923038124434328e+01
4.979320345704968531e+01
1.337507386192829699e+02
1.084236586647417511e+02
1.132516599824138552e+02
3.704372495665170462e+00
1.204768887841560915e-01
-5.092418637955557870e+01
-7.059981726171709226e+01
-2.638196372957816749e+01
-8.069147704367381380e+01
-1.843199113916865173e+01
-8.140212033519377144e+01
-2.699713021024731461e+02
-6.653186369361321795e+01
-9.807655965735607140e+01
-1.632506623828610373e+02
-1.897346142502822488e+02
-1.514412044228277523e+02
-2.322664215112972670e+02
-1.282912293621658080e+02
-3.798139872768707903e+01
-1.485308099856168269e+02
-1.030707434294175897e+02
-1.441624334946010038e+02
-4.053499393567310705e+01
-7.133217626258014477e+00
-9.611827197618816854e+01
2.848462894766337072e+01
1.280001494353693658e+02
1.282961875725160894e+02
-2.477473487556423137e+01
1.747240435955979265e+01
1.056237301548157603e+02
6.917614406295471952e+01
2.229024566049359635e+02
2.038853220418100705e+02
1.950663780514389600e+02
6.994614271556953611e+01
1.530612873597449664e+02
2.024253182818015091e+02
1.406508556476745184e+02
5.687548563896807252e+01
2.189692665297161227e+02
-3.621712008038487340e+01
4.908309081523110251e+01
-6.495822067174087522e+01
-2.596275913613117581e+01
-1.000035108608573324e+02
2.322888885023949967e+01
9.295758794748914511e+01
-2.407765379397991623e+01
2.631352534856010195e+01
5.117860293904283253e+01
3.033241755995135946e+01
-3.685559361849879867e+00
8.475173738597005979e+01
6.064156401120681039e+01
1.488378253596036238e+01
9.154381110844094849e+01
5.340800309609171137e+01
2.804169702514810325e+01
-4.031228961007980871e+01
2.954287020929573870e+01
