1.063746692237192145e-05
2.127493384474384290e-05
3.545822307457306699e-05
5.318733461185960726e-05
7.446226845660344339e-05
9.928302460880459571e-05
1.276496030684630574e-04
1.595620038355788015e-04
1.950202269101518956e-04
2.340242722921822584e-04
2.765741399816699442e-04
3.226698299786148988e-04
3.723113422830172576e-04
4.254986768948768581e-04
8.381593233890044818e-04
9.429292388126300556e-04
1.053862090437645465e-03
1.170957878264050275e-03
1.294216602291845247e-03
1.423638262521029728e-03
1.559222858951603936e-03
1.700970391583567871e-03
1.848880860416921750e-03
2.002954265451664922e-03
2.163190606687798254e-03
2.329589884125321531e-03
2.502152097764233883e-03
2.680877247604536179e-03
1.852161276307055316e-03
1.975638694727525554e-03
2.103099255677688423e-03
2.234542959157544140e-03
2.369969805167092269e-03
3.699981340666388951e-03
3.911408845847325240e-03
4.128709337283287609e-03
4.351882814974276925e-03
4.580929278920291454e-03
6.492274155503232821e-03
6.816887863278394723e-03
7.149418978560266938e-03
7.489867501348851202e-03
7.838233431644147514e-03
9.007392638841874716e-03
9.407721200568180953e-03
9.816752557114623301e-03
1.023448670848120350e-02
1.066092365466791980e-02
1.473811576161915445e-02
1.532764039208392090e-02
1.592872432902838961e-02
1.654136757245255884e-02
1.716557012235642860e-02
1.841612501931962076e-02
1.908580229274942433e-02
1.976743808891904750e-02
2.046103240782848678e-02
2.116658524947774220e-02
2.312239117701989435e-02
2.389313754958722474e-02
2.467651910859008230e-02
2.547253585402847395e-02
2.628118778590239624e-02
3.018364799766486486e-02
3.111237562836224532e-02
3.205517488982777274e-02
3.301204578206143325e-02
3.398298830506324419e-02
3.396557103839675101e-02
3.493601592520809151e-02
3.592012904986183197e-02
3.691791041235800014e-02
3.792936001269657520e-02
4.348736326073016079e-02
4.464702628101629989e-02
4.582194802525357824e-02
4.701212849344197503e-02
4.821756768558151801e-02
5.145352406673291829e-02
5.273986216840124280e-02
5.404208098737411231e-02
5.536018052365153375e-02
5.669416077723348629e-02
6.257988472277799252e-02
6.405235259860807273e-02
6.554194219392453502e-02
6.704865350872739327e-02
6.857248654301666135e-02
7.116109632322348277e-02
7.274245401929511912e-02
7.434118927246642639e-02
7.595730208273744621e-02
7.759079245010813697e-02
8.156453020687366717e-02
8.328167821122889336e-02
8.501671317396283789e-02
8.676963509507547301e-02
8.854044397456679871e-02
8.945511514668480491e-02
9.124421744961851155e-02
9.305103363673965233e-02
9.487556370804828276e-02
9.671780766354436121e-02
9.857776550322791542e-02
1.004554372270989177e-01
1.023508228351573818e-01
1.042639223274033217e-01
1.076941348238569796e-01
1.096701739949369203e-01
1.116641771584812315e-01
1.136761443144898992e-01
1.157060754629629235e-01
1.177539706039003320e-01
1.198198297373020832e-01
1.219036528631682048e-01
1.240054399814987107e-01
1.274891561115876204e-01
1.296499892660213094e-01
1.318289806822569576e-01
1.340261303602945930e-01
1.362414383001341600e-01
1.384749045017757141e-01
1.407265289652191997e-01
1.429963116904646725e-01
1.452842526775121046e-01
1.511294684708038849e-01
1.535094601002653658e-01
1.559080454143320082e-01
1.583252244130038122e-01
1.607609970962808055e-01
1.632153634641629603e-01
1.656883235166502766e-01
1.681798772537427544e-01
1.706900246754404216e-01
1.686021642044926439e-01
1.710816077957351689e-01
1.735791495153809205e-01
1.760947893634299266e-01
1.786285273398821594e-01
1.811803634447376188e-01
1.837502976779963326e-01
1.863383300396582454e-01
1.889444605297233848e-01
1.998800067793913837e-01
2.026369723901416398e-01
2.054128213269929004e-01
2.082075535899451657e-01
2.110211691789984911e-01
2.138536680941528212e-01
2.167050503354082114e-01
2.195753159027646062e-01
2.224644647962220334e-01
2.245112149821008873e-01
2.274269450468034970e-01
2.303614862732138724e-01
2.333148386613320135e-01
2.362870022111578927e-01
2.392779769226915099e-01
2.422877627959329483e-01
2.453163598308820970e-01
2.483637680275390114e-01
2.497295031958233491e-01
2.527936688792076780e-01
2.558765184996857900e-01
2.589780520572577682e-01
2.620982695519235017e-01
2.652371709836831015e-01
2.683947563525364566e-01
2.715710256584836224e-01
2.747659789015245990e-01
2.737144985453234813e-01
2.768972252725946936e-01
2.800983492641853645e-01
2.833178705200955494e-01
2.865557890403251928e-01
2.898121048248743503e-01
2.930868178737430219e-01
2.963799281869311519e-01
2.996914357644387406e-01
3.127089075022693732e-01
3.161642545464933840e-01
3.196385870140372454e-01
3.231319049049010683e-01
3.266442082190847418e-01
3.301754969565883768e-01
3.337257711174119179e-01
3.372950307015553650e-01
3.408832757090187182e-01
3.384851913560289471e-01
3.420481933703029553e-01
3.456298498453846957e-01
3.492301607812740571e-01
3.528491261779712618e-01
3.564867460354760875e-01
3.601430203537887009e-01
3.638179491329089355e-01
3.675115323728369576e-01
3.952878864420709126e-01
3.992606290193781438e-01
4.032532353095719113e-01
4.072657053126522708e-01
4.112980390286191112e-01
4.153502364574724881e-01
4.194222975992124014e-01
4.235142224538388511e-01
4.276260110213518373e-01
4.337020350158348747e-01
4.378722468909871379e-01
4.420624119330062163e-01
4.462725301418919432e-01
4.505026015176444854e-01
4.547526260602637316e-01
4.590226037697498485e-01
4.633125346461026139e-01
4.676224186893221391e-01
4.803527297177642152e-01
4.847799438165454888e-01
4.892274662368807925e-01
4.936952969787701262e-01
4.981834360422134345e-01
5.026918834272108283e-01
5.072206391337622522e-01
5.117697031618677617e-01
5.163390755115273567e-01
5.376689361800297551e-01
5.424270683586140951e-01
5.472061614719058165e-01
5.520062155199050302e-01
5.568272305026116253e-01
5.616692064200256018e-01
5.665321432721470707e-01
5.714160410589759209e-01
5.763208997805121525e-01
6.130516912902260751e-01
6.182691524926960946e-01
6.235087215816171868e-01
6.287703985569895737e-01
6.340541834188130332e-01
6.393600761670875654e-01
6.446880768018132812e-01
6.500381853229901807e-01
6.554104017306181529e-01
7.089025566361099040e-01
7.147132333298484852e-01
7.205476270713166986e-01
7.264057378605144333e-01
7.322875656974415781e-01
7.381931105820983552e-01
7.441223725144847645e-01
7.500753514946005840e-01
7.560520475224460357e-01
8.007546477134026564e-01
8.070847239799118222e-01
8.134397218065253510e-01
8.198196411932432426e-01
8.262244821400653860e-01
8.326542446469918923e-01
8.391089287140228725e-01
8.455885343411582156e-01
8.520930615283979215e-01
9.118339389853429289e-01
9.187945034050783999e-01
9.257815338492233481e-01
9.327950303177782176e-01
9.398349928107424534e-01
9.469014213281164993e-01
9.539943158699002446e-01
9.611136764360934670e-01
9.682595030266962777e-01
1.013568606856391829e+00
1.021048817977103118e+00
1.028556529873993597e+00
1.036091742547063044e+00
1.043654455996311903e+00
1.051244670221739508e+00
1.058862385223346303e+00
1.066507601001132288e+00
1.074180317555097242e+00
1.142134675509224984e+00
1.150292780334290832e+00
1.158479917560869321e+00
1.166696087188960673e+00
1.174941289218564666e+00
1.183215523649681078e+00
1.191518790482310575e+00
1.199851089716452712e+00
1.208212421352107269e+00
1.287778306522170624e+00
1.296690267120939932e+00
1.305632958618325734e+00
1.314606381014328029e+00
1.323610534308946596e+00
1.332645418502181656e+00
1.341711033594033431e+00
1.350807379584501255e+00
1.359934456473585795e+00
1.408626556471067603e+00
1.418080425977584991e+00
1.427565913776766005e+00
1.437083019868611089e+00
1.446631744253120244e+00
1.456212086930293248e+00
1.465824047900130100e+00
1.475467627162631024e+00
1.485142824717795795e+00
1.476385449667342753e+00
1.486003595919247244e+00
1.495652969918722874e+00
1.505333571665769643e+00
1.515045401160387550e+00
1.524788458402576374e+00
1.534562743392336559e+00
1.544368256129667660e+00
1.554204996614570122e+00
1.606086446272771306e+00
1.616251550363105194e+00
1.626448721027856648e+00
1.636677958267025668e+00
1.646939262080612032e+00
1.657232632468615741e+00
1.667558069431037016e+00
1.677915572967875857e+00
1.688305143079132042e+00
1.712485797565165058e+00
1.723024171704027552e+00
1.733594872143929821e+00
1.744197898884871201e+00
1.754833251926852133e+00
1.765500931269872398e+00
1.776200936913932216e+00
1.786933268859031587e+00
1.797697927105170512e+00
1.719492462106088526e+00
1.729788824154627980e+00
1.740115921612267469e+00
1.750473754479007216e+00
1.760862322754846776e+00
1.771281626439786816e+00
1.781731665533826892e+00
1.792212440036967003e+00
1.802723949949207372e+00
1.500076563743669489e+00
1.508823365864623511e+00
1.517595594735929421e+00
1.526393250357587217e+00
1.535216332729596234e+00
1.544064841851957137e+00
1.552938777724669484e+00
1.561838140347733495e+00
1.570762929721149170e+00
1.126064255981967355e+00
1.132462348345501191e+00
1.138878565616580518e+00
1.145312907795205115e+00
1.151765374881375426e+00
1.158235966875091005e+00
1.164724683776352077e+00
1.171231525585158417e+00
1.177756492301510249e+00
4.021458817343426806e-01
4.043738367578016413e-01
4.066079463531486193e-01
4.088482105203836148e-01
4.110946292595065721e-01
4.133472025705175468e-01
4.156059304534165944e-01
4.178708129082036038e-01
4.201418499348786306e-01
-8.326434810593870139e-01
-8.371442566326809942e-01
-8.416571636765228792e-01
-8.461822021909128910e-01
-8.507193721758506966e-01
-8.552686736313365179e-01
-8.598301065573703550e-01
-8.644036709539519858e-01
-8.689893668210817435e-01
-2.606267864965613690e+00
-2.620021257392872727e+00
-2.633810842958098419e+00
-2.647636621661290324e+00
-2.661498593502449328e+00
-2.675396758481574100e+00
-2.689331116598665528e+00
-2.703301667853723611e+00
-2.717308412246747906e+00
-4.582358068975397103e+00
-4.605978471392796258e+00
-4.629659594639031539e+00
-4.653401438714103833e+00
-4.677204003618011363e+00
-4.701067289350756795e+00
-4.724991295912338352e+00
-4.748976023302756033e+00
-4.773021471522010728e+00
-7.176214536462729221e+00
-7.212366750752214450e+00
-7.248609799750968641e+00
-7.284943683458993569e+00
-7.321368401876289234e+00
-7.357883955002854748e+00
-7.394490342838688335e+00
-7.431187565383794436e+00
-7.467975622638169497e+00
-9.384451369982583557e+00
-9.430680194465256960e+00
-9.477022603283266733e+00
-9.523478596436618204e+00
-9.570048173925306045e+00
-9.616731335749332032e+00
-9.663528081908696166e+00
-9.710438412403396669e+00
-9.757462327233438870e+00
-1.146110348806601387e+01
-1.151633772174344017e+01
-1.157170473002105382e+01
-1.162720451289885126e+01
-1.168283707037683605e+01
-1.173860240245500819e+01
-1.179450050913336412e+01
-1.185053139041190740e+01
-1.190669504629063624e+01
-1.295421884244160360e+01
-1.301532364830217681e+01
-1.307657223017653969e+01
-1.313796458806469225e+01
-1.319950072196663626e+01
-1.326118063188236640e+01
-1.332300431781188799e+01
-1.338497177975519925e+01
-1.344708301771230019e+01
-1.425145225130009941e+01
-1.431727882059016821e+01
-1.438325706400302728e+01
-1.444938698153867307e+01
-1.451566857319710735e+01
-1.458210183897833012e+01
-1.464868677888234139e+01
-1.471542339290913937e+01
-1.478231168105872584e+01
-1.503416377817845273e+01
-1.510219166857745066e+01
-1.517037312080579170e+01
-1.523870813486347586e+01
-1.530719671075050137e+01
-1.537583884846687177e+01
-1.544463454801258351e+01
-1.551358380938764014e+01
-1.558268663259203990e+01
-1.499345414596634285e+01
-1.505994396479546182e+01
-1.512658088499367182e+01
-1.519336490656097283e+01
-1.526029602949736486e+01
-1.532737425380284790e+01
-1.539459957947742019e+01
-1.546197200652108528e+01
-1.552949153493384138e+01
-1.519711759603340440e+01
-1.526319202036398259e+01
-1.532940977316382813e+01
-1.539577085443293569e+01
-1.546227526417130527e+01
-1.552892300237894219e+01
-1.559571406905583935e+01
-1.566264846420200207e+01
-1.572972618781742860e+01
-1.509145640269881206e+01
-1.515581229354187798e+01
-1.522030511181226764e+01
-1.528493485750998637e+01
-1.534970153063502885e+01
-1.541460513118739684e+01
-1.547964565916709034e+01
-1.554482311457410937e+01
-1.561013749740845391e+01
-1.479587973591230998e+01
-1.485778718250608676e+01
-1.491982387220339668e+01
-1.498198980500424504e+01
-1.504428498090862831e+01
-1.510670939991654826e+01
-1.516926306202800312e+01
-1.523194596724299643e+01
-1.529475811556152287e+01
-1.448099738989479590e+01
-1.454046760504837010e+01
-1.460005968539692844e+01
-1.465977363094047270e+01
-1.471960944167900642e+01
-1.477956711761252606e+01
-1.483964665874103162e+01
-1.489984806506452486e+01
-1.496017133658300402e+01
-1.407342351454657781e+01
-1.413017119000845945e+01
-1.418703304590386516e+01
-1.424400908223279671e+01
-1.430109929899525234e+01
-1.435830369619123381e+01
-1.441562227382073935e+01
-1.447305503188376896e+01
-1.453060197038032442e+01
-1.392063168032046860e+01
-1.397576289489599688e+01
-1.403100306444103929e+01
-1.408635218895559937e+01
-1.414181026843967715e+01
-1.419737730289327082e+01
-1.425305329231638218e+01
-1.430883823670900945e+01
-1.436473213607115440e+01
-1.382895731798258332e+01
-1.388276649042609456e+01
-1.393668014669959376e+01
-1.399069828680307914e+01
-1.404482091073655425e+01
-1.409904801850001554e+01
-1.415337961009346479e+01
-1.420781568551690022e+01
-1.426235624477032538e+01
-1.398715241800595699e+01
-1.404064057256812070e+01
-1.409423080376112836e+01
-1.414792311158497995e+01
-1.420171749603967726e+01
-1.425561395712521673e+01
-1.430961249484160014e+01
-1.436371310918882749e+01
-1.441791580016689878e+01
-1.422977068233699960e+01
-1.428326606084202588e+01
-1.433686180591085346e+01
-1.439055791754347702e+01
-1.444435439573990188e+01
-1.449825124050012448e+01
-1.455224845182414839e+01
-1.460634602971197005e+01
-1.466054397416359123e+01
-1.435153357101668625e+01
-1.440458914798902157e+01
-1.445774261347975553e+01
-1.451099396748888815e+01
-1.456434321001642118e+01
-1.461779034106235287e+01
-1.467133536062668497e+01
-1.472497826870941395e+01
-1.477871906531054336e+01
-1.421318010560194800e+01
-1.426486439689504593e+01
-1.431664248907978276e+01
-1.436851438215616028e+01
-1.442048007612417493e+01
-1.447253957098382848e+01
-1.452469286673512272e+01
-1.457693996337805409e+01
-1.462928086091262436e+01
-1.495995052883607457e+01
-1.501347450210561263e+01
-1.506709405389884715e+01
-1.512080918421577636e+01
-1.517461989305640380e+01
-1.522852618042072415e+01
-1.528252804630874095e+01
-1.533662549072045245e+01
-1.539081851365586218e+01
-1.512120347649352325e+01
-1.517444715070653061e+01
-1.522778439903941639e+01
-1.528121522149218769e+01
-1.533473961806483921e+01
-1.538835758875737270e+01
-1.544206913356979172e+01
-1.549587425250208916e+01
-1.554977294555427036e+01
-1.556270000031375922e+01
-1.561664350118139666e+01
-1.567068032990520976e+01
-1.572481048648519142e+01
-1.577903397092134874e+01
-1.583335078321367639e+01
-1.588776092336217793e+01
-1.594226439136684981e+01
-1.599686118722769557e+01
-1.601513454961064298e+01
-1.606979371189600414e+01
-1.612454599030110103e+01
-1.617939138482593719e+01
-1.623432989547050553e+01
-1.628936152223481315e+01
-1.634448626511885649e+01
-1.639970412412263556e+01
-1.645501509924615391e+01
-1.682678587060103936e+01
-1.688334649537616983e+01
-1.694000202052843917e+01
-1.699675244605784741e+01
-1.705359777196439452e+01
-1.711053799824808408e+01
-1.716757312490890897e+01
-1.722470315194687629e+01
-1.728192807936198250e+01
-1.699076102469747340e+01
-1.704702182279249811e+01
-1.710337561394222305e+01
-1.715982239814665533e+01
-1.721636217540578784e+01
-1.727299494571962057e+01
-1.732972070908816065e+01
-1.738653946551140095e+01
-1.744345121498934148e+01
-1.742332485948125864e+01
-1.748017094385150472e+01
-1.753710961142105518e+01
-1.759414086218990292e+01
-1.765126469615805505e+01
-1.770848111332550090e+01
-1.776579011369225114e+01
-1.782319169725830221e+01
-1.788068586402365057e+01
-1.825419783065642321e+01
-1.831289300052991464e+01
-1.837168238415922517e+01
-1.843056598154435122e+01
-1.848954379268529280e+01
-1.854861581758204991e+01
-1.860778205623462611e+01
-1.866704250864301429e+01
-1.872639717480722155e+01
-1.881855500971295569e+01
-1.887820177678019107e+01
-1.893794292164341897e+01
-1.899777844430263940e+01
-1.905770834475785591e+01
-1.911773262300905785e+01
-1.917785127905625586e+01
-1.923806431289944996e+01
-1.929837172453863303e+01
-1.923111884403279603e+01
-1.929121609042039864e+01
-1.935140709226258338e+01
-1.941169184955935023e+01
-1.947207036231069921e+01
-1.953254263051663742e+01
-1.959310865417715064e+01
-1.965376843329225309e+01
-1.971452196786193412e+01
-1.986373270632223864e+01
-1.992494605826776066e+01
-1.998625358460089529e+01
-2.004765528532163188e+01
-2.010915116042998108e+01
-2.017074120992593933e+01
-2.023242543380950309e+01
-2.029420383208067591e+01
-2.035607640473946134e+01
-1.942607487673281597e+01
-1.948512069702683647e+01
-1.954425611644118277e+01
-1.960348113497585487e+01
-1.966279575263084922e+01
-1.972219996940616582e+01
-1.978169378530181177e+01
-1.984127720031778352e+01
-1.990095021445407752e+01
-1.851737491544638914e+01
-1.857289927801144813e+01
-1.862850676087974122e+01
-1.868419736405128262e+01
-1.873997108752606167e+01
-1.879582793130408191e+01
-1.885176789538534692e+01
-1.890779097976984957e+01
-1.896389718445759343e+01
-1.729546111788908291e+01
-1.734663112119644524e+01
-1.739787670796512131e+01
-1.744919787819510759e+01
-1.750059463188640052e+01
-1.755206696903901076e+01
-1.760361488965292764e+01
-1.765523839372815473e+01
-1.770693748126469558e+01
-1.565394881295128116e+01
-1.569965377298909459e+01
-1.574542535833308676e+01
-1.579126356898325412e+01
-1.583716840493960376e+01
-1.588313986620212503e+01
-1.592917795277082860e+01
-1.597528266464570734e+01
-1.602145400182676482e+01
-1.330713067018862716e+01
-1.334547974992980457e+01
-1.338388400820298507e+01
-1.342234344500816512e+01
-1.346085806034534826e+01
-1.349942785421453273e+01
-1.353805282661571852e+01
-1.357673297754890562e+01
-1.361546830701409583e+01
-1.166129671716062610e+01
-1.169447252574429896e+01
-1.172769545905607202e+01
-1.176096551709594706e+01
-1.179428269986392408e+01
-1.182764700736000307e+01
-1.186105843958418404e+01
-1.189451699653646699e+01
-1.192802267821685192e+01
-9.701624742561195447e+00
-9.728876497456029782e+00
-9.756166473605976108e+00
-9.783494671011034427e+00
-9.810861089671204738e+00
-9.838265729586488817e+00
-9.865708590756883112e+00
-9.893189673182389399e+00
-9.920708976863007678e+00
-7.485111648697547082e+00
-7.505874787806278370e+00
-7.526666684725408452e+00
-7.547487339454939992e+00
-7.568336751994871214e+00
-7.589214922345201231e+00
-7.610121850505931818e+00
-7.631057536477062975e+00
-7.652021980258592926e+00
-5.023026594662115762e+00
-5.036788311359820192e+00
-5.050568853935359925e+00
-5.064368222388734964e+00
-5.078186416719945306e+00
-5.092023436928991842e+00
-5.105879283015873682e+00
-5.119753954980590827e+00
-5.133647452823143276e+00
-3.226437608254314249e+00
-3.235169509765151385e+00
-3.243913211142895214e+00
-3.252668712387545735e+00
-3.261436013499102060e+00
-3.270215114477565521e+00
-3.279006015322935230e+00
-3.287808716035211631e+00
-3.296623216614394281e+00
-1.198567587191236461e+00
-1.201772313360196964e+00
-1.204981318202280383e+00
-1.208194601717486272e+00
-1.211412163905815298e+00
-1.214634004767266795e+00
-1.217860124301841207e+00
-1.221090522509538312e+00
-1.224325199390358332e+00
2.625052312580259395e-01
2.631987721596323326e-01
2.638932280228503680e-01
2.645885988476799899e-01
2.652848846341212541e-01
2.659820853821741604e-01
2.666802010918386534e-01
2.673792317631147331e-01
2.680791773960025104e-01
1.420386634515862001e+00
1.424095215807026138e+00
1.427808632275884060e+00
1.431526883922435767e+00
1.435249970746681480e+00
1.438977892748620757e+00
1.442710649928254041e+00
1.446448242285581109e+00
1.450190669820602185e+00
2.994490727102669059e+00
3.002218445108095324e+00
3.009956121513012839e+00
3.017703756317422048e+00
3.025461349521322951e+00
3.033228901124715549e+00
3.041006411127599396e+00
3.048793879529974937e+00
3.056591306331841729e+00
4.172738673863526593e+00
4.183383415378483683e+00
4.194041717073716313e+00
4.204713578949221819e+00
4.215399001005001089e+00
4.226097983241054123e+00
4.236810525657380921e+00
4.247536628253982371e+00
4.258276291030857585e+00
5.293552446459883321e+00
5.306903146198748367e+00
5.320270660420911568e+00
5.333654989126372925e+00
5.347056132315132437e+00
5.360474089987190105e+00
5.373908862142546816e+00
5.387360448781201683e+00
5.400828849903153817e+00
5.111731420951990401e+00
5.124478880854614005e+00
5.137242215551635738e+00
5.150021425043058265e+00
5.162816509328878922e+00
5.175627468409099485e+00
5.188454302283719954e+00
5.201297010952738553e+00
5.214155594416157058e+00
4.537446177576087258e+00
4.548635933870972536e+00
4.559839470653906268e+00
4.571056787924887566e+00
4.582287885683916429e+00
4.593532763930993745e+00
4.604791422666118628e+00
4.616063861889291964e+00
4.627350081600511977e+00
5.267279865800380989e+00
5.280126889863309358e+00
5.292989561945801391e+00
5.305867882047859752e+00
5.318761850169482663e+00
5.331671466310671015e+00
5.344596730471423918e+00
5.357537642651742260e+00
5.370494202851626042e+00
4.489296110084270985e+00
4.500126740024160910e+00
4.510970418915785096e+00
4.521827146759144433e+00
4.532696923554238921e+00
4.543579749301066784e+00
4.554475623999631573e+00
4.565384547649929736e+00
4.576306520251963050e+00
4.905231984540356471e+00
4.916938982116826118e+00
4.928659933206496646e+00
4.940394837809368944e+00
4.952143695925443012e+00
4.963906507554720626e+00
4.975683272697198234e+00
4.987473991352879388e+00
4.999278663521762311e+00
4.557439205224408596e+00
4.568200572887276323e+00
4.578974630842199467e+00
4.589761379089178028e+00
4.600560817628211119e+00
4.611372946459299627e+00
4.622197765582443552e+00
4.633035274997642894e+00
4.643885474704896765e+00
4.656678091292742572e+00
4.667558180291089265e+00
4.678450964842527426e+00
4.689356444947055280e+00
4.700274620604673714e+00
4.711205491815381841e+00
4.722149058579181435e+00
4.733105320896069834e+00
4.744074278766048813e+00
4.577737611398746687e+00
4.588321975818165477e+00
4.598918562367399154e+00
4.609527371046447719e+00
4.620148401855310283e+00
4.630781654793987734e+00
4.641427129862480072e+00
4.652084827060786409e+00
4.662754746388907634e+00
3.058241218934395267e+00
3.065239482593284048e+00
3.072245744267783074e+00
3.079260003957892344e+00
3.086282261663611415e+00
3.093312517384940730e+00
3.100350771121880733e+00
3.107397022874430093e+00
3.114451272642590141e+00
8.004064201332140582e-01
8.022193452071284536e-01
8.040343211012621616e-01
8.058513478156154042e-01
8.076704253501878483e-01
8.094915537049797161e-01
8.113147328799908964e-01
8.131399628752215003e-01
8.149672436906715278e-01
9.499391097980522392e-02
9.520690181159849330e-02
9.542013115496154885e-02
9.563359900989434892e-02
9.584730537639689352e-02
9.606125025446922427e-02
9.627543364411129956e-02
9.648985554532311937e-02
9.670451595810469758e-02
-2.609593304223960519e+00
-2.615385964166744515e+00
-2.621185046127203044e+00
-2.626990550105336109e+00
-2.632802476101144595e+00
-2.638620824114627617e+00
-2.644445594145785616e+00
-2.650276786194618595e+00
-2.656114400261126551e+00
-6.460026864576422057e+00
-6.474224725817249393e+00
-6.488438171977112034e+00
-6.502667203056009093e+00
-6.516911819053941457e+00
-6.531172019970908238e+00
-6.545447805806909436e+00
-6.559739176561946827e+00
-6.574046132236018636e+00
-1.330787376162320257e+01
-1.333683540201846540e+01
-1.336582852245763497e+01
-1.339485312294071484e+01
-1.342390920346770145e+01
-1.345299676403859479e+01
-1.348211580465339665e+01
-1.351126632531210703e+01
-1.354044832601472415e+01
-2.006781994136994030e+01
-2.011106955331254653e+01
-2.015436572027338968e+01
-2.019770844225247330e+01
-2.024109771924979739e+01
-2.028453355126535129e+01
-2.032801593829914921e+01
-2.037154488035118050e+01
-2.041512037742144869e+01
-3.024887501363432918e+01
-3.031344038185980239e+01
-3.037807458310044240e+01
-3.044277761735624566e+01
-3.050754948462721927e+01
-3.057239018491335614e+01
-3.063729971821465625e+01
-3.070227808453112672e+01
-3.076732528386275689e+01
-3.997393629692573569e+01
-4.005844779015391310e+01
-4.014304852466321449e+01
-4.022773850045363986e+01
-4.031251771752519630e+01
-4.039738617587788383e+01
-4.048234387551169533e+01
-4.056739081642663081e+01
-4.065252699862270447e+01
-4.883723197103630298e+01
-4.893950889663010173e+01
-4.904189280645568516e+01
-4.914438370051306038e+01
-4.924698157880223448e+01
-4.934968644132319326e+01
-4.945249828807595804e+01
-4.955541711906050040e+01
-4.965844293427684875e+01
-6.252437699890520406e+01
-6.265409562338425786e+01
-6.278394867130837298e+01
-6.291393614267754231e+01
-6.304405803749176584e+01
-6.317431435575105070e+01
-6.330470509745538976e+01
-6.343523026260478304e+01
-6.356588985119922341e+01
-7.568263655151712044e+01
-7.583820209427460668e+01
-7.599392735524847353e+01
-7.614981233443873521e+01
-7.630585703184536328e+01
-7.646206144746838618e+01
-7.661842558130778968e+01
-7.677494943336357380e+01
-7.693163300363573853e+01
-9.029942301834617524e+01
-9.048333223019616867e+01
-9.066742853178355688e+01
-9.085171192310831145e+01
-9.103618240417046081e+01
-9.122083997496999075e+01
-9.140568463550691547e+01
-9.159071638578122077e+01
-9.177593522579292085e+01
-9.945018730220972714e+01
-9.965089403743112939e+01
-9.985180309799046938e+01
-1.000529144838877187e+02
-1.002542281951229199e+02
-1.004557442316960305e+02
-1.006574625936070646e+02
-1.008593832808560222e+02
-1.010615062934429034e+02
-1.102972531453657439e+02
-1.105178476516564814e+02
-1.107386625320793740e+02
-1.109596977866344218e+02
-1.111809534153216248e+02
-1.114024294181409971e+02
-1.116241257950925245e+02
-1.118460425461762071e+02
-1.120681796713920448e+02
-1.197169780865910695e+02
-1.199542763583187082e+02
-1.201918095788302310e+02
-1.204295777481256380e+02
-1.206675808662049434e+02
-1.209058189330681330e+02
-1.211442919487152068e+02
-1.213829999131461790e+02
-1.216219428263610354e+02
-1.199090989421160458e+02
-1.201446767396447655e+02
-1.203804857224507430e+02
-1.206165258905339783e+02
-1.208527972438944715e+02
-1.210892997825322226e+02
-1.213260335064472599e+02
-1.215629984156395267e+02
-1.218001945101090797e+02
-1.202716755821601708e+02
-1.205058950088050835e+02
-1.207403422753591684e+02
-1.209750173818224539e+02
-1.212099203281949116e+02
-1.214450511144765841e+02
-1.216804097406674288e+02
-1.219159962067674456e+02
-1.221518105127766773e+02
-1.162561876668608392e+02
-1.164806204615844933e+02
-1.167052696813754125e+02
-1.169301353262335539e+02
-1.171552173961589318e+02
-1.173805158911515321e+02
-1.176060308112113972e+02
-1.178317621563384847e+02
-1.180577099265327945e+02
-1.093504529898145989e+02
-1.095597361534314729e+02
-1.097692193965546608e+02
-1.099789027191841768e+02
-1.101887861213200352e+02
-1.103988696029622076e+02
-1.106091531641107082e+02
-1.108196368047655369e+02
-1.110303205249266796e+02
-1.025975586218031737e+02
-1.027922408962278524e+02
-1.029871077036140719e+02
-1.031821590439618177e+02
-1.033773949172711042e+02
-1.035728153235419455e+02
-1.037684202627743275e+02
-1.039642097349682359e+02
-1.041601837401236992e+02
-9.583733102493503964e+01
-9.601764585282766973e+01
-9.619813014954351615e+01
-9.637878391508256470e+01
-9.655960714944481538e+01
-9.674059985263026817e+01
-9.692176202463895152e+01
-9.710309366547082277e+01
-9.728459477512591036e+01
-8.887655687791261983e+01
-8.904237134969976353e+01
-8.920834035501141557e+01
-8.937446389384756174e+01
-8.954074196620821624e+01
-8.970717457209335066e+01
-8.987376171150299342e+01
-9.004050338443714452e+01
-9.020739959089578974e+01
-8.092170130644760206e+01
-8.107141768259273817e+01
-8.122127242877128595e+01
-8.137126554498323117e+01
-8.152139703122860226e+01
-8.167166688750735659e+01
-8.182207511381952258e+01
-8.197262171016510024e+01
-8.212330667654407534e+01
-7.613187651747513485e+01
-7.627156803402097296e+01
-7.641138759045364282e+01
-7.655133518677314441e+01
-7.669141082297950618e+01
-7.683161449907271390e+01
-7.697194621505273915e+01
-7.711240597091962456e+01
-7.725299376667335594e+01
-7.031219327334302704e+01
-7.044014994899970361e+01
-7.056822294890697833e+01
-7.069641227306483700e+01
-7.082471792147330802e+01
-7.095313989413236300e+01
-7.108167819104203033e+01
-7.121033281220228162e+01
-7.133910375761314526e+01
-6.373751834954194351e+01
-6.385256802165302759e+01
-6.396772143557846135e+01
-6.408297859131825192e+01
-6.419833948887236375e+01
-6.431380412824084658e+01
-6.442937250942367200e+01
-6.454504463242084000e+01
-6.466082049723236480e+01
-5.813388041075059931e+01
-5.823796972213958156e+01
-5.834215213666934829e+01
-5.844642765433989240e+01
-5.855079627515121388e+01
-5.865525799910331273e+01
-5.875981282619618895e+01
-5.886446075642984255e+01
-5.896920178980427352e+01
-5.273019445989486798e+01
-5.282385377509894653e+01
-5.291759619528546210e+01
-5.301142172045440049e+01
-5.310533035060578300e+01
-5.319932208573960253e+01
-5.329339692585585198e+01
-5.338755487095453844e+01
-5.348179592103565483e+01
-5.632748533236856048e+01
-5.642674081313044354e+01
-5.652608366667469397e+01
-5.662551389300129756e+01
-5.672503149211026141e+01
-5.682463646400158552e+01
-5.692432880867526990e+01
-5.702410852613132164e+01
-5.712397561636972654e+01
-5.203715289443069025e+01
-5.212812693795241614e+01
-5.221918043478726901e+01
-5.231031338493524174e+01
-5.240152578839632724e+01
-5.249281764517053972e+01
-5.258418895525787207e+01
-5.267563971865832428e+01
-5.276716993537188927e+01
-5.293597345734429638e+01
-5.302779648155478753e+01
-5.311969907511033995e+01
-5.321168123801096073e+01
-5.330374297025664987e+01
-5.339588427184741448e+01
-5.348810514278324746e+01
-5.358040558306415591e+01
-5.367278559269012561e+01
-5.931174193606187117e+01
-5.941382755040965691e+01
-5.951600094258576945e+01
-5.961826211259020880e+01
-5.972061106042298917e+01
-5.982304778608408924e+01
-5.992557228957352322e+01
-6.002818457089128401e+01
-6.013088463003737161e+01
-5.958778773333902024e+01
-5.968956021452320471e+01
-5.979141953229543560e+01
-5.989336568665569871e+01
-5.999539867760400114e+01
-6.009751850514034999e+01
-6.019972516926473816e+01
-6.030201866997716564e+01
-6.040439900727763956e+01
-6.541612194666961955e+01
-6.552699672963008481e+01
-6.563796539470989444e+01
-6.574902794190906263e+01
-6.586018437122758939e+01
-6.597143468266547472e+01
-6.608277887622271862e+01
-6.619421695189930688e+01
-6.630574890969526791e+01
-7.145377016175763174e+01
-7.157396153292964414e+01
-7.169425390525388764e+01
-7.181464727873039067e+01
-7.193514165335912480e+01
-7.205573702914011847e+01
-7.217643340607335745e+01
-7.229723078415884174e+01
-7.241812916339655715e+01
-7.922119081909812621e+01
-7.935344656337041158e+01
-7.948581261268378739e+01
-7.961828896703826786e+01
-7.975087562643382455e+01
-7.988357259087050011e+01
-8.001637986034825190e+01
-8.014929743486710834e+01
-8.028232531442705522e+01
-8.830430039170289547e+01
-8.845062069061209797e+01
-8.859706211559655742e+01
-8.874362466665627380e+01
-8.889030834379123291e+01
-8.903711314700146318e+01
-8.918403907628695038e+01
-8.933108613164768030e+01
-8.947825431308366717e+01
-9.628322711925562771e+01
-9.644158769017545296e+01
-9.660007838481831755e+01
-9.675869920318419304e+01
-9.691745014527307944e+01
-9.707633121108500518e+01
-9.723534240061995604e+01
-9.739448371387791781e+01
-9.755375515085891891e+01
-1.094589364240184324e+02
-1.096376448916494866e+02
-1.098164991247516866e+02
-1.099954991233250325e+02
-1.101746448873695385e+02
-1.103539364168851904e+02
-1.105333737118720023e+02
-1.107129567723299601e+02
-1.108926855982590638e+02
-1.170197574869970225e+02
-1.172094167373811331e+02
-1.173992295580084715e+02
-1.175891959488790377e+02
-1.177793159099928317e+02
-1.179695894413498394e+02
-1.181600165429500890e+02
-1.183505972147935523e+02
-1.185413314568802434e+02
-1.235372676634788860e+02
-1.237360404191723262e+02
-1.239349729600391612e+02
-1.241340652860793909e+02
-1.243333173972930012e+02
-1.245327292936799921e+02
-1.247323009752403919e+02
-1.249320324419741581e+02
-1.251319236938813191e+02
-1.319953608641374956e+02
-1.322062160731856295e+02
-1.324172395625283229e+02
-1.326284313321655191e+02
-1.328397913820972462e+02
-1.330513197123235329e+02
-1.332630163228443223e+02
-1.334748812136596428e+02
-1.336869143847695227e+02
-1.361580494057332942e+02
-1.363740019028082031e+02
-1.365901255191359667e+02
-1.368064202547165280e+02
-1.370228861095499440e+02
-1.372395230836361861e+02
-1.374563311769752829e+02
-1.376733103895671775e+02
-1.378904607214119267e+02
-1.379022783748295353e+02
-1.381194473171520940e+02
-1.383367871241027558e+02
-1.385542977956815491e+02
-1.387719793318884456e+02
-1.389898317327234167e+02
-1.392078549981865194e+02
-1.394260491282776968e+02
-1.396444141229970057e+02
-1.281592108771454264e+02
-1.283596162108079000e+02
-1.285601781111372759e+02
-1.287608965781336110e+02
-1.289617716117968484e+02
-1.291628032121269882e+02
-1.293639913791240872e+02
-1.295653361127880885e+02
-1.297668374131190205e+02
-1.119618381533129821e+02
-1.121356919392653424e+02
-1.123096806001485959e+02
-1.124838041359627709e+02
-1.126580625467078818e+02
-1.128324558323839000e+02
-1.130069839929908397e+02
-1.131816470285286869e+02
-1.133564449389974556e+02
-9.227726516335944495e+01
-9.241955855605544912e+01
-9.256196157386139589e+01
-9.270447421677728528e+01
-9.284709648480308886e+01
-9.298982837793882084e+01
-9.313266989618450964e+01
-9.327562103954012684e+01
-9.341868180800568666e+01
-7.434410054753918473e+01
-7.445795062494734395e+01
-7.457188781029540792e+01
-7.468591210358330557e+01
-7.480002350481109374e+01
-7.491422201397874403e+01
-7.502850763108625642e+01
-7.514288035613364514e+01
-7.525734018912091017e+01
-4.046667877741165142e+01
-4.052822505692103050e+01
-4.058981810411999902e+01
-4.065145791900855698e+01
-4.071314450158671860e+01
-4.077487785185447677e+01
-4.083665796981183860e+01
-4.089848485545878987e+01
-4.096035850879533768e+01
-1.118341180784790367e+01
-1.120030517915885326e+01
-1.121721130018399926e+01
-1.123413017092333988e+01
-1.125106179137688045e+01
-1.126800616154461565e+01
-1.128496328142654903e+01
-1.130193315102267881e+01
-1.131891577033300500e+01
1.919905958352365616e+01
1.922786537434664567e+01
1.925669275871598529e+01
1.928554173663166083e+01
1.931441230809368648e+01
1.934330447310205159e+01
1.937221823165676327e+01
1.940115358375781796e+01
1.943011052940521921e+01
5.599988223543178378e+01
5.608333958600620406e+01
5.616685907906056485e+01
5.625044071459488038e+01
5.633408449260915063e+01
5.641779041310336851e+01
5.650155847607753401e+01
5.658538868153165424e+01
5.666928102946572920e+01
8.669658305151335753e+01
8.682492736395083455e+01
8.695336660561348197e+01
8.708190077650131400e+01
8.721052987661430222e+01
8.733925390595248928e+01
8.746807286451584673e+01
8.759698675230436038e+01
8.772599556931807285e+01
1.130996689072087520e+02
1.132659919497193357e+02
1.134324371987270155e+02
1.135990046542317486e+02
1.137656943162335637e+02
1.139325061847324321e+02
1.140994402597283823e+02
1.142664965412213860e+02
1.144336750292114715e+02
1.333229001722079374e+02
1.335176743141688007e+02
1.337125906270362066e+02
1.339076491108101550e+02
1.341028497654906175e+02
1.342981925910776511e+02
1.344936775875712271e+02
1.346893047549713174e+02
1.348850740932779502e+02
1.562284150039994017e+02
1.564551616150356779e+02
1.566820726543613489e+02
1.569091481219763580e+02
1.571363880178807335e+02
1.573637923420744755e+02
1.575913610945575840e+02
1.578190942753300874e+02
1.580469918843919288e+02
1.794874718778725367e+02
1.797462858243438859e+02
1.800052862361945358e+02
1.802644731134244580e+02
1.805238464560337093e+02
1.807834062640222612e+02
1.810431525373901138e+02
1.813030852761372671e+02
1.815632044802637211e+02
1.948582100164702524e+02
1.951373765064652162e+02
1.954167428293091007e+02
1.956963089850019628e+02
1.959760749735437741e+02
1.962560407949345631e+02
1.965362064491742728e+02
1.968165719362629886e+02
1.970971372562006252e+02
2.139323563975159175e+02
2.142368864422099080e+02
2.145416330801078004e+02
2.148465963112095665e+02
2.151517761355152629e+02
2.154571725530248614e+02
2.157627855637383902e+02
2.160686151676557927e+02
2.163746613647770971e+02
2.231670240930085356e+02
2.234826775924328786e+02
2.237985541685352757e+02
2.241146538213156703e+02
2.244309765507741474e+02
2.247475223569106220e+02
2.250642912397251791e+02
2.253812831992177337e+02
2.256984982353883424e+02
2.397787402057417410e+02
2.401157447597905445e+02
2.404529859743408622e+02
2.407904638493925233e+02
2.411281783849456701e+02
2.414661295810002741e+02
2.418043174375563069e+02
2.421427419546137685e+02
2.424814031321726588e+02
2.471386276258010071e+02
2.474837933068426139e+02
2.478291998571662020e+02
2.481748472767717431e+02
2.485207355656592370e+02
2.488668647238286837e+02
2.492132347512800550e+02
2.495598456480134075e+02
2.499066974140287130e+02
2.565004992911033241e+02
2.568565027599320842e+02
2.572127531105006142e+02
2.575692503428090276e+02
2.579259944568572109e+02
2.582829854526452777e+02
2.586402233301731144e+02
2.589977080894408346e+02
2.593554397304483246e+02
2.617182635208496322e+02
2.620792542291542873e+02
2.624404937249904606e+02
2.628019820083582090e+02
2.631637190792575325e+02
2.635257049376884311e+02
2.638879395836509048e+02
2.642504230171448967e+02
2.646131552381704637e+02
2.695616559482294292e+02
2.699311715835251562e+02
2.703009403117217744e+02
2.706709621328192839e+02
2.710412370468176846e+02
2.714117650537169766e+02
2.717825461535171030e+02
2.721535803462181207e+02
2.725248676318200864e+02
2.686997088575574821e+02
2.690657847551835857e+02
2.694321098535568240e+02
2.697986841526773105e+02
2.701655076525450454e+02
2.705325803531598581e+02
2.708999022545219191e+02
2.712674733566312284e+02
2.716352936594876155e+02
2.698707930864685522e+02
2.702362240859085887e+02
2.706019023323035526e+02
2.709678278256535009e+02
2.713340005659584904e+02
2.717004205532184073e+02
2.720670877874332518e+02
2.724340022686030807e+02
2.728011639967278938e+02
2.564073187253975448e+02
2.567524160588099562e+02
2.570977454684384611e+02
2.574433069542831163e+02
2.577891005163439786e+02
2.581351261546209344e+02
2.584813838691140404e+02
2.588278736598232967e+02
2.591745955267487034e+02
2.541954657099306303e+02
2.545355265336228285e+02
2.548758146706998673e+02
2.552163301211617465e+02
2.555570728850084095e+02
2.558980429622399129e+02
2.562392403528561999e+02
2.565806650568573559e+02
2.569223170742433240e+02
2.252501081123362212e+02
2.255496428305707184e+02
2.258493765751960609e+02
2.261493093462122488e+02
2.264494411436193104e+02
2.267497719674172174e+02
2.270503018176059413e+02
2.273510306941855674e+02
2.276519585971560389e+02
2.279530855265173557e+02
2.282544114822695178e+02
2.285559364644125537e+02
2.288576604729464350e+02
2.291595835078711616e+02
2.294617055691867336e+02
2.297640266568931793e+02
2.300665467709904988e+02
1.823940719727029034e+02
1.826339063868681762e+02
1.828738983794922035e+02
1.831140479505748999e+02
1.833543551001163507e+02
1.835948198281164991e+02
1.838354421345753735e+02
1.840762220194929455e+02
1.843171594828692434e+02
1.845582545247042674e+02
1.847995071449980173e+02
1.850409173437504649e+02
1.852824851209616099e+02
1.855242104766315094e+02
1.857660934107600781e+02
1.860081339233474012e+02
1.862503320143934218e+02
1.134134293798318396e+02
1.135609110825364354e+02
1.137084886148074503e+02
1.138561619766448558e+02
1.140039311680486804e+02
1.141517961890189099e+02
1.142997570395555442e+02
1.144478137196585976e+02
1.145959662293280559e+02
1.147442145685639332e+02
1.148925587373662154e+02
1.150409987357349024e+02
1.151895345636700085e+02
1.153381662211715053e+02
1.154868937082394211e+02
1.156357170248737560e+02
1.157846361710744958e+02
4.339341870160404113e+01
4.344923017260288844e+01
4.350507751215635466e+01
4.356096072026446109e+01
4.361687979692718642e+01
4.367283474214454486e+01
4.372882555591652221e+01
4.378485223824312556e+01
4.384091478912436202e+01
4.389701320856021738e+01
4.395314749655070585e+01
4.400931765309582033e+01
4.406552367819556082e+01
4.412176557184992731e+01
4.417804333405891981e+01
4.423435696482253832e+01
4.429070646414078283e+01
-2.634195033847184675e+01
-2.637546427020018314e+01
-2.640899950767023796e+01
-2.644255605088202188e+01
-2.647613389983552068e+01
-2.650973305453074502e+01
-2.654335351496768780e+01
-2.657699528114635257e+01
-2.661065835306674288e+01
-2.664434273072885162e+01
-2.667804841413268235e+01
-2.671177540327823863e+01
-2.674552369816551334e+01
-2.677929329879451004e+01
-2.681308420516522517e+01
-2.684689641727766585e+01
-2.688072993513182851e+01
-9.966560542190541128e+01
-9.979104985918912973e+01
-9.991657319234533929e+01
-1.000421754213740542e+02
-1.001678565462752744e+02
-1.002936165670489999e+02
-1.004194554836952307e+02
-1.005453732962139810e+02
-1.006713700046052224e+02
-1.007974456088689692e+02
-1.009236001090052355e+02
-1.010498335050139929e+02
-1.011761457968952556e+02
-1.013025369846490378e+02
-1.014290070682753111e+02
-1.015555560477740897e+02
-1.016821839231453879e+02
-1.189993631530433902e+02
-1.191475566314407075e+02
-1.192958423273105808e+02
-1.194442202406530100e+02
-1.195926903714679810e+02
-1.197412527197555221e+02
-1.198899072855156192e+02
-1.200386540687482722e+02
-1.201874930694534811e+02
-1.203364242876312318e+02
-1.204854477232815668e+02
-1.206345633764044294e+02
-1.207837712469998621e+02
-1.209330713350678366e+02
-1.210824636406083954e+02
-1.212319481636214817e+02
-1.213815249041071382e+02
-1.181570975251754021e+02
-1.183027008492976080e+02
-1.184483938306391053e+02
-1.185941764691999083e+02
-1.187400487649799743e+02
-1.188860107179793317e+02
-1.190320623281979806e+02
-1.191782035956359067e+02
-1.193244345202931385e+02
-1.194707551021696474e+02
-1.196171653412654479e+02
-1.197636652375805255e+02
-1.199102547911148946e+02
-1.200569340018685551e+02
-1.202037028698415071e+02
-1.203505613950337363e+02
-1.204975095774452427e+02
-7.818535096649053173e+01
-7.828069895547406531e+01
-7.837610504804624156e+01
-7.847156924420707469e+01
-7.856709154395657890e+01
-7.866267194729471157e+01
-7.875831045422152954e+01
-7.885400706473697596e+01
-7.894976177884109347e+01
-7.904557459653386786e+01
-7.914144551781528492e+01
-7.923737454268535885e+01
-7.933336167114410387e+01
-7.942940690319147734e+01
-7.952551023882753611e+01
-7.962167167805222334e+01
-7.971789122086558166e+01
-3.309086726470462736e+01
-3.313080796146346785e+01
-3.317077274790673158e+01
-3.321076162403441145e+01
-3.325077458984649326e+01
-3.329081164534299830e+01
-3.333087279052391949e+01
-3.337095802538925682e+01
-3.341106734993900318e+01
-3.345120076417315857e+01
-3.349135826809173722e+01
-3.353153986169472489e+01
-3.357174554498212871e+01
-3.361197531795394866e+01
-3.365222918061017765e+01
-3.369250713295082278e+01
-3.373280917497588405e+01
5.375491129131327739e+01
5.381913460229453250e+01
5.388339625555100554e+01
5.394769625108268940e+01
5.401203458888958409e+01
5.407641126897169670e+01
5.414082629132902014e+01
5.420527965596155440e+01
5.426977136286929948e+01
5.433430141205226249e+01
5.439886980351043633e+01
5.446347653724382099e+01
5.452812161325241647e+01
5.459280503153622988e+01
5.465752679209524700e+01
5.472228689492948916e+01
5.478708534003893504e+01
1.061776457429513982e+02
1.063032254540607653e+02
1.064288793848575239e+02
1.065546075353417024e+02
1.066804099055133008e+02
1.068062864953723050e+02
1.069322373049187291e+02
1.070582623341525732e+02
1.071843615830738372e+02
1.073105350516825212e+02
1.074367827399786108e+02
1.075631046479621347e+02
1.076895007756330642e+02
1.078159711229914137e+02
1.079425156900371832e+02
1.080691344767703583e+02
1.081958274831909534e+02
1.559782423469835066e+02
1.561608866588652234e+02
1.563436378427843181e+02
1.565264958987407908e+02
1.567094608267346416e+02
1.568925326267658704e+02
1.570757112988344772e+02
1.572589968429404905e+02
1.574423892590838534e+02
1.576258885472645943e+02
1.578094947074827417e+02
1.579932077397382386e+02
1.581770276440311420e+02
1.583609544203613950e+02
1.585449880687290545e+02
1.587291285891340635e+02
1.589133759815764790e+02
1.979244607331459065e+02
1.981539383687785403e+02
1.983835489578501097e+02
1.986132925003606431e+02
1.988431689963101690e+02
1.990731784456986020e+02
1.993033208485259991e+02
1.995335962047923601e+02
1.997640045144976568e+02
1.999945457776418891e+02
2.002252199942251139e+02
2.004560271642472742e+02
2.006869672877083985e+02
2.009180403646084585e+02
2.011492463949474825e+02
2.013805853787254421e+02
2.016120573159423657e+02
2.185709784115945808e+02
2.188219209815275121e+02
2.190730075231012677e+02
2.193242380363158475e+02
2.195756125211711947e+02
2.198271309776673945e+02
2.200787934058043902e+02
2.203305998055822101e+02
2.205825501770008259e+02
2.208346445200602375e+02
2.210868828347605017e+02
2.213392651211015334e+02
2.215917913790833893e+02
2.218444616087060695e+02
2.220972758099695454e+02
2.223502339828738457e+02
2.226033361274189417e+02
2.279323737750782186e+02
2.281915350869316228e+02
2.284508436495304124e+02
2.287102994628745876e+02
2.289699025269640913e+02
2.292296528417990089e+02
2.294895504073792836e+02
2.297495952237049437e+02
2.300097872907759324e+02
2.302701266085923351e+02
2.305306131771540663e+02
2.307912469964611830e+02
2.310520280665137136e+02
2.313129563873115728e+02
2.315740319588548175e+02
2.318352547811434192e+02
2.320966248541774064e+02
2.069239433918037605e+02
2.071569658505783025e+02
2.073901194418563989e+02
2.076234041656379929e+02
2.078568200219231414e+02
2.080903670107118444e+02
2.083240451320040449e+02
2.085578543857997715e+02
2.087917947720990526e+02
2.090258662909018597e+02
2.092600689422081928e+02
2.094944027260180235e+02
2.097288676423314371e+02
2.099634636911483483e+02
2.101981908724688140e+02
2.104330491862928056e+02
2.106680386326203234e+02
1.719106274786688004e+02
1.721023850107141868e+02
1.722942494310159987e+02
1.724862207395742075e+02
1.726782989363888987e+02
1.728704840214599869e+02
1.730627759947875290e+02
1.732551748563715250e+02
1.734476806062119181e+02
1.736402932443087650e+02
1.738330127706620658e+02
1.740258391852717921e+02
1.742187724881379154e+02
1.744118126792605210e+02
1.746049597586395521e+02
1.747982137262750086e+02
1.749915745821669191e+02
1.253447831832241377e+02
1.254832857060785187e+02
1.256218647074104666e+02
1.257605201872199672e+02
1.258992521455070204e+02
1.260380605822716404e+02
1.261769454975138274e+02
1.263159068912335528e+02
1.264549447634308308e+02
1.265940591141056757e+02
1.267332499432580732e+02
1.268725172508880377e+02
1.270118610369955405e+02
1.271512813015806103e+02
1.272907780446432184e+02
1.274303512661834077e+02
1.275700009662011496e+02
7.867147562236962699e+01
7.875759655901151746e+01
7.884376460776317685e+01
7.892997976862459097e+01
7.901624204159575982e+01
7.910255142667669759e+01
7.918890792386739008e+01
7.927531153316785151e+01
7.936176225457806765e+01
7.944826008809803852e+01
7.953480503372777832e+01
7.962139709146727284e+01
7.970803626131652209e+01
7.979472254327555447e+01
7.988145593734432737e+01
7.996823644352285498e+01
8.005506406181116574e+01
1.583226166843800087e+01
1.584943331883760820e+01
1.586661427636480326e+01
1.588380454101958783e+01
1.590100411280195836e+01
1.591821299171191662e+01
1.593543117774946438e+01
1.595265867091459633e+01
1.596989547120731956e+01
1.598714157862763052e+01
1.600439699317552567e+01
1.602166171485101387e+01
1.603893574365408980e+01
1.605621907958474992e+01
1.607351172264299777e+01
1.609081367282883690e+01
1.610812493014226376e+01
-4.104058649408091952e+01
-4.108469244410142807e+01
-4.112882208152795727e+01
-4.117297540636051423e+01
-4.121715241859909895e+01
-4.126135311824371144e+01
-4.130557750529435168e+01
-4.134982557975100548e+01
-4.139409734161370125e+01
-4.143839279088241767e+01
-4.148271192755715475e+01
-4.152705475163791959e+01
-4.157142126312471220e+01
-4.161581146201753256e+01
-4.166022534831638069e+01
-4.170466292202124947e+01
-4.174912418313214602e+01
-6.370171034372459928e+01
-6.376955029084251692e+01
-6.383742634224309143e+01
-6.390533849792632992e+01
-6.397328675789222530e+01
-6.404127112214078466e+01
-6.410929159067200089e+01
-6.417734816348587401e+01
-6.424544084058241822e+01
-6.431356962196160509e+01
-6.438173450762346306e+01
-6.444993549756799212e+01
-6.451817259179516384e+01
-6.458644579030500665e+01
-6.465475509309749214e+01
-6.472310050017264871e+01
-6.479148201153046216e+01
-8.602601720113112549e+01
-8.611680983142255741e+01
-8.620765034812237104e+01
-8.629853875123056639e+01
-8.638947504074714345e+01
-8.648045921667210223e+01
-8.657149127900544272e+01
-8.666257122774716493e+01
-8.675369906289726885e+01
-8.684487478445575448e+01
-8.693609839242260762e+01
-8.702736988679785668e+01
-8.711868926758148746e+01
-8.721005653477349995e+01
-8.730147168837389415e+01
-8.739293472838267007e+01
-8.748444565479981350e+01
-7.315908868656204334e+01
-7.323561492995801814e+01
-7.331218117661768474e+01
-7.338878742654100051e+01
-7.346543367972799388e+01
-7.354211993617865062e+01
-7.361884619589297074e+01
-7.369561245887096845e+01
-7.377241872511261533e+01
-7.384926499461793981e+01
-7.392615126738694187e+01
-7.400307754341959310e+01
-7.408004382271592192e+01
-7.415705010527591412e+01
-7.423409639109958391e+01
-7.431118268018691708e+01
-7.438830897253791363e+01
-7.492733072045551523e+01
-7.500501587413145899e+01
-7.508274127918238605e+01
-7.516050693560825380e+01
-7.523831284340909065e+01
-7.531615900258489660e+01
-7.539404541313564323e+01
-7.547197207506137318e+01
-7.554993898836205801e+01
-7.562794615303769774e+01
-7.570599356908830657e+01
-7.578408123651388451e+01
-7.586220915531440312e+01
-7.594037732548989084e+01
-7.601858574704034766e+01
-7.609683441996575937e+01
-7.617512334426614018e+01
-1.815100077119991440e+01
-1.816965544825150758e+01
-1.818831970654452235e+01
-1.820699354607896225e+01
-1.822567696685482730e+01
-1.824436996887211393e+01
-1.826307255213082570e+01
-1.828178471663095905e+01
-1.830050646237251755e+01
-1.831923778935549763e+01
-1.833797869757990284e+01
-1.835672918704572965e+01
-1.837548925775298514e+01
-1.839425890970165867e+01
-1.841303814289175733e+01
-1.843182695732327758e+01
-1.845062535299622297e+01
2.619973411694891752e+01
2.622642768201967201e+01
2.625313483851867602e+01
2.627985558644592246e+01
2.630658992580141131e+01
2.633333785658514259e+01
2.636009937879711984e+01
2.638687449243734306e+01
2.641366319750580516e+01
2.644046549400251322e+01
2.646728138192746371e+01
2.649411086128066017e+01
2.652095393206209906e+01
2.654781059427178391e+01
2.657468084790970764e+01
2.660156469297588089e+01
2.662846212947029301e+01
7.314756144295495233e+01
7.322144786865491994e+01
7.329537159189433737e+01
7.336933261267324724e+01
7.344333093099162113e+01
7.351736654684947325e+01
7.359143946024680361e+01
7.366554967118361219e+01
7.373969717965989901e+01
7.381388198567564984e+01
7.388810408923087891e+01
7.396236349032558621e+01
7.403666018895977174e+01
7.411099418513340709e+01
7.418536547884654908e+01
7.425977407009915510e+01
7.433421995889122513e+01
8.119796837065746331e+01
8.127928831895056305e+01
8.136064896791847900e+01
8.144205031756121116e+01
8.152349236787877373e+01
8.160497511887116673e+01
8.168649857053836172e+01
8.176806272288040134e+01
8.184966757589724295e+01
8.193131312958890078e+01
8.201299938395538902e+01
8.209472633899670768e+01
8.217649399471284255e+01
8.225830235110379363e+01
8.234015140816956091e+01
8.242204116591015861e+01
8.250397162432558673e+01
1.214049135709922069e+02
1.215254745576565512e+02
1.216460953760760617e+02
1.217667760262507386e+02
1.218875165081805818e+02
1.220083168218656056e+02
1.221291769673057814e+02
1.222500969445011236e+02
1.223710767534516464e+02
1.224921163941573496e+02
1.226132158666181908e+02
1.227343751708342410e+02
1.228555943068054148e+02
1.229768732745317834e+02
1.230982120740133183e+02
1.232196107052500196e+02
1.233410691682418872e+02
1.234625874629889211e+02
1.235841655894911213e+02
1.237058035477484879e+02
1.238275013377610350e+02
1.239492589595287484e+02
1.240710764130516282e+02
1.241929536983296742e+02
1.243148908153629009e+02
1.244368877641512796e+02
1.245589445446948247e+02
1.246810611569935361e+02
1.248032376010474422e+02
1.249254738768565005e+02
1.250477699844207251e+02
1.251701259237401018e+02
1.252925416948146733e+02
1.112196575596945394e+02
1.113283235661036201e+02
1.114370426320861469e+02
1.115458147576421055e+02
1.116546399427715102e+02
1.117635181874743608e+02
1.118724494917506576e+02
1.119814338556003861e+02
1.120904712790235607e+02
1.121995617620201813e+02
1.123087053045902337e+02
1.124179019067337464e+02
1.125271515684506909e+02
1.126364542897410672e+02
1.127458100706048896e+02
1.128552189110421580e+02
1.129646808110528724e+02
1.130741957706370187e+02
1.131837637897946109e+02
1.132933848685256635e+02
1.134030590068301336e+02
1.135127862047080498e+02
1.136225664621594120e+02
1.137323997791842203e+02
1.138422861557824604e+02
1.139522255919541465e+02
1.140622180876992786e+02
1.141722636430178568e+02
1.142823622579098668e+02
1.143925139323753228e+02
1.145027186664142249e+02
1.146129764600265588e+02
1.147232873132123387e+02
7.035429763900111766e+01
7.042194600211554700e+01
7.048962687285279571e+01
7.055734025121289221e+01
7.062508613719582229e+01
7.069286453080157173e+01
7.076067543203015475e+01
7.082851884088157135e+01
7.089639475735582153e+01
7.096430318145290528e+01
7.103224411317283682e+01
7.110021755251557352e+01
7.116822349948115800e+01
7.123626195406957606e+01
7.130433291628081349e+01
7.137243638611489871e+01
7.144057236357181750e+01
7.150874084865155567e+01
7.157694184135412740e+01
7.164517534167954693e+01
7.171344134962778583e+01
7.178173986519885830e+01
7.185007088839276435e+01
7.191843441920950397e+01
7.198683045764907718e+01
7.205525900371146975e+01
7.212372005739671010e+01
7.219221361870478404e+01
7.226073968763567734e+01
7.232929826418941843e+01
7.239788934836597889e+01
7.246651294016537292e+01
7.253516903958761475e+01
1.812991882796190168e+01
1.814707918653072483e+01
1.816424766258231571e+01
1.818142425611667079e+01
1.819860896713379361e+01
1.821580179563368773e+01
1.823300274161634249e+01
1.825021180508176499e+01
1.826742898602995879e+01
1.828465428446091323e+01
1.830188770037463541e+01
1.831912923377112890e+01
1.833637888465038301e+01
1.835363665301240843e+01
1.837090253885720159e+01
1.838817654218475894e+01
1.840545866299508049e+01
1.842274890128817333e+01
1.844004725706403036e+01
1.845735373032265514e+01
1.847466832106404411e+01
1.849199102928820082e+01
1.850932185499512528e+01
1.852666079818481748e+01
1.854400785885727387e+01
1.856136303701249801e+01
1.857872633265048989e+01
1.859609774577124597e+01
1.861347727637477334e+01
1.863086492446106490e+01
1.864826069003012066e+01
1.866566457308194771e+01
1.868307657361653895e+01
-4.113282550023144779e+01
-4.117115991355878180e+01
-4.120951218175958530e+01
-4.124788230483385121e+01
-4.128627028278157240e+01
-4.132467611560277021e+01
-4.136309980329742331e+01
-4.140154134586554591e+01
-4.144000074330713090e+01
-4.147847799562217830e+01
-4.151697310281068809e+01
-4.155548606487266738e+01
-4.159401688180810908e+01
-4.163256555361701317e+01
-4.167113208029937965e+01
-4.170971646185520854e+01
-4.174831869828450692e+01
-4.178693878958726771e+01
-4.182557673576349799e+01
-4.186423253681318357e+01
-4.190290619273633865e+01
-4.194159770353295613e+01
-4.198030706920303601e+01
-4.201903428974657828e+01
-4.205777936516359006e+01
-4.209654229545406423e+01
-4.213532308061800080e+01
-4.217412172065539977e+01
-4.221293821556626824e+01
-4.225177256535059911e+01
-4.229062477000839237e+01
-4.232949482953964804e+01
-4.236838274394437320e+01
-8.864883215276805117e+01
-8.873019868067331117e+01
-8.881160253267391624e+01
-8.889304370876990902e+01
-8.897452220896126107e+01
-8.905603803324798662e+01
-8.913759118163008566e+01
-8.921918165410754398e+01
-8.930080945068039000e+01
-8.938247457134859530e+01
-8.946417701611217410e+01
-8.954591678497109797e+01
-8.962769387792542375e+01
-8.970950829497509460e+01
-8.979136003612015315e+01
-8.987324910136057099e+01
-8.995517549069636232e+01
-9.003713920412751293e+01
-9.011914024165405124e+01
-9.020117860327593462e+01
-9.028325428899320571e+01
-9.036536729880585028e+01
-9.044751763271385414e+01
-9.052970529071723149e+01
-9.061193027281596812e+01
-9.069419257901007825e+01
-9.077649220929956186e+01
-9.085882916368441897e+01
-9.094120344216463536e+01
-9.102361504474023945e+01
-9.110606397141118862e+01
-9.118855022217751127e+01
-9.127107379703922163e+01
-1.027426468637562209e+02
-1.028355425661646763e+02
-1.029284802458448951e+02
-1.030214599027968774e+02
-1.031144815370206231e+02
-1.032075451485161182e+02
-1.033006507372833909e+02
-1.033937983033224128e+02
-1.034869878466332125e+02
-1.035802193672157614e+02
-1.036734928650700738e+02
-1.037668083401961496e+02
-1.038601657925939890e+02
-1.039535652222635917e+02
-1.040470066292049438e+02
-1.041404900134180735e+02
-1.042340153749029668e+02
-1.043275827136595950e+02
-1.044211920296880010e+02
-1.045148433229881846e+02
-1.046085365935601033e+02
-1.047022718414037996e+02
-1.047960490665192452e+02
-1.048898682689064685e+02
-1.049837294485654411e+02
-1.050776326054961913e+02
-1.051715777396986766e+02
-1.052655648511729538e+02
-1.053595939399189660e+02
-1.054536650059367560e+02
-1.055477780492262951e+02
-1.056419330697875978e+02
-1.057361300676206781e+02
-1.023114550811084911e+02
-1.024026011435415455e+02
-1.024937877874805849e+02
-1.025850150129255951e+02
-1.026762828198766044e+02
-1.027675912083335845e+02
-1.028589401782965496e+02
-1.029503297297654996e+02
-1.030417598627404203e+02
-1.031332305772213260e+02
-1.032247418732082025e+02
-1.033162937507010781e+02
-1.034078862096999245e+02
-1.034995192502047558e+02
-1.035911928722155579e+02
-1.036829070757323592e+02
-1.037746618607551312e+02
-1.038664572272838882e+02
-1.039582931753186159e+02
-1.040501697048593286e+02
-1.041420868159060262e+02
-1.042340445084587088e+02
-1.043260427825173622e+02
-1.044180816380820005e+02
-1.045101610751526238e+02
-1.046022810937292178e+02
-1.046944416938117968e+02
-1.047866428754003607e+02
-1.048788846384949096e+02
-1.049711669830954293e+02
-1.050634899092019339e+02
-1.051558534168144234e+02
-1.052482575059328838e+02
-9.017673681101472027e+01
-9.025590866071709684e+01
-9.033511525015168786e+01
-9.041435657931849335e+01
-9.049363264821748487e+01
-9.057294345684870507e+01
-9.065228900521212552e+01
-9.073166929330777464e+01
-9.081108432113560980e+01
-9.089053408869565942e+01
-9.097001859598790929e+01
-9.104953784301237363e+01
-9.112909182976903821e+01
-9.120868055625793147e+01
-9.128830402247902498e+01
-9.136796222843231874e+01
-9.144765517411782696e+01
-9.152738285953553543e+01
-9.160714528468545836e+01
-9.168694244956758155e+01
-9.176677435418193340e+01
-9.184664099852848551e+01
-9.192654238260722366e+01
-9.200647850641819048e+01
-9.208644936996135755e+01
-9.216645497323673908e+01
-9.224649531624432086e+01
-9.232657039898411711e+01
-9.240668022145612781e+01
-9.248682478366033877e+01
-9.256700408559676418e+01
-9.264721812726538985e+01
-9.272746690866622998e+01
-6.677435764402289919e+01
-6.683214592411292188e+01
-6.688995919913378430e+01
-6.694779746908547224e+01
-6.700566073396799993e+01
-6.706354899378136736e+01
-6.712146224852557452e+01
-6.717940049820059301e+01
-6.723736374280646544e+01
-6.729535198234316340e+01
-6.735336521681070110e+01
-6.741140344620907854e+01
-6.746946667053828151e+01
-6.752755488979832421e+01
-6.758566810398920666e+01
-6.764380631311091463e+01
-6.770196951716346234e+01
-6.776015771614683558e+01
-6.781837091006106277e+01
-6.787660909890610128e+01
-6.793487228268199374e+01
-6.799316046138871172e+01
-6.805147363502625524e+01
-6.810981180359465270e+01
-6.816817496709387569e+01
-6.822656312552393842e+01
-6.828497627888482668e+01
-6.834341442717655468e+01
-6.840187757039912242e+01
-6.846036570855251568e+01
-6.851887884163676290e+01
-6.857741696965182143e+01
-6.863598009259771970e+01
-6.364084851036928825e+01
-6.369514957565116475e+01
-6.374947379703765193e+01
-6.380382117452872848e+01
-6.385819170812441570e+01
-6.391258539782469228e+01
-6.396700224362956533e+01
-6.402144224553903484e+01
-6.407590540355310793e+01
-6.413039171767177038e+01
-6.418490118789503640e+01
-6.423943381422290599e+01
-6.429398959665536495e+01
-6.434856853519241326e+01
-6.440317062983407936e+01
-6.445779588058033482e+01
-6.451244428743117965e+01
-6.456711585038662804e+01
-6.462181056944668001e+01
-6.467652844461132133e+01
-6.473126947588056623e+01
-6.478603366325441471e+01
-6.484082100673285254e+01
-6.489563150631589394e+01
-6.495046516200352471e+01
-6.500532197379575905e+01
-6.506020194169258275e+01
-6.511510506569401002e+01
-6.517003134580004087e+01
-6.522498078201066107e+01
-6.527995337432588485e+01
-6.533494912274571220e+01
-6.538996802727012891e+01
-6.444922334696278199e+01
-6.450345071200020186e+01
-6.455770088080760161e+01
-6.461197385338499544e+01
-6.466626962973236914e+01
-6.472058820984975114e+01
-6.477492959373711301e+01
-6.482929378139445475e+01
-6.488368077282180479e+01
-6.493809056801914892e+01
-6.499252316698647292e+01
-6.504697856972379100e+01
-6.510145677623108895e+01
-6.515595778650838099e+01
-6.521048160055568133e+01
-6.526502821837294732e+01
-6.531959763996022161e+01
-6.537418986531748999e+01
-6.542880489444472403e+01
-6.548344272734196636e+01
-6.553810336400920278e+01
-6.559278680444641907e+01
-6.564749304865362944e+01
-6.570222209663083390e+01
-6.575697394837803245e+01
-6.581174860389521086e+01
-6.586654606318238336e+01
-6.592136632623954995e+01
-6.597620939306669641e+01
-6.603107526366385116e+01
-6.608596393803098579e+01
-6.614087541616810029e+01
-6.619580969807522308e+01
-5.714804674934832462e+01
-5.719547251428554091e+01
-5.724291794980133830e+01
-5.729038305589569546e+01
-5.733786783256863373e+01
-5.738537227982013889e+01
-5.743289639765021803e+01
-5.748044018605886407e+01
-5.752800364504609121e+01
-5.757558677461188523e+01
-5.762318957475625325e+01
-5.767081204547918816e+01
-5.771845418678070416e+01
-5.776611599866078706e+01
-5.781379748111944394e+01
-5.786149863415666772e+01
-5.790921945777246549e+01
-5.795695995196683725e+01
-5.800472011673978301e+01
-5.805249995209129565e+01
-5.810029945802138940e+01
-5.814811863453004293e+01
-5.819595748161727755e+01
-5.824381599928307907e+01
-5.829169418752745457e+01
-5.833959204635040408e+01
-5.838750957575192757e+01
-5.843544677573201795e+01
-5.848340364629068233e+01
-5.853138018742792070e+01
-5.857937639914372596e+01
-5.862739228143810521e+01
-5.867542783431105136e+01
-6.488961594252035070e+01
-6.494273883727476004e+01
-6.499588346807449568e+01
-6.504904983491954340e+01
-6.510223793780991741e+01
-6.515544777674560351e+01
-6.520867935172660168e+01
-6.526193266275291194e+01
-6.531520770982454849e+01
-6.536850449294149712e+01
-6.542182301210377204e+01
-6.547516326731135905e+01
-6.552852525856425814e+01
-6.558190898586248352e+01
-6.563531444920602098e+01
-6.568874164859487053e+01
-6.574219058402903215e+01
-6.579566125550853428e+01
-6.584915366303333428e+01
-6.590266780660344637e+01
-6.595620368621889895e+01
-6.600976130187964941e+01
-6.606334065358571195e+01
-6.611694174133710078e+01
-6.617056456513380169e+01
-6.622420912497582890e+01
-6.627787542086316819e+01
-6.633156345279581956e+01
-6.638527322077379722e+01
-6.643900472479708696e+01
-6.649275796486568879e+01
-6.654653294097961691e+01
-6.660032965313885711e+01
-6.048523116631966445e+01
-6.053408838050894047e+01
-6.058296531904790072e+01
-6.063186198193656651e+01
-6.068077836917490941e+01
-6.072971448076295786e+01
-6.077867031670069764e+01
-6.082764587698812164e+01
-6.087664116162525119e+01
-6.092565617061206495e+01
-6.097469090394857005e+01
-6.102374536163478069e+01
-6.107281954367066845e+01
-6.112191345005625465e+01
-6.117102708079153928e+01
-6.122016043587650813e+01
-6.126931351531117542e+01
-6.131848631909553404e+01
-6.136767884722958399e+01
-6.141689109971333238e+01
-6.146612307654677210e+01
-6.151537477772989604e+01
-6.156464620326272552e+01
-6.161393735314523923e+01
-6.166324822737745137e+01
-6.171257882595934774e+01
-6.176192914889094965e+01
-6.181129919617223578e+01
-6.186068896780321325e+01
-6.191009846378388914e+01
-6.195952768411424927e+01
-6.200897662879430783e+01
-6.205844529782406482e+01
