-3.838492186853475308e-05
-7.676984373706950617e-05
-1.279497395617825058e-04
-1.919246093426737858e-04
-2.686944530797433055e-04
-3.582592707729910378e-04
-4.606190624224170641e-04
-5.757738280280212759e-04
-7.037235675898038901e-04
-8.444682811077645814e-04
-9.980079685819036751e-04
-1.164342630012220846e-03
-1.343472265398716311e-03
-1.535396874741390286e-03
-2.175271198904543332e-03
-2.447180098767611466e-03
-2.735083639799094912e-03
-3.038981821998994540e-03
-3.358874645367309914e-03
-3.694762109904040602e-03
-4.046644215609187037e-03
-4.414520962482749653e-03
-4.798392350524728449e-03
-5.198258379735122559e-03
-5.614119050113931982e-03
-6.045974361661157585e-03
-6.493824314376798502e-03
-6.957668908260855600e-03
-3.788079119421511494e-03
-4.040617727382945362e-03
-4.301302742052813197e-03
-4.570134163431114130e-03
-4.847111991517848162e-03
-6.889833925405352763e-03
-7.283538721142801715e-03
-7.688179761206289688e-03
-8.103757045595820149e-03
-8.530270574311387896e-03
-1.100903709317442233e-02
-1.155948894783314328e-02
-1.212336645748353890e-02
-1.270066962212561268e-02
-1.329139844175936287e-02
-1.537799336140967948e-02
-1.606145973302788854e-02
-1.675978406924649028e-02
-1.747296637006549164e-02
-1.820100663548488568e-02
-2.185812907853306938e-02
-2.273245424167438800e-02
-2.362392303546554523e-02
-2.453253545990652720e-02
-2.545829151499733739e-02
-3.139714441242466569e-02
-3.253885875469465089e-02
-3.370096085307660444e-02
-3.488345070757051941e-02
-3.608632831817639580e-02
-4.147818511532561786e-02
-4.286079128583647480e-02
-4.426606313127373626e-02
-4.569400065163740920e-02
-4.714460384692748668e-02
-5.436099443259255481e-02
-5.603364041513386740e-02
-5.773162951862277625e-02
-5.945496174305927445e-02
-6.120363708844336892e-02
-6.401265089562988009e-02
-6.584158377836216158e-02
-6.769627627916109669e-02
-6.957672839802668541e-02
-7.148294013495892774e-02
-7.580218155036760885e-02
-7.782357305837740713e-02
-7.987156182307156294e-02
-8.194614784445003464e-02
-8.404733112251286387e-02
-9.098091734446153711e-02
-9.325544027807308733e-02
-9.555804374172920113e-02
-9.788872773542992012e-02
-1.002474922591752166e-01
-1.097645111244481414e-01
-1.123472055038469419e-01
-1.149599312132387197e-01
-1.176026882526235162e-01
-1.202754766220013316e-01
-1.253873741982047263e-01
-1.281737602914981566e-01
-1.309907660121904238e-01
-1.338383913602815278e-01
-1.367166363357714409e-01
-1.417741978065584496e-01
-1.447589177603807176e-01
-1.477747285470553396e-01
-1.508216301665822323e-01
-1.538996226189614513e-01
-1.578406693940650196e-01
-1.609974827819463383e-01
-1.641855517479254567e-01
-1.674048762920024580e-01
-1.706554564141772590e-01
-1.739372921144498874e-01
-1.772503833928203709e-01
-1.805947302492886541e-01
-1.839703326838548203e-01
-1.886788566971736025e-01
-1.921408540677639332e-01
-1.956343241417232981e-01
-1.991592669190516418e-01
-2.027156823997489921e-01
-2.063035705838153488e-01
-2.099229314712506844e-01
-2.135737650620550543e-01
-2.172560713562284307e-01
-2.234180330674753190e-01
-2.272047793906528668e-01
-2.310233471115042125e-01
-2.348737362300292730e-01
-2.387559467462281038e-01
-2.426699786601007047e-01
-2.466158319716470482e-01
-2.505935066808671619e-01
-2.546030027877609903e-01
-2.542507198438480054e-01
-2.582546681878456485e-01
-2.622898973782807341e-01
-2.663564074151532624e-01
-2.704541982984633441e-01
-2.745832700282108685e-01
-2.787436226043958909e-01
-2.829352560270183559e-01
-2.871581702960783744e-01
-2.898420089798182664e-01
-2.941043914648155955e-01
-2.983978862307252733e-01
-3.027224932775474109e-01
-3.070782126052818972e-01
-3.114650442139287878e-01
-3.158829881034880827e-01
-3.203320442739597262e-01
-3.248122127253437741e-01
-3.316357089262443880e-01
-3.362099945666063849e-01
-3.408156109305325310e-01
-3.454525580180227706e-01
-3.501208358290771039e-01
-3.548204443636955863e-01
-3.595513836218782178e-01
-3.643136536036249429e-01
-3.691072543089358171e-01
-3.610800280500935933e-01
-3.657693790637311926e-01
-3.704889839548761166e-01
-3.752388427235284207e-01
-3.800189553696879941e-01
-3.848293218933548920e-01
-3.896699422945292257e-01
-3.945408165732108285e-01
-3.994419447293997560e-01
-4.044624636118346328e-01
-4.094251932267037875e-01
-4.144181833880049570e-01
-4.194414340957384191e-01
-4.244949453499038960e-01
-4.295787171505016100e-01
-4.346927494975313389e-01
-4.398370423909933047e-01
-4.450115958308872854e-01
-4.500391326795703528e-01
-4.552721458502630436e-01
-4.605354076520001838e-01
-4.658289180847818289e-01
-4.711526771486078680e-01
-4.765066848434784119e-01
-4.818909411693934608e-01
-4.873054461263529036e-01
-4.927501997143568513e-01
-5.066244639256696214e-01
-5.122225243005389395e-01
-5.178513432488964785e-01
-5.235109207707423495e-01
-5.292012568660764416e-01
-5.349223515348989766e-01
-5.406742047772096216e-01
-5.464568165930087096e-01
-5.522701869822960186e-01
-5.552575784751985211e-01
-5.611023950907269020e-01
-5.669778128403680784e-01
-5.728838317241218281e-01
-5.788204517419884843e-01
-5.847876728939676028e-01
-5.907854951800596277e-01
-5.968139186002643370e-01
-6.028729431545817308e-01
-6.116583985716566030e-01
-6.178057191603164577e-01
-6.239837763519195946e-01
-6.301925701464661245e-01
-6.364321005439558254e-01
-6.427023675443889195e-01
-6.490033711477652956e-01
-6.553351113540849537e-01
-6.616975881633478940e-01
-6.871291799793184385e-01
-6.937361913252734213e-01
-7.003748151657067655e-01
-7.070450515006181380e-01
-7.137469003300079828e-01
-7.204803616538758559e-01
-7.272454354722222014e-01
-7.340421217850466862e-01
-7.408704205923494213e-01
-7.566644793860742846e-01
-7.636383455555312283e-01
-7.706442019367746310e-01
-7.776820485298044927e-01
-7.847518853346209244e-01
-7.918537123512238152e-01
-7.989875295796131649e-01
-8.061533370197890846e-01
-8.133511346717514634e-01
-8.414273675787635742e-01
-8.488736274688410965e-01
-8.563526902659233109e-01
-8.638645559700104393e-01
-8.714092245811022597e-01
-8.789866960991987721e-01
-8.865969705243000876e-01
-8.942400478564060951e-01
-9.019159280955167945e-01
-9.423244231339222843e-01
-9.503442054584663179e-01
-9.583979699115040551e-01
-9.664857164930358291e-01
-9.746074452030613067e-01
-9.827631560415805989e-01
-9.909528490085938168e-01
-9.991765241041007384e-01
-1.007434181328101586e+00
-1.076019565396560296e+00
-1.084839397899810765e+00
-1.093695229719401141e+00
-1.102587060855331202e+00
-1.111514891307601172e+00
-1.120478721076210826e+00
-1.129478550161160166e+00
-1.138514378562449636e+00
-1.147586206280078569e+00
-1.210788150867560420e+00
-1.220359598700505588e+00
-1.229968729398934757e+00
-1.239615542962848149e+00
-1.249300039392245321e+00
-1.259022218687126493e+00
-1.268782080847491889e+00
-1.278579625873341286e+00
-1.288414853764674683e+00
-1.374988787407511515e+00
-1.385484885021309287e+00
-1.396020891751509341e+00
-1.406596807598111898e+00
-1.417212632561116292e+00
-1.427868366640523190e+00
-1.438564009836332369e+00
-1.449299562148543830e+00
-1.460075023577157571e+00
-1.558581309030002693e+00
-1.570083754115094932e+00
-1.581628487601235200e+00
-1.593215509488423720e+00
-1.604844819776660492e+00
-1.616516418465945293e+00
-1.628230305556278124e+00
-1.639986481047659206e+00
-1.651784944940088318e+00
-1.754062152516501660e+00
-1.766591167891619296e+00
-1.779164770510065052e+00
-1.791782960371838707e+00
-1.804445737476939815e+00
-1.817153101825369044e+00
-1.829905053417125949e+00
-1.842701592252210974e+00
-1.855542718330623453e+00
-1.965998594124400922e+00
-1.979604120727337824e+00
-1.993256562939250465e+00
-2.006955920760138845e+00
-2.020702194190002743e+00
-2.034495383228842602e+00
-2.048335487876657535e+00
-2.062222508133448429e+00
-2.076156443999214840e+00
-2.218206290251504509e+00
-2.233093580790105559e+00
-2.248030661598066082e+00
-2.263017532675386523e+00
-2.278054194022066881e+00
-2.293140645638107156e+00
-2.308276887523506904e+00
-2.323462919678267014e+00
-2.338698742102386596e+00
-2.455296285092678943e+00
-2.471291700630741772e+00
-2.487339049336136032e+00
-2.503438331208862166e+00
-2.519589546248919287e+00
-2.535792694456307839e+00
-2.552047775831027820e+00
-2.568354790373078789e+00
-2.584713738082461632e+00
-2.757874953211095104e+00
-2.775329857978253489e+00
-2.792839825536476361e+00
-2.810404855885762387e+00
-2.828024949026112012e+00
-2.845700104957524790e+00
-2.863430323680001610e+00
-2.881215605193542029e+00
-2.899055949498146045e+00
-3.111198075788903061e+00
-3.130343910101450078e+00
-3.149548473967103579e+00
-3.168811767385862677e+00
-3.188133790357727371e+00
-3.207514542882698549e+00
-3.226954024960775325e+00
-3.246452236591958584e+00
-3.266009177776247441e+00
-3.595553451975105119e+00
-3.617083712166572873e+00
-3.638678241791448276e+00
-3.660337040849730439e+00
-3.682060109341419807e+00
-3.703847447266517268e+00
-3.725699054625021933e+00
-3.747614931416933803e+00
-3.769595077642252878e+00
-3.984389354336860034e+00
-4.007621945324246759e+00
-4.030922072913341481e+00
-4.054289737104142866e+00
-4.077724937896652690e+00
-4.101227675290870067e+00
-4.124797949286794108e+00
-4.148435759884426588e+00
-4.172141107083766620e+00
-4.435274620395359690e+00
-4.460475044374878628e+00
-4.485746857657455955e+00
-4.511090060243091671e+00
-4.536504652131784887e+00
-4.561990633323537381e+00
-4.587548003818346487e+00
-4.613176763616213982e+00
-4.638876912717139867e+00
-4.888938022124925453e+00
-4.916023551333373653e+00
-4.943183902445713152e+00
-4.970419075461943059e+00
-4.997729070382062488e+00
-5.025113887206074104e+00
-5.052573525933976128e+00
-5.080107986565769451e+00
-5.107717269101453184e+00
-5.362721589780347742e+00
-5.391709274049430789e+00
-5.420775092238375947e+00
-5.449919044347184993e+00
-5.479141130375856150e+00
-5.508441350324390307e+00
-5.537819704192787462e+00
-5.567276191981045841e+00
-5.596810813689168995e+00
-5.571112446750141167e+00
-5.600511457023229056e+00
-5.629987833112824802e+00
-5.659541575018929294e+00
-5.689172682741541642e+00
-5.718881156280661848e+00
-5.748666995636289911e+00
-5.778530200808426720e+00
-5.808470771797071386e+00
-5.684444261750515537e+00
-5.713745520831704283e+00
-5.743122104486365842e+00
-5.772574012714501102e+00
-5.802101245516109174e+00
-5.831703802891191835e+00
-5.861381684839748196e+00
-5.891134891361776482e+00
-5.920963422457279357e+00
-5.975479047926986809e+00
-6.005582216934176820e+00
-6.035761022044398239e+00
-6.066015463257652840e+00
-6.096345540573941513e+00
-6.126751253993263369e+00
-6.157232603515617519e+00
-6.187789589141004853e+00
-6.218422210869426259e+00
-6.116845963265349795e+00
-6.146978209389809322e+00
-6.177184490517031890e+00
-6.207464806647017497e+00
-6.237819157779766144e+00
-6.268247543915276943e+00
-6.298749965053550781e+00
-6.329326421194587660e+00
-6.359976912338386690e+00
-6.417521511166699888e+00
-6.448449325678347499e+00
-6.479451485897954832e+00
-6.510527991825522776e+00
-6.541678843461051329e+00
-6.572904040804541381e+00
-6.604203583855991155e+00
-6.635577472615402428e+00
-6.667025707082773422e+00
-6.556946187281957883e+00
-6.587875178731401604e+00
-6.618876944278372143e+00
-6.649951483922872164e+00
-6.681098797664899891e+00
-6.712318885504454435e+00
-6.743611747441538462e+00
-6.774977383476150194e+00
-6.806415793608290521e+00
-7.079570352589559690e+00
-7.112270446596901330e+00
-7.145045886442970229e+00
-7.177896672127765498e+00
-7.210822803651287138e+00
-7.243824281013535149e+00
-7.276901104214511307e+00
-7.310053273254212058e+00
-7.343280788132640957e+00
-7.346570093068851115e+00
-7.379812491680023179e+00
-7.413129929565711151e+00
-7.446522406725917698e+00
-7.479989923160640153e+00
-7.513532478869881182e+00
-7.547150073853639007e+00
-7.580842708111913630e+00
-7.614610381644706827e+00
-7.652798710812954042e+00
-7.686735733920771807e+00
-7.720747838938120999e+00
-7.754835025864999842e+00
-7.788997294701409224e+00
-7.823234645447350033e+00
-7.857547078102820493e+00
-7.891934592667821491e+00
-7.926397189142353916e+00
-7.881770561452410284e+00
-7.916039129110898465e+00
-7.950382032057150106e+00
-7.984799270291163431e+00
-8.019290843812939329e+00
-8.053856752622477799e+00
-8.088496996719777954e+00
-8.123211576104843346e+00
-8.158000490777668645e+00
-8.306869641769003110e+00
-8.342293392906611871e+00
-8.377792513727490231e+00
-8.413367004231641744e+00
-8.449016864419064632e+00
-8.484742094289757119e+00
-8.520542693843722759e+00
-8.556418663080959774e+00
-8.592370002001468166e+00
-8.609990810417816220e+00
-8.646015876570190883e+00
-8.682116151628939349e+00
-8.718291635594059841e+00
-8.754542328465552359e+00
-8.790868230243418679e+00
-8.827269340927655250e+00
-8.863745660518267400e+00
-8.900297189015248023e+00
-8.977069516920000325e+00
-9.013936332184560030e+00
-9.050878694201710317e+00
-9.087896602971449411e+00
-9.124990058493782641e+00
-9.162159060768706453e+00
-9.199403609796222625e+00
-9.236723705576327603e+00
-9.274119348109024941e+00
-9.071459058252083096e+00
-9.108037522196648084e+00
-9.144689584660214976e+00
-9.181415245642785550e+00
-9.218214505144359805e+00
-9.255087363164937742e+00
-9.292033819704517583e+00
-9.329053874763102883e+00
-9.366147528340688311e+00
-9.249731710177693245e+00
-9.286364311010080641e+00
-9.323069308286799028e+00
-9.359846702007851960e+00
-9.396696492173237658e+00
-9.433618678782954348e+00
-9.470613261837005581e+00
-9.507680241335389582e+00
-9.544819617278106350e+00
-9.244786739352479188e+00
-9.280758672190426495e+00
-9.316800453441651086e+00
-9.352912083106154739e+00
-9.389093561183933900e+00
-9.425344887674992123e+00
-9.461666062579327630e+00
-9.498057085896938645e+00
-9.534517957627830498e+00
-9.388134053924826361e+00
-9.424035140173103287e+00
-9.460004739944755769e+00
-9.496042853239783810e+00
-9.532149480058187407e+00
-9.568324620399964786e+00
-9.604568274265115946e+00
-9.640880441653640887e+00
-9.677261122565541385e+00
-9.992845304991043065e+00
-1.003041239260379136e+01
-1.006804996255727680e+01
-1.010575801485149938e+01
-1.014353654948645733e+01
-1.018138556646215420e+01
-1.021930506577858644e+01
-1.025729504743575582e+01
-1.029535551143366234e+01
-1.031369133470729871e+01
-1.035181958363412669e+01
-1.039001817988369858e+01
-1.042828712345601438e+01
-1.046662641435107410e+01
-1.050503605256887596e+01
-1.054351603810942173e+01
-1.058206637097270963e+01
-1.062068705115874145e+01
-1.041414749626398972e+01
-1.045201712352313095e+01
-1.048995547968836917e+01
-1.052796256475970438e+01
-1.056603837873713481e+01
-1.060418292162066223e+01
-1.064239619341028842e+01
-1.068067819410600805e+01
-1.071902892370782467e+01
-1.101754018265997104e+01
-1.105695893107735905e+01
-1.109644807011692080e+01
-1.113600759977865806e+01
-1.117563752006256728e+01
-1.121533783096865200e+01
-1.125510853249690868e+01
-1.129494962464733909e+01
-1.133486110741994679e+01
-1.105589693231193671e+01
-1.109482614686233326e+01
-1.113382377831000269e+01
-1.117288982665495034e+01
-1.121202429189717265e+01
-1.125122717403667316e+01
-1.129049847307345189e+01
-1.132983818900750528e+01
-1.136924632183883688e+01
-1.110396992311338593e+01
-1.114245855369610005e+01
-1.118101377360508408e+01
-1.121963558284033269e+01
-1.125832398140185298e+01
-1.129707896928963784e+01
-1.133590054650369261e+01
-1.137478871304401373e+01
-1.141374346891060299e+01
-1.117558800130139751e+01
-1.121372993987239219e+01
-1.125193685619223061e+01
-1.129020875026091097e+01
-1.132854562207843685e+01
-1.136694747164480468e+01
-1.140541429896001446e+01
-1.144394610402406798e+01
-1.148254288683696522e+01
-1.111905569806068961e+01
-1.115643067519702925e+01
-1.119386836202654933e+01
-1.123136875854925165e+01
-1.126893186476513442e+01
-1.130655768067420119e+01
-1.134424620627644664e+01
-1.138199744157187787e+01
-1.141981138656048778e+01
-1.083630462749957779e+01
-1.087218643090189474e+01
-1.090812754307016519e+01
-1.094412796400439092e+01
-1.098018769370457015e+01
-1.101630673217070289e+01
-1.105248507940279090e+01
-1.108872273540083420e+01
-1.112501970016482922e+01
-1.048118869231133488e+01
-1.051538506651137084e+01
-1.054963713513192936e+01
-1.058394489817300865e+01
-1.061830835563461051e+01
-1.065272750751673136e+01
-1.068720235381937478e+01
-1.072173289454253897e+01
-1.075631912968622572e+01
-9.970403910218990973e+00
-1.000246308677917995e+01
-1.003457372269179437e+01
-1.006673581795683248e+01
-1.009894937257429426e+01
-1.013121438654417972e+01
-1.016353085986649063e+01
-1.019589879254122344e+01
-1.022831818456838171e+01
-9.092524255165068681e+00
-9.121343666433421760e+00
-9.150208678036058529e+00
-9.179119289972980766e+00
-9.208075502244190247e+00
-9.237077314849683418e+00
-9.266124727789462057e+00
-9.295217741063526162e+00
-9.324356354671875735e+00
-8.302443101307479978e+00
-8.328388235999065969e+00
-8.354373846719811425e+00
-8.380399933469716345e+00
-8.406466496248782505e+00
-8.432573535057009906e+00
-8.458721049894394994e+00
-8.484909040760941323e+00
-8.511137507656647117e+00
-7.192092672536880116e+00
-7.214256286319736589e+00
-7.236453997969951146e+00
-7.258685807487523789e+00
-7.280951714872454517e+00
-7.303251720124744217e+00
-7.325585823244392003e+00
-7.347954024231396986e+00
-7.370356323085761829e+00
-6.229451457552272586e+00
-6.248385960462766064e+00
-6.267349195547630814e+00
-6.286341162806865945e+00
-6.305361862240471460e+00
-6.324411293848449134e+00
-6.343489457630797190e+00
-6.362596353587517406e+00
-6.381731981718607116e+00
-5.781352548608458264e+00
-5.798687938559308641e+00
-5.816049279692719232e+00
-5.833436572008691812e+00
-5.850849815507224605e+00
-5.868289010188319388e+00
-5.885754156051975272e+00
-5.903245253098192258e+00
-5.920762301326970345e+00
-5.202426177968236587e+00
-5.217817971394177690e+00
-5.233232500113214947e+00
-5.248669764125349246e+00
-5.264129763430577924e+00
-5.279612498028903644e+00
-5.295117967920324631e+00
-5.310646173104841772e+00
-5.326197113582454179e+00
-4.899788392681212024e+00
-4.914094344192690755e+00
-4.928421149860890971e+00
-4.942768809685812670e+00
-4.957137323667458517e+00
-4.971526691805824960e+00
-4.985936914100914663e+00
-5.000367990552725850e+00
-5.014819921161260297e+00
-6.124959738793842590e+00
-6.142610919597283115e+00
-6.160287497783174082e+00
-6.177989473351517269e+00
-6.195716846302310898e+00
-6.213469616635554971e+00
-6.231247784351250374e+00
-6.249051349449396220e+00
-6.266880311929994285e+00
-6.058401272871105192e+00
-6.075637122865049200e+00
-6.092897455600461143e+00
-6.110182271077341909e+00
-6.127491569295690610e+00
-6.144825350255509022e+00
-6.162183613956795369e+00
-6.179566360399551428e+00
-6.196973589583775421e+00
-7.893201420200106178e+00
-7.915373334301791353e+00
-7.937576345057196114e+00
-7.959810452466320463e+00
-7.982075656529162622e+00
-8.004371957245725255e+00
-8.026699354616006588e+00
-8.049057848640005730e+00
-8.071447439317724459e+00
-7.847517674371173868e+00
-7.869286100652369775e+00
-7.891084677108469947e+00
-7.912913403739476159e+00
-7.934772280545386636e+00
-7.956661307526200488e+00
-7.978580484681920382e+00
-8.000529812012544539e+00
-8.022509289518072961e+00
-9.396359298290919426e+00
-9.422102748423222707e+00
-9.447881415313572617e+00
-9.473695298961970934e+00
-9.499544399368415881e+00
-9.525428716532907458e+00
-9.551348250455445665e+00
-9.577303001136032279e+00
-9.603292968574663746e+00
-1.140322578981440316e+01
-1.143408702334570037e+01
-1.146498996124663527e+01
-1.149593460351720786e+01
-1.152692095015741458e+01
-1.155794900116725898e+01
-1.158901875654674285e+01
-1.162013021629586085e+01
-1.165128338041461475e+01
-1.290225512606363445e+01
-1.293675313442209251e+01
-1.297129720153670540e+01
-1.300588732740746778e+01
-1.304052351203438675e+01
-1.307520575541745522e+01
-1.310993405755668029e+01
-1.314470841845205484e+01
-1.317952883810358422e+01
-1.484133836747794533e+01
-1.488054930107762353e+01
-1.491981196414115374e+01
-1.495912635666853419e+01
-1.499849247865976665e+01
-1.503791033011485112e+01
-1.507737991103378761e+01
-1.511690122141657611e+01
-1.515647426126321662e+01
-1.515480959472279565e+01
-1.519437828818160163e+01
-1.523399857054974227e+01
-1.527367044182721578e+01
-1.531339390201402217e+01
-1.535316895111016144e+01
-1.539299558911563537e+01
-1.543287381603044217e+01
-1.547280363185458363e+01
-1.645172192917551257e+01
-1.649417798576693528e+01
-1.653668875377148595e+01
-1.657925423318917524e+01
-1.662187442401999604e+01
-1.666454932626394836e+01
-1.670727893992103574e+01
-1.675006326499125819e+01
-1.679290230147460861e+01
-1.708806075833141591e+01
-1.713165275006184984e+01
-1.717530027299194373e+01
-1.721900332712169757e+01
-1.726276191245110070e+01
-1.730657602898016734e+01
-1.735044567670888682e+01
-1.739437085563726271e+01
-1.743835156576529855e+01
-1.854703807310667685e+01
-1.859381496610316020e+01
-1.864065077206311827e+01
-1.868754549098654749e+01
-1.873449912287345143e+01
-1.878151166772382297e+01
-1.882858312553766567e+01
-1.887571349631498308e+01
-1.892290278005576809e+01
-1.856859184393259099e+01
-1.861489755925411771e+01
-1.866126094047268325e+01
-1.870768198758828760e+01
-1.875416070060092721e+01
-1.880069707951060920e+01
-1.884729112431732645e+01
-1.889394283502107896e+01
-1.894065221162187740e+01
-1.842284962849841889e+01
-1.846828205668213840e+01
-1.851377043613209494e+01
-1.855931476684828496e+01
-1.860491504883071556e+01
-1.865057128207937609e+01
-1.869628346659427720e+01
-1.874205160237541534e+01
-1.878787568942278696e+01
-2.003852344694404053e+01
-2.008739789437560930e+01
-2.013633187219382137e+01
-2.018532538039867319e+01
-2.023437841899016476e+01
-2.028349098796829608e+01
-2.033266308733306715e+01
-2.038189471708447797e+01
-2.043118587722253210e+01
-1.955389577369160392e+01
-1.960107043177047359e+01
-1.964830192678678955e+01
-1.969559025874054825e+01
-1.974293542763174969e+01
-1.979033743346039742e+01
-1.983779627622648789e+01
-1.988531195593002465e+01
-1.993288447257100415e+01
-2.005673251715917260e+01
-2.010460061385883890e+01
-2.015252576430903630e+01
-2.020050796850977193e+01
-2.024854722646104577e+01
-2.029664353816285427e+01
-2.034479690361519388e+01
-2.039300732281807527e+01
-2.044127479577149131e+01
-2.061589015497983013e+01
-2.066456994283102233e+01
-2.071330713609241414e+01
-2.076210173476401266e+01
-2.081095373884581079e+01
-2.085986314833781208e+01
-2.090882996324000942e+01
-2.095785418355241703e+01
-2.100693580927502069e+01
-2.104339038570259390e+01
-2.109255718566918603e+01
-2.114178135646421097e+01
-2.119106289808767229e+01
-2.124040181053956289e+01
-2.128979809381988986e+01
-2.133925174792864610e+01
-2.138876277286583516e+01
-2.143833116863145705e+01
-2.171356234429573107e+01
-2.176376711272184750e+01
-2.181402985432167085e+01
-2.186435056909519048e+01
-2.191472925704241703e+01
-2.196516591816333985e+01
-2.201566055245796960e+01
-2.206621315992630272e+01
-2.211682374056833211e+01
-2.129394904004680100e+01
-2.134267661222082069e+01
-2.139145987304875263e+01
-2.144029882253060038e+01
-2.148919346066636038e+01
-2.153814378745603264e+01
-2.158714980289962071e+01
-2.163621150699712103e+01
-2.168532889974853006e+01
-2.133898169611304496e+01
-2.138731461048702798e+01
-2.143570220010351690e+01
-2.148414446496250818e+01
-2.153264140506400182e+01
-2.158119302040800136e+01
-2.162979931099450681e+01
-2.167846027682351462e+01
-2.172717591789503189e+01
-2.045172996689614564e+01
-2.049758586368290736e+01
-2.054349311085800878e+01
-2.058945170842144989e+01
-2.063546165637323071e+01
-2.068152295471335123e+01
-2.072763560344180789e+01
-2.077379960255860425e+01
-2.082001495206374031e+01
-1.901772513543965459e+01
-1.905993984162265065e+01
-1.910220134903201483e+01
-1.914450965766774360e+01
-1.918686476752984049e+01
-1.922926667861830552e+01
-1.927171539093313157e+01
-1.931421090447433286e+01
-1.935675321924189518e+01
-1.671515033679201068e+01
-1.675188693093880588e+01
-1.678866385065546751e+01
-1.682548109594199204e+01
-1.686233866679838300e+01
-1.689923656322463685e+01
-1.693617478522075714e+01
-1.697315333278674032e+01
-1.701017220592258994e+01
-1.256281070938151068e+01
-1.259015088502760804e+01
-1.261752077825592799e+01
-1.264492038906647409e+01
-1.267234971745924277e+01
-1.269980876343423581e+01
-1.272729752699145322e+01
-1.275481600813089322e+01
-1.278236420685255759e+01
-1.075313664593625518e+01
-1.077631150939732407e+01
-1.079951131889010618e+01
-1.082273607441460150e+01
-1.084598577597081004e+01
-1.086926042355872823e+01
-1.089256001717836142e+01
-1.091588455682970782e+01
-1.093923404251276565e+01
-9.886050560112773056e+00
-9.907152055438521288e+00
-9.928276047027940976e+00
-9.949422534881035673e+00
-9.970591518997803604e+00
-9.991782999378246544e+00
-1.001299697602236094e+01
-1.003423344893015035e+01
-1.005549241810161121e+01
-3.624406646797007969e+00
-3.632069240130616716e+00
-3.639739924903860224e+00
-3.647418701116737161e+00
-3.655105568769248414e+00
-3.662800527861394428e+00
-3.670503578393174315e+00
-3.678214720364588519e+00
-3.685933953775637040e+00
-3.862171738501106955e+00
-3.870260056278072902e+00
-3.878356834638487349e+00
-3.886462073582349852e+00
-3.894575773109661743e+00
-3.902697933220422133e+00
-3.910828553914631467e+00
-3.918967635192289301e+00
-3.927115177053396522e+00
1.042235164897461264e+00
1.044397478517580469e+00
1.046562032877202286e+00
1.048728827976326938e+00
1.050897863814954425e+00
1.053069140393084524e+00
1.055242657710717236e+00
1.057418415767852782e+00
1.059596414564490940e+00
1.056635588881406518e+00
1.058807501705417708e+00
1.060981644419391801e+00
1.063158017023329016e+00
1.065336619517229355e+00
1.067517451901092596e+00
1.069700514174918959e+00
1.071885806338708447e+00
1.074073328392460835e+00
3.148165286886507097e+00
3.154577028814992801e+00
3.160995293370059134e+00
3.167420080551705652e+00
3.173851390359932356e+00
3.180289222794739246e+00
3.186733577856127209e+00
3.193184455544094913e+00
3.199641855858643247e+00
3.010954398538209453e+00
3.017030996718911950e+00
3.023113720502619728e+00
3.029202569889331453e+00
3.035297544879048903e+00
3.041398645471770301e+00
3.047505871667496979e+00
3.053619223466228050e+00
3.059738700867963956e+00
-7.746894795017555957e-01
-7.762388584607591291e-01
-7.777897852508904863e-01
-7.793422598721497785e-01
-7.808962823245368945e-01
-7.824518526080519454e-01
-7.840089707226948201e-01
-7.855676366684656298e-01
-7.871278504453642633e-01
-6.236987204436813315e+00
-6.249349914455518018e+00
-6.261724864781172961e+00
-6.274112055413776368e+00
-6.286511486353330014e+00
-6.298923157599831235e+00
-6.311347069153282696e+00
-6.323783221013683509e+00
-6.336231613181033673e+00
-1.020546682998569565e+01
-1.022551686305050112e+01
-1.024558657230084435e+01
-1.026567595773672892e+01
-1.028578501935815304e+01
-1.030591375716511493e+01
-1.032606217115761815e+01
-1.034623026133566093e+01
-1.036641802769924325e+01
-2.447073314164120106e+01
-2.451838792867458139e+01
-2.456608907250468832e+01
-2.461383657313151829e+01
-2.466163043055507131e+01
-2.470947064477535449e+01
-2.475735721579236426e+01
-2.480529014360608997e+01
-2.485326942821654939e+01
-3.309895587166660391e+01
-3.316285346987445593e+01
-3.322681268582407199e+01
-3.329083351951544500e+01
-3.335491597094858207e+01
-3.341906004012348319e+01
-3.348326572704014836e+01
-3.354753303169857759e+01
-3.361186195409876376e+01
-4.374384640187524553e+01
-4.382756668207021988e+01
-4.391136700077398558e+01
-4.399524735798654262e+01
-4.407920775370789812e+01
-4.416324818793803075e+01
-4.424736866067696184e+01
-4.433156917192468427e+01
-4.441584972168119094e+01
-5.735145751511392831e+01
-5.746028381020902742e+01
-5.756921325819046587e+01
-5.767824585905825074e+01
-5.778738161281237495e+01
-5.789662051945285981e+01
-5.800596257897967689e+01
-5.811540779139284751e+01
-5.822495615669237168e+01
-6.476687532866421293e+01
-6.488873210256573998e+01
-6.501070340351041921e+01
-6.513278923149823640e+01
-6.525498958652919157e+01
-6.537730446860327049e+01
-6.549973387772050160e+01
-6.562227781388088488e+01
-6.574493627708440613e+01
-7.135586570154083574e+01
-7.148899231665564002e+01
-7.162224300130924348e+01
-7.175561775550161769e+01
-7.188911657923279108e+01
-7.202273947250273523e+01
-7.215648643531146433e+01
-7.229035746765899262e+01
-7.242435256954529166e+01
-7.641613484899069419e+01
-7.655751530199529498e+01
-7.669902642085297373e+01
-7.684066820556367361e+01
-7.698244065612745146e+01
-7.712434377254427886e+01
-7.726637755481415581e+01
-7.740854200293709653e+01
-7.755083711691307258e+01
-8.014847287345817506e+01
-8.029553429157462574e+01
-8.044273050475807452e+01
-8.059006151300854981e+01
-8.073752731632603741e+01
-8.088512791471055152e+01
-8.103286330816206373e+01
-8.118073349668061667e+01
-8.132873848026618191e+01
-8.626922455119955657e+01
-8.642622041025542501e+01
-8.658335899281952663e+01
-8.674064029889186145e+01
-8.689806432847242945e+01
-8.705563108156121643e+01
-8.721334055815825081e+01
-8.737119275826351839e+01
-8.752918768187700493e+01
-9.068048541742439284e+01
-9.084416860409844219e+01
-9.100799938607157458e+01
-9.117197776334377579e+01
-9.133610373591504583e+01
-9.150037730378539891e+01
-9.166479846695483502e+01
-9.182936722542332575e+01
-9.199408357919089951e+01
-9.344941531064233686e+01
-9.361673745085835208e+01
-9.378420925309602296e+01
-9.395183071735534952e+01
-9.411960184363634596e+01
-9.428752263193899807e+01
-9.445559308226330586e+01
-9.462381319460928353e+01
-9.479218296897691687e+01
-9.237893536205571365e+01
-9.254301872859576861e+01
-9.270724768818512018e+01
-9.287162224082375417e+01
-9.303614238651165635e+01
-9.320080812524884095e+01
-9.336561945703532217e+01
-9.353057638187107159e+01
-9.369567889975610342e+01
-9.440954793232192799e+01
-9.457590836920707034e+01
-9.474241525013877663e+01
-9.490906857511703265e+01
-9.507586834414185262e+01
-9.524281455721320810e+01
-9.540990721433112753e+01
-9.557714631549559670e+01
-9.574453186070661559e+01
-8.605568864699357334e+01
-8.620613565511769139e+01
-8.635671405800871980e+01
-8.650742385566668702e+01
-8.665826504809155040e+01
-8.680923763528335257e+01
-8.696034161724207934e+01
-8.711157699396771648e+01
-8.726294376546026399e+01
-8.846604826750319717e+01
-8.861950195053444190e+01
-8.877308860902756749e+01
-8.892680824298258813e+01
-8.908066085239950382e+01
-8.923464643727832879e+01
-8.938876499761904881e+01
-8.954301653342167810e+01
-8.969740104468620245e+01
-8.334629289175904887e+01
-8.348974606368979323e+01
-8.363332258314584067e+01
-8.377702245012719118e+01
-8.392084566463385897e+01
-8.406479222666581563e+01
-8.420886213622307537e+01
-8.435305539330565239e+01
-8.449737199791353248e+01
-7.621862566028852370e+01
-7.634880264689876128e+01
-7.647909070602315751e+01
-7.660948983766174081e+01
-7.674000004181448276e+01
-7.687062131848139757e+01
-7.700135366766248524e+01
-7.713219708935774577e+01
-7.726315158356719337e+01
-7.015227349147669145e+01
-7.027117564993683629e+01
-7.039017848761665164e+01
-7.050928200451616590e+01
-7.062848620063539329e+01
-7.074779107597429118e+01
-7.086719663053290219e+01
-7.098670286431121212e+01
-7.110630977730920677e+01
-5.867717719976825919e+01
-5.877587724552060422e+01
-5.887466023248786229e+01
-5.897352616067004760e+01
-5.907247503006713885e+01
-5.917150684067915734e+01
-5.927062159250608886e+01
-5.936981928554794763e+01
-5.946909991980471233e+01
-4.576051011542102032e+01
-4.583690495701604561e+01
-4.591336351407528582e+01
-4.598988578659874094e+01
-4.606647177458641806e+01
-4.614312147803831721e+01
-4.621983489695441705e+01
-4.629661203133474601e+01
-4.637345288117928277e+01
-3.056524660577182928e+01
-3.061589324472090823e+01
-3.066658180969561442e+01
-3.071731230069593721e+01
-3.076808471772188014e+01
-3.081889906077344321e+01
-3.086975532985062998e+01
-3.092065352495343333e+01
-3.097159364608185683e+01
-1.564403658908503481e+01
-1.566976691242234487e+01
-1.569551837817817663e+01
-1.572129098635252475e+01
-1.574708473694539101e+01
-1.577289962995677719e+01
-1.579873566538668150e+01
-1.582459284323510396e+01
-1.585047116350204632e+01
-1.284149389486494597e+00
-1.286245959918309367e+00
-1.288344240440198796e+00
-1.290444231052163326e+00
-1.292545931754202737e+00
-1.294649342546317028e+00
-1.296754463428506199e+00
-1.298861294400770250e+00
-1.300969835463108959e+00
1.301873563442260284e+01
1.303983569217693272e+01
1.306095283499827353e+01
1.308208706288661993e+01
1.310323837584197371e+01
1.312440677386433663e+01
1.314559225695370515e+01
1.316679482511008281e+01
1.318801447833346785e+01
3.369681804722193874e+01
3.375103657988037753e+01
3.380529869656828623e+01
3.385960439728566485e+01
3.391395368203251337e+01
3.396834655080882470e+01
3.402278300361461305e+01
3.407726304044986421e+01
3.413178666131458527e+01
5.119260526492438856e+01
5.127438258962874329e+01
5.135622517955632560e+01
5.143813303470712839e+01
5.152010615508116587e+01
5.160214454067843093e+01
5.168424819149892357e+01
5.176641710754263670e+01
5.184865128880957741e+01
6.780213684363128834e+01
6.790967393616678294e+01
6.801729624034454957e+01
6.812500375616457404e+01
6.823279648362685634e+01
6.834067442273139648e+01
6.844863757347820865e+01
6.855668593586729287e+01
6.866481950989862071e+01
7.576529022432396232e+01
7.588460564200005365e+01
7.600401493490643645e+01
7.612351810304306809e+01
7.624311514641000542e+01
7.636280606500719159e+01
7.648259085883465502e+01
7.660246952789238151e+01
7.672244207218038525e+01
8.049779499541027405e+01
8.062367114082920239e+01
8.074964562698674797e+01
8.087571845388291081e+01
8.100188962151767669e+01
8.112815912989104561e+01
8.125452697900301757e+01
8.138099316885360679e+01
8.150755769944279905e+01
7.796732635944439949e+01
7.808839363640005615e+01
7.820955483676685560e+01
7.833080996054478362e+01
7.845215900773385442e+01
7.857360197833406801e+01
7.869513887234541016e+01
7.881676968976788089e+01
7.893849443060150861e+01
7.344808395563970294e+01
7.356134237345872862e+01
7.367468804737777077e+01
7.378812097739682940e+01
7.390164116351590451e+01
7.401524860573498188e+01
7.412894330405408994e+01
7.424272525847320026e+01
7.435659446899234126e+01
6.146390253518285363e+01
6.155802796019844436e+01
6.165222540160655740e+01
6.174649485940717142e+01
6.184083633360030774e+01
6.193524982418595926e+01
6.202973533116411886e+01
6.212429285453480077e+01
6.221892239429799076e+01
5.042600820674329754e+01
5.050270175534671324e+01
5.057945358172262473e+01
5.065626368587101780e+01
5.073313206779191376e+01
5.081005872748530550e+01
5.088704366495120013e+01
5.096408688018957633e+01
5.104118837320045543e+01
2.394009305973306212e+01
2.397625634230063341e+01
2.401244691791165664e+01
2.404866478656612117e+01
2.408490994826403409e+01
2.412118240300539540e+01
2.415748215079020511e+01
2.419380919161845966e+01
2.423016352549016261e+01
4.967794653582118691e+00
4.975248208951334128e+00
4.982707351693390407e+00
4.990172081808286642e+00
4.997642399296023719e+00
5.005118304156600750e+00
5.012599796390019513e+00
5.020086875996277342e+00
5.027579542975376903e+00
-2.121614629114621664e+01
-2.124776498904658339e+01
-2.127940723028120118e+01
-2.131107301485007355e+01
-2.134276234275319695e+01
-2.137447521399057138e+01
-2.140621162856219684e+01
-2.143797158646807333e+01
-2.146975508770820795e+01
-4.318349238243533250e+01
-4.324742057249074634e+01
-4.331139604671040644e+01
-4.337541880509431280e+01
-4.343948884764245122e+01
-4.350360617435484301e+01
-4.356777078523147395e+01
-4.363198268027234406e+01
-4.369624185947746042e+01
-7.216710024762812736e+01
-7.227322833622757514e+01
-7.237943440284952601e+01
-7.248571844749393733e+01
-7.259208047016083754e+01
-7.269852047085022662e+01
-7.280503844956209036e+01
-7.291163440629644299e+01
-7.301830834105327028e+01
-9.293385816299907276e+01
-9.306962713036649859e+01
-9.320549519916995962e+01
-9.334146236940944164e+01
-9.347752864108495885e+01
-9.361369401419652547e+01
-9.374995848874411308e+01
-9.388632206472775010e+01
-9.402278474214740811e+01
-1.108681291697041615e+02
-1.110290408230709147e+02
-1.111900691636409988e+02
-1.113512141914143854e+02
-1.115124759063911029e+02
-1.116738543085711086e+02
-1.118353493979544311e+02
-1.119969611745410845e+02
-1.121586896383310261e+02
-1.224094707969963736e+02
-1.225859804881239938e+02
-1.227626173476169669e+02
-1.229393813754753069e+02
-1.231162725716990138e+02
-1.232932909362880736e+02
-1.234704364692425287e+02
-1.236477091705623224e+02
-1.238251090402474972e+02
-1.406819697933384816e+02
-1.408835198933289519e+02
-1.410852142668340719e+02
-1.412870529138538700e+02
-1.414890358343883179e+02
-1.416911630284374439e+02
-1.418934344960012197e+02
-1.420958502370797021e+02
-1.422984102516728342e+02
-1.466485138598577009e+02
-1.468572661927542811e+02
-1.470661669981494128e+02
-1.472752162760430110e+02
-1.474844140264351040e+02
-1.476937602493257202e+02
-1.479032549447148313e+02
-1.481128981126024655e+02
-1.483226897529885662e+02
-1.562984043041059294e+02
-1.565194770117496432e+02
-1.567407059545224399e+02
-1.569620911324242911e+02
-1.571836325454552536e+02
-1.574053301936152707e+02
-1.576271840769043706e+02
-1.578491941953225535e+02
-1.580713605488698192e+02
-1.510050065924382352e+02
-1.512172413170937944e+02
-1.514296250829885935e+02
-1.516421578901226042e+02
-1.518548397384958548e+02
-1.520676706281083170e+02
-1.522806505589600192e+02
-1.524937795310509330e+02
-1.527070575443810867e+02
-1.613649185763571836e+02
-1.615902885743688557e+02
-1.618158158438376120e+02
-1.620415003847634807e+02
-1.622673421971464336e+02
-1.624933412809864706e+02
-1.627194976362835916e+02
-1.629458112630377968e+02
-1.631722821612491146e+02
-1.643698035209817476e+02
-1.645979364890885961e+02
-1.648262276631372742e+02
-1.650546770431277537e+02
-1.652832846290600628e+02
-1.655120504209341732e+02
-1.657409744187501417e+02
-1.659700566225079399e+02
-1.661992970322075109e+02
-1.540728392416977783e+02
-1.542853535027207954e+02
-1.544980142242959005e+02
-1.547108214064230083e+02
-1.549237750491022041e+02
-1.551368751523334311e+02
-1.553501217161166892e+02
-1.555635147404520069e+02
-1.557770542253393842e+02
-1.374463373160947128e+02
-1.376347490190640031e+02
-1.378232897711449141e+02
-1.380119595723374459e+02
-1.382007584226415986e+02
-1.383896863220574005e+02
-1.385787432705847948e+02
-1.387679292682238099e+02
-1.389572443149744458e+02
-1.323721794393994173e+02
-1.325525230081179586e+02
-1.327329893430507184e+02
-1.329135784441977250e+02
-1.330942903115589786e+02
-1.332751249451344506e+02
-1.334560823449241695e+02
-1.336371625109281638e+02
-1.338183654431463481e+02
-1.111019765993610804e+02
-1.112524193571124158e+02
-1.114029639029271834e+02
-1.115536102368053832e+02
-1.117043583587470152e+02
-1.118552082687520794e+02
-1.120061599668205616e+02
-1.121572134529524902e+02
-1.123083687271478368e+02
-9.496047887073690674e+01
-9.508828570636374877e+01
-9.521617849144290346e+01
-9.534415722597441345e+01
-9.547222190995826452e+01
-9.560037254339445667e+01
-9.572860912628297569e+01
-9.585693165862383580e+01
-9.598534014041703699e+01
-5.759771027844729474e+01
-5.767476407146193651e+01
-5.775186937102271401e+01
-5.782902617712962723e+01
-5.790623448978266197e+01
-5.798349430898183954e+01
-5.806080563472715284e+01
-5.813816846701859475e+01
-5.821558280585616529e+01
-1.659721140910423998e+01
-1.661928216895676869e+01
-1.664136759376601660e+01
-1.666346768353197305e+01
-1.668558243825464160e+01
-1.670771185793402580e+01
-1.672985594257012210e+01
-1.675201469216293049e+01
-1.677418810671245097e+01
-1.679637618621868356e+01
-1.681857893068162824e+01
-1.684079634010128856e+01
-1.686302841447765744e+01
-1.688527515381074195e+01
-1.690753655810053857e+01
-1.692981262734705084e+01
-1.695210336155027164e+01
5.560303745437229850e+01
5.567615124458185250e+01
5.574931307276133197e+01
5.582252293891072270e+01
5.589578084303003180e+01
5.596908678511925217e+01
5.604244076517838380e+01
5.611584278320742669e+01
5.618929283920639506e+01
5.626279093317527469e+01
5.633633706511406558e+01
5.640993123502277484e+01
5.648357344290138826e+01
5.655726368874992716e+01
5.663100197256837021e+01
5.670478829435673163e+01
5.677862265411500431e+01
1.389364454492068717e+02
1.391171170297649837e+02
1.392979060057620870e+02
1.394788123771981532e+02
1.396598361440731537e+02
1.398409773063871171e+02
1.400222358641400717e+02
1.402036118173319608e+02
1.403851051659628126e+02
1.405667159100326273e+02
1.407484440495413764e+02
1.409302895844891168e+02
1.411122525148757916e+02
1.412943328407014292e+02
1.414765305619660296e+02
1.416588456786695929e+02
1.418412781908121474e+02
2.109729856714095888e+02
2.112443335629483840e+02
2.115158558425922593e+02
2.117875525103412713e+02
2.120594235661953633e+02
2.123314690101545636e+02
2.126036888422188440e+02
2.128760830623882612e+02
2.131486516706627867e+02
2.134213946670423638e+02
2.136943120515270778e+02
2.139674038241169001e+02
2.142406699848118308e+02
2.145141105336118130e+02
2.147877254705169321e+02
2.150615147955271595e+02
2.153354785086424670e+02
2.661840197961124090e+02
2.665226763098479523e+02
2.668615481169806003e+02
2.672006352175104098e+02
2.675399376114374377e+02
2.678794552987615702e+02
2.682191882794828643e+02
2.685591365536013768e+02
2.688993001211170508e+02
2.692396789820298295e+02
2.695802731363398266e+02
2.699210825840469283e+02
2.702621073251512485e+02
2.706033473596526733e+02
2.709448026875512596e+02
2.712864733088470643e+02
2.716283592235400306e+02
3.076224412619561122e+02
3.080096312446646607e+02
3.083970647430855934e+02
3.087847417572189670e+02
3.091726622870647248e+02
3.095608263326228666e+02
3.099492338938933926e+02
3.103378849708763596e+02
3.107267795635717107e+02
3.111159176719793891e+02
3.115052992960995653e+02
3.118949244359320687e+02
3.122847930914769563e+02
3.126749052627342849e+02
3.130652609497039975e+02
3.134558601523860943e+02
3.138467028707805753e+02
2.938966640869348339e+02
2.942626624232822223e+02
2.946288885121724093e+02
2.949953423536054515e+02
2.953620239475813491e+02
2.957289332941001021e+02
2.960960703931616536e+02
2.964634352447661172e+02
2.968310278489133793e+02
2.971988482056034400e+02
2.975668963148364128e+02
2.979351721766121841e+02
2.983036757909308108e+02
2.986724071577922928e+02
2.990413662771966301e+02
2.994105531491437659e+02
2.997799677736337571e+02
2.426920141646563991e+02
2.429910801094064254e+02
2.432903302080633239e+02
2.435897644606271228e+02
2.438893828670977371e+02
2.441891854274752518e+02
2.444891721417596102e+02
2.447893430099508407e+02
2.450896980320489718e+02
2.453902372080539180e+02
2.456909605379657364e+02
2.459918680217844269e+02
2.462929596595099895e+02
2.465942354511424242e+02
2.468956953966817309e+02
2.471973394961279098e+02
2.474991677494809039e+02
1.516598334829363353e+02
1.518447844993789602e+02
1.520298482221082281e+02
1.522150246511241960e+02
1.524003137864268638e+02
1.525857156280161746e+02
1.527712301758921853e+02
1.529568574300548960e+02
1.531425973905042497e+02
1.533284500572403033e+02
1.535144154302630284e+02
1.537004935095724250e+02
1.538866842951685214e+02
1.540729877870512894e+02
1.542594039852207572e+02
1.544459328896768682e+02
1.546325745004196790e+02
5.988746251224882400e+01
5.995974671564320602e+01
6.003207451626521163e+01
6.010444591411484794e+01
6.017686090919208652e+01
6.024931950149695581e+01
6.032182169102944869e+01
6.039436747778955805e+01
6.046695686177728390e+01
6.053958984299262625e+01
6.061226642143559928e+01
6.068498659710618170e+01
6.075775037000439482e+01
6.083055774013022443e+01
6.090340870748367053e+01
6.097630327206474021e+01
6.104924143387343349e+01
-4.037895554500438067e+01
-4.042719802474751845e+01
-4.047546930597109593e+01
-4.052376938867512024e+01
-4.057209827285958426e+01
-4.062045595852449509e+01
-4.066884244566985274e+01
-4.071725773429564299e+01
-4.076570182440188717e+01
-4.081417471598857105e+01
-4.086267640905570175e+01
-4.091120690360327217e+01
-4.095976619963128940e+01
-4.100835429713974634e+01
-4.105697119612865009e+01
-4.110561689659800066e+01
-4.115429139854779095e+01
-1.060371418657381213e+02
-1.061625553984001584e+02
-1.062880430525353859e+02
-1.064136048281438036e+02
-1.065392407252254401e+02
-1.066649507437802669e+02
-1.067907348838083124e+02
-1.069165931453095624e+02
-1.070425255282840169e+02
-1.071685320327316759e+02
-1.072946126586525253e+02
-1.074207674060465934e+02
-1.075469962749138659e+02
-1.076732992652543430e+02
-1.077996763770680246e+02
-1.079261276103549108e+02
-1.080526529651149872e+02
-1.678506985480177889e+02
-1.680472450334370365e+02
-1.682439065255767900e+02
-1.684406830244371065e+02
-1.686375745300179858e+02
-1.688345810423194280e+02
-1.690317025613413762e+02
-1.692289390870839156e+02
-1.694262906195469895e+02
-1.696237571587305979e+02
-1.698213387046347691e+02
-1.700190352572594747e+02
-1.702168468166047717e+02
-1.704147733826705746e+02
-1.706128149554569688e+02
-1.708109715349638691e+02
-1.710092431211913322e+02
-1.942173822027833410e+02
-1.944425617763517948e+02
-1.946678718131725816e+02
-1.948933123132457581e+02
-1.951188832765712675e+02
-1.953445847031491667e+02
-1.955704165929793987e+02
-1.957963789460619637e+02
-1.960224717623969184e+02
-1.962486950419842060e+02
-1.964750487848238834e+02
-1.967015329909158652e+02
-1.969281476602602652e+02
-1.971548927928569697e+02
-1.973817683887060923e+02
-1.976087744478075194e+02
-1.978359109701613079e+02
-1.902543987301079653e+02
-1.904728308756075137e+02
-1.906913883407545143e+02
-1.909100711255489387e+02
-1.911288792299908152e+02
-1.913478126540801725e+02
-1.915668713978169535e+02
-1.917860554612011867e+02
-1.920053648442328722e+02
-1.922247995469119815e+02
-1.924443595692385713e+02
-1.926640449112125850e+02
-1.928838555728340225e+02
-1.931037915541029406e+02
-1.933238528550193109e+02
-1.935440394755831051e+02
-1.937643514157943514e+02
-1.711131810595771015e+02
-1.713077384001792325e+02
-1.715024062847248842e+02
-1.716971847132140851e+02
-1.718920736856467784e+02
-1.720870732020230207e+02
-1.722821832623427554e+02
-1.724774038666060676e+02
-1.726727350148128437e+02
-1.728681767069631690e+02
-1.730637289430570149e+02
-1.732593917230943816e+02
-1.734551650470752975e+02
-1.736510489149997341e+02
-1.738470433268676629e+02
-1.740431482826791409e+02
-1.742393637824341397e+02
-1.255776330243542134e+02
-1.257190492777600213e+02
-1.258605451126252461e+02
-1.260021205289499164e+02
-1.261437755267340037e+02
-1.262855101059775365e+02
-1.264273242666804720e+02
-1.265692180088428671e+02
-1.267111913324646650e+02
-1.268532442375459084e+02
-1.269953767240865830e+02
-1.271375887920866603e+02
-1.272798804415461973e+02
-1.274222516724651513e+02
-1.275647024848435365e+02
-1.277072328786813529e+02
-1.278498428539785863e+02
-7.431084683659825885e+01
-7.439373679402893913e+01
-7.447667295544925992e+01
-7.455965532085923542e+01
-7.464268389025885142e+01
-7.472575866364812214e+01
-7.480887964102704757e+01
-7.489204682239561350e+01
-7.497526020775383415e+01
-7.505851979710169530e+01
-7.514182559043921117e+01
-7.522517758776638175e+01
-7.530857578908319283e+01
-7.539202019438965863e+01
-7.547551080368576493e+01
-7.555904761697152594e+01
-7.564263063424694167e+01
1.317687187366937707e+01
1.319143195308779504e+01
1.320600007230710915e+01
1.322057623132731408e+01
1.323516043014841514e+01
1.324975266877040880e+01
1.326435294719329683e+01
1.327896126541707744e+01
1.329357762344175242e+01
1.330820202126732177e+01
1.332283445889378193e+01
1.333747493632114001e+01
1.335212345354938890e+01
1.336678001057853216e+01
1.338144460740856800e+01
1.339611724403949999e+01
1.341079792047132280e+01
7.167926324645574709e+01
7.175772987288864613e+01
7.183623942417189312e+01
7.191479190030548807e+01
7.199338730128943098e+01
7.207202562712370764e+01
7.215070687780834646e+01
7.222943105334331904e+01
7.230819815372865378e+01
7.238700817896432227e+01
7.246586112905033872e+01
7.254475700398670313e+01
7.262369580377341549e+01
7.270267752841047582e+01
7.278170217789786989e+01
7.286076975223562613e+01
7.293988025142371612e+01
1.343579422045902731e+02
1.345036666538360350e+02
1.346494700865231096e+02
1.347953525026515536e+02
1.349413139022212818e+02
1.350873542852323510e+02
1.352334736516847329e+02
1.353796720015784274e+02
1.355259493349134630e+02
1.356723056516898396e+02
1.358187409519075288e+02
1.359652552355665591e+02
1.361118485026669020e+02
1.362585207532085576e+02
1.364052719871915542e+02
1.365521022046158635e+02
1.366990114054815137e+02
1.894821816408997961e+02
1.896858164411587211e+02
1.898895606048978664e+02
1.900934141321172888e+02
1.902973770228169883e+02
1.905014492769969650e+02
1.907056308946571903e+02
1.909099218757976928e+02
1.911143222204184440e+02
1.913188319285195007e+02
1.915234510001007777e+02
1.917281794351623887e+02
1.919330172337042200e+02
1.921379643957262999e+02
1.923430209212287139e+02
1.925481868102113481e+02
1.927534620626742594e+02
2.355391780186801327e+02
2.357900184638544658e+02
2.360409924058063780e+02
2.362920998445359828e+02
2.365433407800431951e+02
2.367947152123280432e+02
2.370462231413905272e+02
2.372978645672306470e+02
2.375496394898484027e+02
2.378015479092437658e+02
2.380535898254167932e+02
2.383057652383674565e+02
2.385580741480957272e+02
2.388105165546016622e+02
2.390630924578852330e+02
2.393158018579464112e+02
2.395686447547852254e+02
2.439223791777705230e+02
2.441798170449766019e+02
2.444373906916485168e+02
2.446951001177862395e+02
2.449529453233898266e+02
2.452109263084592214e+02
2.454690430729944524e+02
2.457272956169954909e+02
2.459856839404623656e+02
2.462442080433950764e+02
2.465028679257935664e+02
2.467616635876579210e+02
2.470205950289881116e+02
2.472796622497841099e+02
2.475388652500459443e+02
2.477982040297735864e+02
2.480576785889670646e+02
2.201825595134801290e+02
2.204128759983268537e+02
2.206433128786178486e+02
2.208738701543530851e+02
2.211045478255325634e+02
2.213353458921563117e+02
2.215662643542242733e+02
2.217973032117365051e+02
2.220284624646929785e+02
2.222597421130936937e+02
2.224911421569386789e+02
2.227226625962278774e+02
2.229543034309613461e+02
2.231860646611390564e+02
2.234179462867610368e+02
2.236499483078272306e+02
2.238820707243376944e+02
1.734985983895523702e+02
1.736784828876234315e+02
1.738584605900976499e+02
1.740385314969750254e+02
1.742186956082555298e+02
1.743989529239391914e+02
1.745793034440259817e+02
1.747597471685159292e+02
1.749402840974090338e+02
1.751209142307052673e+02
1.753016375684046579e+02
1.754824541105072058e+02
1.756633638570128824e+02
1.758443668079216877e+02
1.760254629632336787e+02
1.762066523229487700e+02
1.763879348870670469e+02
1.242271494394128979e+02
1.243548237964934913e+02
1.244825637284878326e+02
1.246103692353959218e+02
1.247382403172177732e+02
1.248661769739533867e+02
1.249941792056027481e+02
1.251222470121658716e+02
1.252503803936427431e+02
1.253785793500333625e+02
1.255068438813377583e+02
1.256351739875558877e+02
1.257635696686877793e+02
1.258920309247334330e+02
1.260205577556928205e+02
1.261491501615659843e+02
1.262778081423528818e+02
8.126674780346937155e+01
8.134954632390082452e+01
8.143238700243841777e+01
8.151526983908210866e+01
8.159819483383193983e+01
8.168116198668789707e+01
8.176417129764998037e+01
8.184722276671818975e+01
8.193031639389251097e+01
8.201345217917297248e+01
8.209663012255956005e+01
8.217985022405227369e+01
8.226311248365109918e+01
8.234641690135606495e+01
8.242976347716715679e+01
8.251315221108437470e+01
8.259658310310771867e+01
5.596109806165369127e-01
5.601762442333212411e-01
5.607417931926683696e-01
5.613076274945782984e-01
5.618737471390509164e-01
5.624401521260862236e-01
5.630068424556842199e-01
5.635738181278450165e-01
5.641410791425686133e-01
5.647086254998548993e-01
5.652764571997038745e-01
5.658445742421156499e-01
5.664129766270902255e-01
5.669816643546273793e-01
5.675506374247274444e-01
5.681198958373901986e-01
5.686894395926155310e-01
-2.524656914178774869e+01
-2.527185363767336668e+01
-2.529715078846182763e+01
-2.532246059415313510e+01
-2.534778305474728555e+01
-2.537311817024428606e+01
-2.539846594064412955e+01
-2.542382636594682310e+01
-2.544919944615235607e+01
-2.547458518126073557e+01
-2.549998357127196513e+01
-2.552539461618603767e+01
-2.555081831600295672e+01
-2.557625467072272230e+01
-2.560170368034533084e+01
-2.562716534487078235e+01
-2.565263966429908749e+01
-6.956281436425129527e+01
-6.963189362379871739e+01
-6.970100716585707801e+01
-6.977015499042637714e+01
-6.983933709750661478e+01
-6.990855348709780515e+01
-6.997780415919993402e+01
-7.004708911381300140e+01
-7.011640835093700730e+01
-7.018576187057196591e+01
-7.025514967271786304e+01
-7.032457175737469868e+01
-7.039402812454247282e+01
-7.046351877422118548e+01
-7.053304370641085086e+01
-7.060260292111145475e+01
-7.067219641832299715e+01
-7.074182419804549227e+01
-7.081148626027891169e+01
-7.088118260502328383e+01
-7.095091323227859448e+01
-7.102067814204484364e+01
-7.109047733432204552e+01
-7.116031080911017170e+01
-7.123017856640925061e+01
-7.130008060621926802e+01
-7.137001692854022394e+01
-7.143998753337213259e+01
-7.150999242071497974e+01
-7.158003159056876541e+01
-7.165010504293348959e+01
-7.172021277780915227e+01
-7.179035479519576768e+01
-6.687307148515992594e+01
-6.693840912217522998e+01
-6.700377866233360180e+01
-6.706918010563504140e+01
-6.713461345207956299e+01
-6.720007870166716657e+01
-6.726557585439783793e+01
-6.733110491027157707e+01
-6.739666586928839820e+01
-6.746225873144828711e+01
-6.752788349675125801e+01
-6.759354016519729669e+01
-6.765922873678640315e+01
-6.772494921151859160e+01
-6.779070158939384783e+01
-6.785648587041218605e+01
-6.792230205457360626e+01
-6.798815014187808003e+01
-6.805403013232563580e+01
-6.811994202591627356e+01
-6.818588582264997910e+01
-6.825186152252675242e+01
-6.831786912554660773e+01
-6.838390863170953082e+01
-6.844998004101552169e+01
-6.851608335346459455e+01
-6.858221856905674940e+01
-6.864838568779197203e+01
-6.871458470967026244e+01
-6.878081563469163484e+01
-6.884707846285607502e+01
-6.891337319416359719e+01
-6.897969982861418714e+01
-2.712644669032362899e+01
-2.715252981214124617e+01
-2.717862546789534761e+01
-2.720473365758592976e+01
-2.723085438121299262e+01
-2.725698763877653619e+01
-2.728313343027656046e+01
-2.730929175571306899e+01
-2.733546261508605824e+01
-2.736164600839552463e+01
-2.738784193564147884e+01
-2.741405039682390665e+01
-2.744027139194282228e+01
-2.746650492099821861e+01
-2.749275098399009210e+01
-2.751900958091844984e+01
-2.754528071178328830e+01
-2.757156437658460746e+01
-2.759786057532241088e+01
-2.762416930799669501e+01
-2.765049057460745630e+01
-2.767682437515470184e+01
-2.770317070963842809e+01
-2.772952957805863861e+01
-2.775590098041532627e+01
-2.778228491670849465e+01
-2.780868138693814728e+01
-2.783509039110428063e+01
-2.786151192920689468e+01
-2.788794600124599299e+01
-2.791439260722156845e+01
-2.794085174713362463e+01
-2.796732342098216506e+01
-1.595286829170521559e+00
-1.596796802506225132e+00
-1.598307490115029372e+00
-1.599818891996934944e+00
-1.601331008151941404e+00
-1.602843838580049196e+00
-1.604357383281257876e+00
-1.605871642255567666e+00
-1.607386615502978566e+00
-1.608902303023490576e+00
-1.610418704817103697e+00
-1.611935820883817705e+00
-1.613453651223633045e+00
-1.614972195836549496e+00
-1.616491454722566834e+00
-1.618011427881685504e+00
-1.619532115313905063e+00
-1.621053517019225731e+00
-1.622575632997647510e+00
-1.624098463249170399e+00
-1.625622007773794397e+00
-1.627146266571519506e+00
-1.628671239642345503e+00
-1.630196926986272832e+00
-1.631723328603301271e+00
-1.633250444493430820e+00
-1.634778274656661257e+00
-1.636306819092992804e+00
-1.637836077802425461e+00
-1.639366050784959450e+00
-1.640896738040594105e+00
-1.642428139569330314e+00
-1.643960255371167412e+00
3.393480815155567853e+01
3.396643425421323315e+01
3.399807508723997529e+01
3.402973065063591918e+01
3.406140094440105059e+01
3.409308596853537665e+01
3.412478572303889734e+01
3.415650020791161268e+01
3.418822942315351554e+01
3.421997336876461304e+01
3.425173204474490518e+01
3.428350545109439196e+01
3.431529358781306627e+01
3.434709645490094232e+01
3.437891405235800590e+01
3.441074638018426413e+01
3.444259343837970988e+01
3.447445522694435738e+01
3.450633174587819241e+01
3.453822299518122207e+01
3.457012897485344638e+01
3.460204968489486532e+01
3.463398512530547180e+01
3.466593529608527291e+01
3.469790019723426866e+01
3.472987982875245905e+01
3.476187419063983697e+01
3.479388328289640953e+01
3.482590710552217672e+01
3.485794565851714566e+01
3.488999894188129502e+01
3.492206695561463903e+01
3.495414969971718477e+01
5.200915063832191976e+01
5.205688735299683856e+01
5.210464596524729330e+01
5.215242647507329110e+01
5.220022888247482484e+01
5.224805318745189453e+01
5.229589939000450727e+01
5.234376749013265595e+01
5.239165748783634768e+01
5.243956938311558247e+01
5.248750317597034609e+01
5.253545886640065277e+01
5.258343645440650249e+01
5.263143593998788106e+01
5.267945732314480978e+01
5.272750060387726734e+01
5.277556578218527505e+01
5.282365285806881161e+01
5.287176183152789122e+01
5.291989270256250677e+01
5.296804547117266537e+01
5.301622013735835992e+01
5.306441670111959752e+01
5.311263516245637106e+01
5.316087552136868055e+01
5.320913777785653309e+01
5.325742193191992158e+01
5.330572798355885311e+01
5.335405593277332059e+01
5.340240577956333112e+01
5.345077752392887760e+01
5.349917116586996002e+01
5.354758670538658549e+01
5.624628665160067698e+01
5.629714224531821998e+01
5.634802081942153507e+01
5.639892237391062224e+01
5.644984690878548861e+01
5.650079442404611996e+01
5.655176491969253050e+01
5.660275839572472023e+01
5.665377485214267494e+01
5.670481428894640885e+01
5.675587670613591484e+01
5.680696210371119292e+01
5.685807048167225020e+01
5.690920184001907245e+01
5.696035617875167389e+01
5.701153349787005453e+01
5.706273379737420726e+01
5.711395707726412496e+01
5.716520333753982186e+01
5.721647257820129795e+01
5.726776479924853902e+01
5.731908000068155928e+01
5.737041818250034453e+01
5.742177934470490897e+01
5.747316348729525259e+01
5.752457061027136831e+01
5.757600071363325611e+01
5.762745379738091600e+01
5.767892986151435508e+01
5.773042890603356625e+01
5.778195093093854240e+01
5.783349593622929774e+01
5.788506392190583227e+01
2.787220933194928207e+01
2.789703980796883798e+01
2.792188133940959460e+01
2.794673392627154840e+01
2.797159756855471002e+01
2.799647226625907237e+01
2.802135801938463544e+01
2.804625482793140279e+01
2.807116269189937086e+01
2.809608161128853610e+01
2.812101158609890916e+01
2.814595261633048295e+01
2.817090470198325747e+01
2.819586784305723626e+01
2.822084203955241222e+01
2.824582729146879245e+01
2.827082359880637696e+01
2.829583096156516220e+01
2.832084937974515171e+01
2.834587885334633839e+01
2.837091938236872934e+01
2.839597096681232102e+01
2.842103360667711698e+01
2.844610730196311366e+01
2.847119205267031106e+01
2.849628785879871273e+01
2.852139472034831158e+01
2.854651263731911826e+01
2.857164160971112565e+01
2.859678163752433377e+01
2.862193272075874262e+01
2.864709485941435574e+01
2.867226805349116958e+01
8.575998343398413937e+00
8.583527753708683150e+00
8.591060467840941683e+00
8.598596485795189537e+00
8.606135807571423157e+00
8.613678433169646098e+00
8.621224362589854806e+00
8.628773595832052834e+00
8.636326132896238406e+00
8.643881973782411521e+00
8.651441118490572180e+00
8.659003567020722159e+00
8.666569319372857905e+00
8.674138375546984747e+00
8.681710735543097357e+00
8.689286399361197510e+00
8.696865367001285207e+00
8.704447638463362225e+00
8.712033213747425009e+00
8.719622092853477113e+00
8.727214275781516761e+00
8.734809762531543953e+00
8.742408553103558688e+00
8.750010647497562744e+00
8.757616045713554342e+00
8.765224747751531709e+00
8.772836753611498395e+00
8.780452063293452625e+00
8.788070676797394398e+00
8.795692594123325492e+00
8.803317815271244129e+00
8.810946340241148533e+00
8.818578169033042258e+00
-2.550209925050272730e+01
-2.552416943592073295e+01
-2.554624916726668360e+01
-2.556833844454058635e+01
-2.559043726774243410e+01
-2.561254563687223751e+01
-2.563466355192998591e+01
-2.565679101291567932e+01
-2.567892801982932482e+01
-2.570107457267091888e+01
-2.572323067144046504e+01
-2.574539631613795976e+01
-2.576757150676339947e+01
-2.578975624331679128e+01
-2.581195052579813165e+01
-2.583415435420741701e+01
-2.585636772854465804e+01
-2.587859064880984050e+01
-2.590082311500297862e+01
-2.592306512712406530e+01
-2.594531668517309697e+01
-2.596757778915008075e+01
-2.598984843905500952e+01
-2.601212863488789040e+01
-2.603441837664871983e+01
-2.605671766433749781e+01
-2.607902649795422789e+01
-2.610134487749890297e+01
-2.612367280297153016e+01
-2.614601027437210234e+01
-2.616835729170062663e+01
-2.619071385495709592e+01
-2.621307996414151731e+01
-2.361200454869818088e+01
-2.363215131025850013e+01
-2.365230666318835873e+01
-2.367247060748775311e+01
-2.369264314315668329e+01
-2.371282427019514571e+01
-2.373301398860314393e+01
-2.375321229838068149e+01
-2.377341919952775129e+01
-2.379363469204435333e+01
-2.381385877593049472e+01
-2.383409145118617189e+01
-2.385433271781138131e+01
-2.387458257580612653e+01
-2.389484102517040753e+01
-2.391510806590422789e+01
-2.393538369800758048e+01
-2.395566792148046531e+01
-2.397596073632288949e+01
-2.399626214253484946e+01
-2.401657214011634167e+01
-2.403689072906736968e+01
-2.405721790938793347e+01
-2.407755368107803662e+01
-2.409789804413767200e+01
-2.411825099856683963e+01
-2.413861254436554660e+01
-2.415898268153378581e+01
-2.417936141007156436e+01
-2.419974872997887516e+01
-2.422014464125572175e+01
-2.424054914390210413e+01
-2.426096223791802231e+01
-1.058874446652463419e+01
-1.059765380137236157e+01
-1.060656688278646875e+01
-1.061548371076695396e+01
-1.062440428531381720e+01
-1.063332860642705846e+01
-1.064225667410667775e+01
-1.065118848835267507e+01
-1.066012404916505218e+01
-1.066906335654380733e+01
-1.067800641048894050e+01
-1.068695321100045170e+01
-1.069590375807834093e+01
-1.070485805172260818e+01
-1.071381609193325524e+01
-1.072277787871028032e+01
-1.073174341205368343e+01
-1.074071269196346634e+01
-1.074968571843962550e+01
-1.075866249148216447e+01
-1.076764301109107969e+01
-1.077662727726637648e+01
-1.078561529000804953e+01
-1.079460704931610060e+01
-1.080360255519053148e+01
-1.081260180763133860e+01
-1.082160480663852553e+01
-1.083061155221209049e+01
-1.083962204435203347e+01
-1.084863628305835626e+01
-1.085765426833105707e+01
-1.086667600017013591e+01
-1.087570147857559100e+01
-1.366998740672060642e+01
-1.368133179461000282e+01
-1.369268088776189884e+01
-1.370403468617629450e+01
-1.371539318985319156e+01
-1.372675639879259002e+01
-1.373812431299448811e+01
-1.374949693245888760e+01
-1.376087425718578672e+01
-1.377225628717518902e+01
-1.378364302242709094e+01
-1.379503446294149249e+01
-1.380643060871839722e+01
-1.381783145975779981e+01
-1.382923701605970557e+01
-1.384064727762411096e+01
-1.385206224445101775e+01
-1.386348191654042417e+01
-1.387490629389233376e+01
-1.388633537650674121e+01
-1.389776916438365184e+01
-1.390920765752306210e+01
-1.392065085592497375e+01
-1.393209875958938504e+01
-1.394355136851629773e+01
-1.395500868270571182e+01
-1.396647070215762554e+01
-1.397793742687204066e+01
-1.398940885684895719e+01
-1.400088499208837334e+01
-1.401236583259029089e+01
-1.402385137835470985e+01
-1.403534162938162666e+01
-5.701570908669521209e+00
-5.706238588496511888e+00
-5.710908178176132388e+00
-5.715579677708382711e+00
-5.720253087093263744e+00
-5.724928406330772823e+00
-5.729605635420912613e+00
-5.734284774363681336e+00
-5.738965823159080770e+00
-5.743648781807109138e+00
-5.748333650307768217e+00
-5.753020428661055341e+00
-5.757709116866973176e+00
-5.762399714925520833e+00
-5.767092222836698312e+00
-5.771786640600504725e+00
-5.776482968216940961e+00
-5.781181205686007019e+00
-5.785881353007703787e+00
-5.790583410182028601e+00
-5.795287377208985014e+00
-5.799993254088569472e+00
-5.804701040820783753e+00
-5.809410737405628744e+00
-5.814122343843102669e+00
-5.818835860133206417e+00
-5.823551286275939987e+00
-5.828268622271303379e+00
-5.832987868119296593e+00
-5.837709023819918741e+00
-5.842432089373171600e+00
-5.847157064779053393e+00
-5.851883950037565008e+00
1.984371206145935790e-02
1.985974090803565781e-02
1.987577622568445154e-02
1.989181801440574951e-02
1.990786627419954130e-02
1.992392100506583039e-02
1.993998220700462023e-02
1.995604988001590391e-02
1.997212402409968487e-02
1.998820463925596660e-02
2.000429172548474216e-02
2.002038528278601848e-02
2.003648531115978862e-02
2.005259181060606299e-02
2.006870478112482772e-02
2.008482422271609322e-02
2.010095013537985600e-02
2.011708251911611608e-02
2.013322137392487346e-02
2.014936669980612813e-02
2.016551849675988009e-02
2.018167676478612935e-02
2.019784150388487937e-02
2.021401271405612321e-02
2.023019039529986782e-02
2.024637454761610278e-02
2.026256517100484197e-02
2.027876226546607846e-02
2.029496583099980878e-02
2.031117586760603985e-02
2.032739237528476475e-02
2.034361535403599042e-02
2.035984480385971337e-02
