9.606755110233783715e-03
1.648578903184401770e-02
3.550510361179051028e-02
5.275070114894300777e-02
6.793780586725227388e-02
9.655629562746703698e-02
1.257490687392903150e-01
1.645612792643959543e-01
2.135533917838077778e-01
2.553607005378416561e-01
2.835152726853613081e-01
3.557702130963806830e-01
3.866517427910081683e-01
4.303212089797144868e-01
8.929461111587108091e-01
1.048135660695587834e+00
1.216388210054931696e+00
1.457206600154396181e+00
1.678559714797313696e+00
1.910524724229130999e+00
2.117996930688968771e+00
2.367909519062603163e+00
2.574033092199771833e+00
2.930817331856693908e+00
3.250161268682579596e+00
3.657063613704516492e+00
4.051008400264397125e+00
4.527189840171810253e+00
5.291458297755764484e+00
5.580212740204372857e+00
6.526205853726354533e+00
7.287780599011216331e+00
8.151760367058564327e+00
9.396818383948204456e+00
1.039608539609507964e+01
1.191562099304002942e+01
1.316867654602998172e+01
1.418253141850091836e+01
1.544212249139893522e+01
1.628185566152421515e+01
1.475820128744813431e+01
1.387417705326588724e+01
9.029060580808558001e+00
2.106881632592807030e+00
-8.872073092535066152e+00
-2.424424796443926411e+01
-4.276384918523728373e+01
-6.529836666065862971e+01
-8.685115258410858985e+01
-1.042438868137148376e+02
-1.209298796364476658e+02
-1.297874287441457284e+02
-1.358940999880050526e+02
-1.400666683074532557e+02
-1.400997437356208195e+02
-1.350583889457701616e+02
-1.351139755569695353e+02
-1.333657639671823461e+02
-1.322806804617512739e+02
-1.281793822835847436e+02
-1.284043961882775591e+02
-1.287722582265357971e+02
-1.281440859574754825e+02
-1.283110395682265619e+02
-1.319027575557672947e+02
-1.347196865697629846e+02
-1.400833899176446664e+02
-1.448615679596981067e+02
-1.481926669806351242e+02
-1.536935416333742239e+02
-1.556590261349251421e+02
-1.602458235355310023e+02
-1.672831199983515091e+02
-1.680590220880709182e+02
-1.747720554487184472e+02
-1.823457738139162529e+02
-1.713971129989703002e+02
-1.697247203869272596e+02
-1.645352648285870032e+02
-1.402470494621450428e+02
-1.173716252301991858e+02
-1.048549021795745517e+02
-8.548096927564378689e+01
-6.775520435420897059e+01
-4.896049734158265920e+01
-3.297486162321131786e+01
-1.643639421201750039e+01
1.139344245510443798e+01
1.498148358616003684e+01
2.548564142324656956e+01
3.665851084513237623e+01
3.966581875720358852e+01
5.026308305570578483e+01
4.777587076749292549e+01
4.548382911266573103e+01
4.652996705235423747e+01
4.688587628698580545e+01
4.075502392250769645e+01
3.590964109544805183e+01
3.764030645494598559e+01
3.825917005371744040e+01
1.755114357821641491e+01
1.209063881749605773e+00
-2.252359048576303024e+01
-6.766719291925778634e+01
-1.114237488539500021e+02
-1.809331401648086910e+02
-2.671510591004881121e+02
-3.544816595161405530e+02
-4.609894296797136235e+02
-5.540070605071044838e+02
-6.681094379289937706e+02
-8.018263938512154709e+02
-8.984985912783264439e+02
-1.012077464719197110e+03
-1.046258727781390689e+03
-1.104418182340840985e+03
-1.066665221351468062e+03
-1.047777368992828087e+03
-9.980280711176249042e+02
-8.853262220903261550e+02
-8.455172886946324979e+02
-7.705442567747579687e+02
-7.400571754137332618e+02
-6.651419740507093366e+02
-6.166189272670642367e+02
-5.629903095316465169e+02
-5.238838596780744865e+02
-4.924235874052347981e+02
-4.815088508311000055e+02
-4.750251247348933248e+02
-4.817813529939190857e+02
-5.002877276054742310e+02
-4.971173109183467886e+02
-5.441247340039965366e+02
-6.761769260372795998e+02
-6.852251738530052307e+02
-7.678935283101708364e+02
-8.782464008626060377e+02
-9.704422890275436657e+02
-1.007052313276436507e+03
-1.087563769617977869e+03
-1.181906905497208982e+03
-1.234072368289243286e+03
-1.129676619453808371e+03
-1.153642121760230339e+03
-9.554219805405385841e+02
-8.295042189480253683e+02
-5.936012234736367645e+02
-3.632092853311323779e+02
-7.148650335216298402e+01
2.454019096663613766e+02
5.038070510160566187e+02
7.665979357922531108e+02
9.690614625707876257e+02
1.273993865839405316e+03
1.469729630433105058e+03
1.540459361886321858e+03
1.671394978399804586e+03
1.831017755064618996e+03
1.917876984562287134e+03
2.045215564275376209e+03
2.217785655046919601e+03
2.284206476715891768e+03
2.310630604581633634e+03
2.414751131135711148e+03
2.348126161234518804e+03
2.295883429368615907e+03
2.218083655446529065e+03
2.195734307197487396e+03
3.842136631284549367e+03
2.949396849016743090e+03
1.918428605235126952e+03
6.863100541959429393e+02
-4.839055913062834406e+02
-1.497698753064872108e+03
-1.925481176623418150e+03
-1.784927131350247464e+03
-1.247814949848665037e+03
-2.650718026817774557e+02
7.611485951609618041e+02
1.776676423482381324e+03
2.758060479836451577e+03
3.414304815337540731e+03
3.856768371178754478e+03
3.625209175627810964e+03
3.427923651605244686e+03
2.773334565237576953e+03
2.404111248144389265e+03
1.038046720893855081e+03
1.974764950471986538e+02
-4.122437716130098124e+02
-1.125845763897218148e+03
-1.740631600854705766e+03
-1.123030385926954068e+03
-7.906928779452847493e+02
-2.917226752945683188e+02
4.133626355796085932e+02
1.258518178769787937e+03
1.440611560632536111e+03
3.895013826533011525e+03
3.917271023011524903e+03
2.134182992169414320e+03
5.264914175750951699e+02
-1.596003049732346881e+03
-2.724884309095145909e+03
-3.357824107780845225e+03
-3.320509264508940305e+03
-2.927240941748836121e+03
-2.473429119196324791e+03
-2.017613935139644809e+03
-2.176771718592090565e+03
-1.891900490228607168e+03
-2.071497843584076236e+03
-1.682582212901499588e+03
