0.000000000000000000e+00
0.000000000000000000e+00
0.000000000000000000e+00
0.000000000000000000e+00
0.000000000000000000e+00
0.000000000000000000e+00
0.000000000000000000e+00
0.000000000000000000e+00
0.000000000000000000e+00
0.000000000000000000e+00
0.000000000000000000e+00
0.000000000000000000e+00
0.000000000000000000e+00
0.000000000000000000e+00
0.000000000000000000e+00
0.000000000000000000e+00
0.000000000000000000e+00
0.000000000000000000e+00
0.000000000000000000e+00
0.000000000000000000e+00
0.000000000000000000e+00
0.000000000000000000e+00
0.000000000000000000e+00
0.000000000000000000e+00
0.000000000000000000e+00
0.000000000000000000e+00
0.000000000000000000e+00
0.000000000000000000e+00
-3.837158661549807358e-03
-4.092969238986460950e-03
-4.357031770533974224e-03
-4.629346256192348047e-03
-4.909912695961580684e-03
-7.003357003225722625e-03
-7.403548831981477882e-03
-7.814857100424893802e-03
-8.237281808555969517e-03
-8.670822956374703294e-03
-1.111079041510730503e-02
-1.166632993586267167e-02
-1.223541920102670308e-02
-1.281805821059940273e-02
-1.341424696458077062e-02
-1.548878266612190892e-02
-1.617717300683843909e-02
-1.688052835496184692e-02
-1.759884871049214108e-02
-1.833213407342931117e-02
-2.196212813152654403e-02
-2.284061325678760426e-02
-2.373632358058319972e-02
-2.464925910291331998e-02
-2.557941982377797546e-02
-3.146864480643028761e-02
-3.261295916302775488e-02
-3.377770770456445942e-02
-3.496289043104040817e-02
-3.616850734245559418e-02
-4.182987402763224671e-02
-4.322420316188665956e-02
-4.464139015080097195e-02
-4.608143499437519774e-02
-4.754433769260933695e-02
-5.463485745320347670e-02
-5.631592999022511786e-02
-5.802247332326225526e-02
-5.975448745231485420e-02
-6.151197237738293550e-02
-6.415946989263458800e-02
-6.599259760385271789e-02
-6.785154401522884571e-02
-6.973630912676297144e-02
-7.164689293845510898e-02
-7.591533703383568366e-02
-7.793974602140463226e-02
-7.999079196933633895e-02
-8.206847487763078985e-02
-8.417279474628798497e-02
-9.119329419823339611e-02
-9.347312655318923413e-02
-9.578110498660132033e-02
-9.811722949846965469e-02
-1.004815000887942095e-01
-1.100438866815574845e-01
-1.126331546034764902e-01
-1.152525302919294309e-01
-1.179020137469163065e-01
-1.205816049684371449e-01
-1.256250335504630611e-01
-1.284167009626955569e-01
-1.312390460387987678e-01
-1.340920687787726384e-01
-1.369757691826172241e-01
-1.419857697090354531e-01
-1.449749438081730235e-01
-1.479952551375099679e-01
-1.510467036970462584e-01
-1.541292894867818952e-01
-1.579512505757809659e-01
-1.611102755872965975e-01
-1.643005780741737532e-01
-1.675221580364124607e-01
-1.707750154740126924e-01
-1.740591503869744761e-01
-1.773745627752978116e-01
-1.807212526389826435e-01
-1.840992199780290550e-01
-1.887624673542562526e-01
-1.922259988653435281e-01
-1.957210170265316074e-01
-1.992475218378204627e-01
-2.028055132992101217e-01
-2.063949914107005568e-01
-2.100159561722917956e-01
-2.136684075839838104e-01
-2.173523456457766567e-01
-2.235832452592183550e-01
-2.273727917890356331e-01
-2.311941832476749059e-01
-2.350474196351361456e-01
-2.389325009514193798e-01
-2.428494271965246365e-01
-2.467981983704518600e-01
-2.507788144732010505e-01
-2.547912755047722633e-01
-2.544129732666490229e-01
-2.584194767826592520e-01
-2.624572811073883072e-01
-2.665263862408361883e-01
-2.706267921830028955e-01
-2.747584989338884287e-01
-2.789215064934927879e-01
-2.831158148618159731e-01
-2.873414240388580398e-01
-2.899563789390669499e-01
-2.942204433352297310e-01
-2.985156322890286651e-01
-3.028419458004638631e-01
-3.071993838695353252e-01
-3.115879464962429402e-01
-3.160076336805868191e-01
-3.204584454225669066e-01
-3.249403817221832580e-01
-3.317417369207002475e-01
-3.363174850161582130e-01
-3.409245738519959823e-01
-3.455630034282136109e-01
-3.502327737448110989e-01
-3.549338848017883907e-01
-3.596663365991455974e-01
-3.644301291368826079e-01
-3.692252624149994777e-01
-3.609197759951204287e-01
-3.656070458132388845e-01
-3.703245560817968185e-01
-3.750723068007942307e-01
-3.798502979702311211e-01
-3.846585295901074342e-01
-3.894970016604232810e-01
-3.943657141811785505e-01
-3.992646671523732982e-01
-4.042493812123562624e-01
-4.092094963192563495e-01
-4.141998560304667176e-01
-4.192204603459875889e-01
-4.242713092658187413e-01
-4.293524027899602857e-01
-4.344637409184121668e-01
-4.396053236511744955e-01
-4.447771509882471053e-01
-4.497456798052582583e-01
-4.549752807332263504e-01
-4.602351105682925270e-01
-4.655251693104568989e-01
-4.708454569597191885e-01
-4.761959735160796736e-01
-4.815767189795382430e-01
-4.869876933500948413e-01
-4.924288966277495239e-01
-5.059847057150910210e-01
-5.115756969384622765e-01
-5.171974078938299524e-01
-5.228498385811942706e-01
-5.285329890005550091e-01
-5.342468591519123899e-01
-5.399914490352663021e-01
-5.457667586506167456e-01
-5.515727879979637205e-01
-5.543397047055798055e-01
-5.601748594919543356e-01
-5.660405648269486445e-01
-5.719368207105626212e-01
-5.778636271427964877e-01
-5.838209841236500219e-01
-5.898088916531234460e-01
-5.958273497312164269e-01
-6.018763583579294085e-01
-6.105438174911584914e-01
-6.166799362599137968e-01
-6.228467356225129148e-01
-6.290442155789559564e-01
-6.352723761292425886e-01
-6.415312172733730334e-01
-6.478207390113472908e-01
-6.541409413431652498e-01
-6.604918242688270213e-01
-6.859633240184467295e-01
-6.925591252109317697e-01
-6.991864852607971859e-01
-7.058454041680428670e-01
-7.125358819326689241e-01
-7.192579185546751352e-01
-7.260115140340618334e-01
-7.327966683708286855e-01
-7.396133815649760246e-01
-7.553560917433685962e-01
-7.623178990405424793e-01
-7.693116412335749832e-01
-7.763373183224661078e-01
-7.833949303072157422e-01
-7.904844771878241083e-01
-7.976059589642908731e-01
-8.047593756366163698e-01
-8.119447272048004871e-01
-8.399123038459338497e-01
-8.473451560923580539e-01
-8.548107521812774445e-01
-8.623090921126922437e-01
-8.698401758866022293e-01
-8.774040035030074014e-01
-8.850005749619078710e-01
-8.926298902633036381e-01
-9.002919494071947026e-01
-9.399789341715860669e-01
-9.479787548879400338e-01
-9.560124731497021688e-01
-9.640800889568726939e-01
-9.721816023094514980e-01
-9.803170132074384702e-01
-9.884863216508337214e-01
-9.966895276396373626e-01
-1.004926631173849394e+00
-1.072398690433496782e+00
-1.081188843633771324e+00
-1.090014875010373530e+00
-1.098876784563303399e+00
-1.107774572292560933e+00
-1.116708238198146130e+00
-1.125677782280058992e+00
-1.134683204538299517e+00
-1.143724504972867484e+00
-1.205594856058812780e+00
-1.215125250177854888e+00
-1.224693165533585981e+00
-1.234298602126006283e+00
-1.243941559955115794e+00
-1.253622039020914292e+00
-1.263340039323401998e+00
-1.273095560862578690e+00
-1.282888603638444813e+00
-1.367703432175238598e+00
-1.378143916390316859e+00
-1.388624098264007234e+00
-1.399143977796310612e+00
-1.409703554987225882e+00
-1.420302829836753933e+00
-1.430941802344894542e+00
-1.441620472511647488e+00
-1.452338840337012771e+00
-1.548480179625071784e+00
-1.559908077629684753e+00
-1.571377989965196953e+00
-1.582889916631608829e+00
-1.594443857628919936e+00
-1.606039812957130275e+00
-1.617677782616239845e+00
-1.629357766606248870e+00
-1.641079764927156903e+00
-1.739235390227963363e+00
-1.751658500158163045e+00
-1.764125820443986026e+00
-1.776637351085432970e+00
-1.789193092082502989e+00
-1.801793043435196751e+00
-1.814437205143513809e+00
-1.827125577207454610e+00
-1.839858159627018708e+00
-1.945091278006980673e+00
-1.958552117301146422e+00
-1.972059373282533778e+00
-1.985613045951142297e+00
-1.999213135306971978e+00
-2.012859641350023043e+00
-2.026552564080295049e+00
-2.040291903497788439e+00
-2.054077659602503658e+00
-2.191069913939074354e+00
-2.205775081146719163e+00
-2.220529429515593289e+00
-2.235332959045697176e+00
-2.250185669737030825e+00
-2.265087561589594234e+00
-2.280038634603386960e+00
-2.295038888778409003e+00
-2.310088324114660807e+00
-2.421949959792465634e+00
-2.437728135426292742e+00
-2.453557538903087032e+00
-2.469438170222848061e+00
-2.485370029385576274e+00
-2.501353116391271225e+00
-2.517387431239932916e+00
-2.533472973931562233e+00
-2.549609744466157846e+00
-2.723581903819687788e+00
-2.740819763970445244e+00
-2.758112002228934045e+00
-2.775458618595154192e+00
-2.792859613069104796e+00
-2.810314985650786301e+00
-2.827824736340199596e+00
-2.845388865137343792e+00
-2.863007372042218890e+00
-3.083351601467276826e+00
-3.102326072860921435e+00
-3.121358748154546614e+00
-3.140449627348152806e+00
-3.159598710441738678e+00
-3.178805997435305564e+00
-3.198071488328853018e+00
-3.217395183122381042e+00
-3.236777081815889190e+00
-3.584929787204313989e+00
-3.606396432636675087e+00
-3.627927157607640396e+00
-3.649521962117209473e+00
-3.671180846165382761e+00
-3.692903809752160260e+00
-3.714690852877541971e+00
-3.736541975541527449e+00
-3.758457177744116695e+00
-3.997240631546742584e+00
-4.020548157095119812e+00
-4.043923437078230876e+00
-4.067366471496075775e+00
-4.090877260348653621e+00
-4.114455803635966191e+00
-4.138102101358011708e+00
-4.161816153514791061e+00
-4.185597960106305138e+00
-4.468317974509981916e+00
-4.493706144819697101e+00
-4.519166236291763283e+00
-4.544698248926180462e+00
-4.570302182722947748e+00
-4.595978037682066031e+00
-4.621725813803533534e+00
-4.647545511087352033e+00
-4.673437129533521528e+00
-4.930721207632370096e+00
-4.958038222633103231e+00
-4.985430699001242694e+00
-5.012898636736786706e+00
-5.040442035839735269e+00
-5.068060896310090158e+00
-5.095755218147850485e+00
-5.123525001353016251e+00
-5.151370245925586566e+00
-5.395884815452359540e+00
-5.425051760400750211e+00
-5.454297322451428620e+00
-5.483621501604393877e+00
-5.513024297859645095e+00
-5.542505711217182274e+00
-5.572065741677008077e+00
-5.601704389239118953e+00
-5.631421653903518454e+00
-5.577621129661137545e+00
-5.607054486545893113e+00
-5.636565299632976256e+00
-5.666153568922388750e+00
-5.695819294414128819e+00
-5.725562476108198240e+00
-5.755383114004594347e+00
-5.785281208103318917e+00
-5.815256758404372839e+00
-5.659717160812560266e+00
-5.688890960610563319e+00
-5.718139757323213779e+00
-5.747463550950512534e+00
-5.776862341492458697e+00
-5.806336128949053155e+00
-5.835884913320295020e+00
-5.865508694606185180e+00
-5.895207472806721860e+00
-5.923460880658152128e+00
-5.953301993407059456e+00
-5.983218083826190359e+00
-6.013209151915544837e+00
-6.043275197675122890e+00
-6.073416221104923629e+00
-6.103632222204947944e+00
-6.133923200975195833e+00
-6.164289157415667297e+00
-6.050629744437015844e+00
-6.080435802291385805e+00
-6.110315093703136746e+00
-6.140267618672270444e+00
-6.170293377198785123e+00
-6.200392369282681670e+00
-6.230564594923960087e+00
-6.260810054122619484e+00
-6.291128746878661637e+00
-6.350482347194395416e+00
-6.381087081397742722e+00
-6.411765384673693724e+00
-6.442517257022247534e+00
-6.473342698443406817e+00
-6.504241708937170685e+00
-6.535214288503537361e+00
-6.566260437142509510e+00
-6.597380154854085355e+00
-6.488034431104114041e+00
-6.518638367099888420e+00
-6.549314312356828260e+00
-6.580062266874936228e+00
-6.610882230654210545e+00
-6.641774203694650325e+00
-6.672738185996256455e+00
-6.703774177559029823e+00
-6.734882178382970430e+00
-7.010786628463452352e+00
-7.043169014738110967e+00
-7.075626014806028152e+00
-7.108157628667204797e+00
-7.140763856321641789e+00
-7.173444697769338241e+00
-7.206200153010294152e+00
-7.239030222044509522e+00
-7.271934904871984351e+00
-7.271635424517970847e+00
-7.304538752230723020e+00
-7.337516353820928927e+00
-7.370568229288591233e+00
-7.403694378633707274e+00
-7.436894801856280601e+00
-7.470169498956308551e+00
-7.503518469933792012e+00
-7.536941714788730984e+00
-7.575876098196908437e+00
-7.609472001071396541e+00
-7.643142231164632427e+00
-7.676886788476617873e+00
-7.710705673007351990e+00
-7.744598884756834778e+00
-7.778566423725066237e+00
-7.812608289912046367e+00
-7.846724483317776055e+00
-7.800105440567782544e+00
-7.834018942483293557e+00
-7.868006009478883733e+00
-7.902066641554549520e+00
-7.936200838710291805e+00
-7.970408600946113253e+00
-8.004689928262010312e+00
-8.039044820657984758e+00
-8.073473278134036590e+00
-8.222192051821869185e+00
-8.257254704494883413e+00
-8.292391958556562415e+00
-8.327603814006909744e+00
-8.362890270845921847e+00
-8.398251329073600502e+00
-8.433686988689943931e+00
-8.469197249694955687e+00
-8.504782112088630441e+00
-8.524342856508384969e+00
-8.560009563020971157e+00
-8.595750730298719944e+00
-8.631566358341631329e+00
-8.667456447149705312e+00
-8.703420996722941894e+00
-8.739460007061337521e+00
-8.775573478164897523e+00
-8.811761410033618347e+00
-8.892883007262875950e+00
-8.929404087374839705e+00
-8.966000005765719649e+00
-9.002670762435517560e+00
-9.039416357384233436e+00
-9.076236790611869054e+00
-9.113132062118420862e+00
-9.150102171903890635e+00
-9.187147119968278375e+00
-8.984247155517261163e+00
-9.020473958563700378e+00
-9.056773652561945553e+00
-9.093146237511993135e+00
-9.129591713413844900e+00
-9.166110080267499072e+00
-9.202701338072959203e+00
-9.239365486830221741e+00
-9.276102526539288462e+00
-9.159283994508118809e+00
-9.195558386565577891e+00
-9.231904467144888216e+00
-9.268322236246049783e+00
-9.304811693869067923e+00
-9.341372840013935530e+00
-9.378005674680656156e+00
-9.414710197869229802e+00
-9.451486409579658243e+00
-9.150962592650309091e+00
-9.186569450987470020e+00
-9.222245448855382222e+00
-9.257990586254047471e+00
-9.293804863183462217e+00
-9.329688279643631788e+00
-9.365640835634550854e+00
-9.401662531156221192e+00
-9.437753366208644579e+00
-9.289066664920831329e+00
-9.324588908381331365e+00
-9.360178942382786360e+00
-9.395836766925196315e+00
-9.431562382008563006e+00
-9.467355787632884656e+00
-9.503216983798159490e+00
-9.539145970504391059e+00
-9.575142747751577588e+00
-9.884568672419021595e+00
-9.921728705022101025e+00
-9.958958456260457837e+00
-9.996257926134093807e+00
-1.003362711464300538e+01
-1.007106602178719612e+01
-1.010857464756666424e+01
-1.014615299198140974e+01
-1.018380105503143440e+01
-1.019127618573803495e+01
-1.022895188328235427e+01
-1.026669709318376356e+01
-1.030451181544226813e+01
-1.034239605005786444e+01
-1.038034979703055427e+01
-1.041837305636033584e+01
-1.045646582804721092e+01
-1.049462811209117952e+01
-1.027358319121124808e+01
-1.031094167554292440e+01
-1.034836796111658330e+01
-1.038586204793222301e+01
-1.042342393598984529e+01
-1.046105362528944660e+01
-1.049875111583103227e+01
-1.053651640761459518e+01
-1.057434950064014068e+01
-1.086074029789829076e+01
-1.089959804493907214e+01
-1.093852518081385483e+01
-1.097752170552263884e+01
-1.101658761906542416e+01
-1.105572292144221080e+01
-1.109492761265299876e+01
-1.113420169269778803e+01
-1.117354516157657862e+01
-1.088629680091709062e+01
-1.092462883190623479e+01
-1.096302823026091389e+01
-1.100149499598112790e+01
-1.104002912906687506e+01
-1.107863062951815891e+01
-1.111729949733497591e+01
-1.115603573251732783e+01
-1.119483933506521467e+01
-1.093752802336639007e+01
-1.097543973228620295e+01
-1.101341703239791947e+01
-1.105145992370153962e+01
-1.108956840619706341e+01
-1.112774247988448728e+01
-1.116598214476381656e+01
-1.120428740083504593e+01
-1.124265824809818071e+01
-1.104319920847646941e+01
-1.108088930816410311e+01
-1.111864361585801753e+01
-1.115646213155821620e+01
-1.119434485526469558e+01
-1.123229178697745745e+01
-1.127030292669650180e+01
-1.130837827442182686e+01
-1.134651783015343440e+01
-1.104948982618019926e+01
-1.108663096845307550e+01
-1.112383442807875689e+01
-1.116110020505724520e+01
-1.119842829938853868e+01
-1.123581871107264085e+01
-1.127327144010954996e+01
-1.131078648649926599e+01
-1.134836385024178895e+01
-1.085692200002535479e+01
-1.089287207287311965e+01
-1.092888156732889904e+01
-1.096495048339269118e+01
-1.100107882106449608e+01
-1.103726658034431196e+01
-1.107351376123214415e+01
-1.110982036372798731e+01
-1.114618638783184146e+01
-1.059724271507231030e+01
-1.063181773208722625e+01
-1.066644906020477457e+01
-1.070113669942495349e+01
-1.073588064974776302e+01
-1.077068091117319959e+01
-1.080553748370126854e+01
-1.084045036733196810e+01
-1.087541956206529647e+01
-1.015956539361064692e+01
-1.019223280645183749e+01
-1.022495265494767125e+01
-1.025772493909814465e+01
-1.029054965890325768e+01
-1.032342681436301390e+01
-1.035635640547740799e+01
-1.038933843224644527e+01
-1.042237289467012218e+01
-9.312078031066825190e+00
-9.341593333859430359e+00
-9.371155338080503938e+00
-9.400764043730047703e+00
-9.430419450808059878e+00
-9.460121559314542239e+00
-9.489870369249493010e+00
-9.519665880612913966e+00
-9.549508093404805109e+00
-8.518667317375339110e+00
-8.545288152742138266e+00
-8.571950518273313335e+00
-8.598654413968869648e+00
-8.625399839828803650e+00
-8.652186795853117118e+00
-8.679015282041808277e+00
-8.705885298394878902e+00
-8.732796844912328993e+00
-7.385481320209714262e+00
-7.408240892845184611e+00
-7.431035480207785149e+00
-7.453865082297516764e+00
-7.476729699114380345e+00
-7.499629330658375004e+00
-7.522563976929501628e+00
-7.545533637927759330e+00
-7.568538313653148997e+00
-6.400722977977166828e+00
-6.420178063016611425e+00
-6.439662670188134541e+00
-6.459176799491734400e+00
-6.478720450927412777e+00
-6.498293624495169674e+00
-6.517896320195004201e+00
-6.537528538026917246e+00
-6.557190277990907035e+00
-5.957075294743559901e+00
-5.974937589480422417e+00
-5.992826624179464545e+00
-6.010742398840688949e+00
-6.028684913464093853e+00
-6.046654168049680145e+00
-6.064650162597447824e+00
-6.082672897107395116e+00
-6.100722371579523795e+00
-5.416780095990803012e+00
-5.432806072606160441e+00
-5.448855721269693753e+00
-5.464929041981403834e+00
-5.481026034741289799e+00
-5.497146699549352533e+00
-5.513291036405592038e+00
-5.529459045310006537e+00
-5.545650726262597807e+00
-5.138039499098653984e+00
-5.153041074278504219e+00
-5.168064517643747635e+00
-5.183109829194384233e+00
-5.198177008930414900e+00
-5.213266056851837860e+00
-5.228376972958654889e+00
-5.243509757250865100e+00
-5.258664409728469380e+00
-6.408935599567612940e+00
-6.427405154609594717e+00
-6.445901284550917154e+00
-6.464423989391581138e+00
-6.482973269131585781e+00
-6.501549123770931082e+00
-6.520151553309617043e+00
-6.538780557747644551e+00
-6.557436137085013605e+00
-6.337587829567591591e+00
-6.355617951415578837e+00
-6.373673684232100456e+00
-6.391755028017155560e+00
-6.409861982770745037e+00
-6.427994548492869775e+00
-6.446152725183527110e+00
-6.464336512842718818e+00
-6.482545911470444899e+00
-8.163141906565449801e+00
-8.186072080460295552e+00
-8.209034414486831466e+00
-8.232028908645059317e+00
-8.255055562934973779e+00
-8.278114377356580178e+00
-8.301205351909876740e+00
-8.324328486594863463e+00
-8.347483781411538573e+00
-8.103073035378958622e+00
-8.125550353091520961e+00
-8.148058802823076263e+00
-8.170598384573624529e+00
-8.193169098343165757e+00
-8.215770944131696396e+00
-8.238403921939223551e+00
-8.261068031765740116e+00
-8.283763273611251421e+00
-9.653394232917490214e+00
-9.679841888350141588e+00
-9.706325723885981915e+00
-9.732845739525014750e+00
-9.759401935267238315e+00
-9.785994311112654387e+00
-9.812622867061259413e+00
-9.839287603113056946e+00
-9.865988519268045209e+00
-1.170451592111609251e+01
-1.173619255419083096e+01
-1.176791199352648221e+01
-1.179967423912304625e+01
-1.183147929098051954e+01
-1.186332714909890562e+01
-1.189521781347820450e+01
-1.192715128411841441e+01
-1.195912756101953534e+01
-1.327245451140955446e+01
-1.330794235769674572e+01
-1.334347758428605779e+01
-1.337906019117748535e+01
-1.341469017837103550e+01
-1.345036754586670114e+01
-1.348609229366448936e+01
-1.352186442176439485e+01
-1.355768393016641937e+01
-1.528845959596020876e+01
-1.532885182738943008e+01
-1.536929734672291303e+01
-1.540979615396065228e+01
-1.545034824910265314e+01
-1.549095363214891741e+01
-1.553161230309943797e+01
-1.557232426195422015e+01
-1.561308950871326395e+01
-1.567996156262410246e+01
-1.572090141004609976e+01
-1.576189463406186420e+01
-1.580294123467140111e+01
-1.584404121187470693e+01
-1.588519456567178345e+01
-1.592640129606263244e+01
-1.596766140304724857e+01
-1.600897488662564072e+01
-1.702024439651024679e+01
-1.706416760785607778e+01
-1.710814742127838528e+01
-1.715218383677717284e+01
-1.719627685435243691e+01
-1.724042647400417749e+01
-1.728463269573239103e+01
-1.732889551953708462e+01
-1.737321494541825118e+01
-1.764329316346822196e+01
-1.768830156439543444e+01
-1.773336730086523261e+01
-1.777849037287761291e+01
-1.782367078043257180e+01
-1.786890852353011994e+01
-1.791420360217024310e+01
-1.795955601635295551e+01
-1.800496576607824650e+01
-1.907957404174030813e+01
-1.912769402671317209e+01
-1.917587461620111711e+01
-1.922411581020413607e+01
-1.927241760872223963e+01
-1.932078001175541715e+01
-1.936920301930367572e+01
-1.941768663136701889e+01
-1.946623084794543246e+01
-1.904755638555466746e+01
-1.909505652616702420e+01
-1.914261582013007867e+01
-1.919023426744383798e+01
-1.923791186810829501e+01
-1.928564862212344977e+01
-1.933344452948930936e+01
-1.938129959020586313e+01
-1.942921380427312528e+01
-1.884777014868823386e+01
-1.889425046964677790e+01
-1.894078803237989561e+01
-1.898738283688759410e+01
-1.903403488316987691e+01
-1.908074417122673339e+01
-1.912751070105817064e+01
-1.917433447266418867e+01
-1.922121548604478392e+01
-2.041613462526001044e+01
-2.046593007556552379e+01
-2.051578617806385552e+01
-2.056570293275500916e+01
-2.061568033963898472e+01
-2.066571839871577865e+01
-2.071581710998539094e+01
-2.076597647344782516e+01
-2.081619648910308129e+01
-1.992980388933458613e+01
-1.997788544274673583e+01
-2.002602492574130366e+01
-2.007422233831830027e+01
-2.012247768047771856e+01
-2.017079095221956209e+01
-2.021916215354383084e+01
-2.026759128445052127e+01
-2.031607834493963693e+01
-2.041092014153035450e+01
-2.045963355475596401e+01
-2.050840502926074649e+01
-2.055723456504470192e+01
-2.060612216210782677e+01
-2.065506782045012812e+01
-2.070407154007159534e+01
-2.075313332097224261e+01
-2.080225316315205930e+01
-2.098368255330293763e+01
-2.103323080018205005e+01
-2.108283747659757168e+01
-2.113250258254950964e+01
-2.118222611803786037e+01
-2.123200808306262743e+01
-2.128184847762380727e+01
-2.133174730172140343e+01
-2.138170455535540881e+01
-2.143712502014237131e+01
-2.148721176084363549e+01
-2.153735694581643401e+01
-2.158756057506075976e+01
-2.163782264857661630e+01
-2.168814316636400719e+01
-2.173852212842292531e+01
-2.178895953475337066e+01
-2.183945538535534681e+01
-2.211084526885421297e+01
-2.216196861051630407e+01
-2.221315098606022076e+01
-2.226439239548596660e+01
-2.231569283879353804e+01
-2.236705231598293508e+01
-2.241847082705416483e+01
-2.246994837200721662e+01
-2.252148495084209401e+01
-2.172909410796228968e+01
-2.177881743544046600e+01
-2.182859758957861374e+01
-2.187843457037674000e+01
-2.192832837783483768e+01
-2.197827901195291389e+01
-2.202828647273096507e+01
-2.207835076016898768e+01
-2.212847187426698881e+01
-2.179763659052575875e+01
-2.184700836083272790e+01
-2.189643598155859294e+01
-2.194591945270335742e+01
-2.199545877426702134e+01
-2.204505394624958825e+01
-2.209470496865105105e+01
-2.214441184147141328e+01
-2.219417456471067496e+01
-2.095042319429692057e+01
-2.099739723733345897e+01
-2.104442388288179799e+01
-2.109150313094193763e+01
-2.113863498151387432e+01
-2.118581943459761163e+01
-2.123305649019314600e+01
-2.128034614830048099e+01
-2.132768840891961304e+01
-1.955992286070448571e+01
-1.960334111344744912e+01
-1.964680750172560408e+01
-1.969032202553894706e+01
-1.973388468488748515e+01
-1.977749547977121480e+01
-1.982115441019013602e+01
-1.986486147614424880e+01
-1.990861667763355314e+01
-1.730906021027836061e+01
-1.734710210085039961e+01
-1.738518574980945885e+01
-1.742331115715553125e+01
-1.746147832288862034e+01
-1.749968724700872613e+01
-1.753793792951584862e+01
-1.757623037040998781e+01
-1.761456456969114370e+01
-1.322583961768006411e+01
-1.325462272892637650e+01
-1.328343712616317163e+01
-1.331228280939045483e+01
-1.334115977860822078e+01
-1.337006803381647302e+01
-1.339900757501520978e+01
-1.342797840220443106e+01
-1.345698051538413864e+01
-1.149574794782049025e+01
-1.152052326667355331e+01
-1.154532525433054602e+01
-1.157015391079147193e+01
-1.159500923605633105e+01
-1.161989123012511982e+01
-1.164479989299784357e+01
-1.166973522467449875e+01
-1.169469722515508536e+01
-1.073386976221149425e+01
-1.075678090364631068e+01
-1.077971647060504523e+01
-1.080267646308769613e+01
-1.082566088109426694e+01
-1.084866972462475410e+01
-1.087170299367915938e+01
-1.089476068825748278e+01
-1.091784280835972254e+01
-4.656260695467092425e+00
-4.666104798417340049e+00
-4.675959296407661725e+00
-4.685824189438056564e+00
-4.695699477508527231e+00
-4.705585160619071061e+00
-4.715481238769689831e+00
-4.725387711960382653e+00
-4.735304580191149526e+00
-5.091525880936227821e+00
-5.102188762362272811e+00
-5.112862797429976069e+00
-5.123547986139338484e+00
-5.134244328490360054e+00
-5.144951824483040781e+00
-5.155670474117379776e+00
-5.166400277393378815e+00
-5.177141234311037010e+00
-3.504470435248838722e-01
-3.511741120799147797e-01
-3.519019340738627766e-01
-3.526305095067279183e-01
-3.533598383785102048e-01
-3.540899206892095807e-01
-3.548207564388261570e-01
-3.555523456273598226e-01
-3.562846882548105776e-01
-3.845553628724860951e-01
-3.853458158280307910e-01
-3.861370803369179594e-01
-3.869291563991474892e-01
-3.877220440147195468e-01
-3.885157431836339659e-01
-3.893102539058909128e-01
-3.901055761814902767e-01
-3.909017100104320575e-01
1.773170475061268903e+00
1.776781820224326403e+00
1.780396839187142977e+00
1.784015531949718403e+00
1.787637898512052903e+00
1.791263938874146255e+00
1.794893653035998904e+00
1.798527040997609960e+00
1.802164102758980535e+00
1.713970482206362611e+00
1.717429554824337012e+00
1.720892114410676577e+00
1.724358160965380637e+00
1.727827694488449861e+00
1.731300714979884026e+00
1.734777222439682909e+00
1.738257216867846955e+00
1.741740698264375498e+00
-1.877511401100028010e+00
-1.881266423902228313e+00
-1.885025197975959133e+00
-1.888787723321220469e+00
-1.892553999938012543e+00
-1.896324027826335135e+00
-1.900097806986188687e+00
-1.903875337417572755e+00
-1.907656619120487340e+00
-7.184860911961439278e+00
-7.199102459854326064e+00
-7.213358108289681603e+00
-7.227627857267505007e+00
-7.241911706787797165e+00
-7.256209656850556300e+00
-7.270521707455784188e+00
-7.284847858603479942e+00
-7.299188110293644449e+00
-1.113571533193434249e+01
-1.115759296519943966e+01
-1.117949206817333341e+01
-1.120141264085602728e+01
-1.122335468324751773e+01
-1.124531819534780652e+01
-1.126730317715689367e+01
-1.128930962867477739e+01
-1.131133754990146123e+01
-2.552099535123648621e+01
-2.557069543955437751e+01
-2.562044387426168157e+01
-2.567024065535839839e+01
-2.572008578284453151e+01
-2.576997925672007739e+01
-2.581992107698504313e+01
-2.586991124363941452e+01
-2.591994975668320578e+01
-3.418808305833056238e+01
-3.425408321867482897e+01
-3.432014702430390685e+01
-3.438627447521778180e+01
-3.445246557141647514e+01
-3.451872031289996556e+01
-3.458503869966826727e+01
-3.465142073172137316e+01
-3.471786640905928323e+01
-4.501729755567706803e+01
-4.510345506296066276e+01
-4.518969493879806265e+01
-4.527601718318927482e+01
-4.536242179613429215e+01
-4.544890877763311465e+01
-4.553547812768574943e+01
-4.562212984629219648e+01
-4.570886393345244159e+01
-5.879819689019301876e+01
-5.890976842129396118e+01
-5.902144570740068019e+01
-5.913322874851317579e+01
-5.924511754463146218e+01
-5.935711209575553227e+01
-5.946921240188537894e+01
-5.958141846302100930e+01
-5.969373027916243046e+01
-6.629332376828558893e+01
-6.641805250538490668e+01
-6.654289846874088710e+01
-6.666786165835354439e+01
-6.679294207422287855e+01
-6.691813971634887537e+01
-6.704345458473154906e+01
-6.716888667937089963e+01
-6.729443600026692707e+01
-7.292297758801241514e+01
-7.305902791933333162e+01
-7.319520504499844549e+01
-7.333150896500775673e+01
-7.346793967936125114e+01
-7.360449718805895714e+01
-7.374118149110084630e+01
-7.387799258848693285e+01
-7.401493048021721677e+01
-7.798796745824853360e+01
-7.813225601968841261e+01
-7.827667793469707647e+01
-7.842123320327453939e+01
-7.856592182542080138e+01
-7.871074380113586244e+01
-7.885569913041972256e+01
-7.900078781327238175e+01
-7.914600984969384001e+01
-8.162294291739809182e+01
-8.177270978513644195e+01
-8.192261392773063733e+01
-8.207265534518069217e+01
-8.222283403748660646e+01
-8.237315000464838022e+01
-8.252360324666599922e+01
-8.267419376353947769e+01
-8.282492155526881561e+01
-8.773003127524238209e+01
-8.788968556327741055e+01
-8.804948499157427477e+01
-8.820942956013298897e+01
-8.836951926895355314e+01
-8.852975411803596728e+01
-8.869013410738024561e+01
-8.885065923698635970e+01
-8.901132950685432377e+01
-9.200547328288800486e+01
-9.217154814440945643e+01
-9.233777275783489813e+01
-9.250414712316432997e+01
-9.267067124039775194e+01
-9.283734510953516406e+01
-9.300416873057655209e+01
-9.317114210352193027e+01
-9.333826522837129858e+01
-9.470295020069369230e+01
-9.487251680803602483e+01
-9.504223508497348405e+01
-9.521210503150605575e+01
-9.538212664763373994e+01
-9.555229993335655081e+01
-9.572262488867447416e+01
-9.589310151358752421e+01
-9.606372980809568674e+01
-9.358965291544585341e+01
-9.375588675721397180e+01
-9.392226810017264427e+01
-9.408879694432188501e+01
-9.425547328966169403e+01
-9.442229713619207132e+01
-9.458926848391301689e+01
-9.475638733282451653e+01
-9.492365368292659866e+01
-9.569847817494650144e+01
-9.586710985454993761e+01
-9.603588997753330148e+01
-9.620481854389659304e+01
-9.637389555363982652e+01
-9.654312100676298769e+01
-9.671249490326607656e+01
-9.688201724314910734e+01
-9.705168802641205161e+01
-8.743444449136076457e+01
-8.758730191180019631e+01
-8.774029283217015518e+01
-8.789341725247062698e+01
-8.804667517270161170e+01
-8.820006659286310935e+01
-8.835359151295513414e+01
-8.850724993297765764e+01
-8.866104185293070827e+01
-8.997638081305980506e+01
-9.013245432704603388e+01
-9.028866308671162244e+01
-9.044500709205658495e+01
-9.060148634308089299e+01
-9.075810083978457499e+01
-9.091485058216763093e+01
-9.107173557023004662e+01
-9.122875580397182205e+01
-8.485159580835841098e+01
-8.499763986310601638e+01
-8.514380949313715519e+01
-8.529010469845181319e+01
-8.543652547905001882e+01
-8.558307183493175785e+01
-8.572974376609701608e+01
-8.587654127254580771e+01
-8.602346435427813276e+01
-7.766560358843733525e+01
-7.779825192932278810e+01
-7.793101345138649094e+01
-7.806388815462840114e+01
-7.819687603904856132e+01
-7.832997710464694308e+01
-7.846319135142354639e+01
-7.859651877937838549e+01
-7.872995938851146036e+01
-7.144377962758028389e+01
-7.156487077949144293e+01
-7.168606446413070898e+01
-7.180736068149811047e+01
-7.192875943159361896e+01
-7.205026071441726288e+01
-7.217186452996901380e+01
-7.229357087824890016e+01
-7.241537975925690773e+01
-5.961298960051275486e+01
-5.971326376300310557e+01
-5.981362218949554688e+01
-5.991406487999008590e+01
-6.001459183448670842e+01
-6.011520305298543576e+01
-6.021589853548624660e+01
-6.031667828198915515e+01
-6.041754229249415431e+01
-4.651106125184971063e+01
-4.658870910035029311e+01
-4.666642170935838152e+01
-4.674419907887397585e+01
-4.682204120889708321e+01
-4.689994809942769649e+01
-4.697791975046581570e+01
-4.705595616201144082e+01
-4.713405733406457188e+01
-3.109802848759124672e+01
-3.114955794655990928e+01
-3.120113006236547548e+01
-3.125274483500793465e+01
-3.130440226448728325e+01
-3.135610235080352837e+01
-3.140784509395667357e+01
-3.145963049394670819e+01
-3.151145855077363933e+01
-1.609797114844015908e+01
-1.612444807467114671e+01
-1.615094675679879188e+01
-1.617746719482309103e+01
-1.620400938874404773e+01
-1.623057333856165840e+01
-1.625715904427593017e+01
-1.628376650588685592e+01
-1.631039572339443922e+01
-1.932411349901028919e+00
-1.935566307206989967e+00
-1.938723837887588397e+00
-1.941883941942824876e+00
-1.945046619372699404e+00
-1.948211870177211313e+00
-1.951379694356361272e+00
-1.954550091910149279e+00
-1.957723062838574668e+00
1.227172694747588011e+01
1.229161629423029645e+01
1.231152174571893099e+01
1.233144330194177662e+01
1.235138096289883691e+01
1.237133472859011007e+01
1.239130459901559966e+01
1.241129057417530213e+01
1.243129265406921924e+01
3.271821382687208768e+01
3.277085777510518483e+01
3.282354404162464334e+01
3.287627262643047032e+01
3.292904352952265157e+01
3.298185675090119418e+01
3.303471229056610525e+01
3.308761014851737059e+01
3.314055032475499729e+01
5.006441683893649497e+01
5.014439194570795877e+01
5.022443087938027872e+01
5.030453363995344773e+01
5.038470022742748000e+01
5.046493064180236843e+01
5.054522488307810590e+01
5.062558295125469954e+01
5.070600484633214933e+01
6.657763243699248790e+01
6.668322741310191759e+01
6.678890606193408530e+01
6.689466838348900524e+01
6.700051437776667740e+01
6.710644404476710179e+01
6.721245738449027840e+01
6.731855439693619303e+01
6.742473508210485988e+01
7.434234657848389816e+01
7.445942114002480139e+01
7.457658781373059753e+01
7.469384659960122974e+01
7.481119749763675486e+01
7.492864050783711605e+01
7.504617563020235593e+01
7.516380286473244610e+01
7.528152221142741496e+01
7.878507206066721835e+01
7.890826998413973570e+01
7.903156415598994045e+01
7.915495457621787523e+01
7.927844124482352584e+01
7.940202416180689227e+01
7.952570332716794610e+01
7.964947874090672997e+01
7.977335040302322966e+01
7.617425276359232100e+01
7.629253576477802312e+01
7.641091052934712025e+01
7.652937705729958395e+01
7.664793534863545688e+01
7.676658540335469638e+01
7.688532722145734510e+01
7.700416080294336041e+01
7.712308614781277072e+01
7.135452766476691977e+01
7.146455777681744337e+01
7.157467265782949539e+01
7.168487230780306163e+01
7.179515672673814208e+01
7.190552591463473675e+01
7.201597987149285984e+01
7.212651859731249715e+01
7.223714209209364867e+01
5.889902161405350256e+01
5.898921919692340765e+01
5.907948579095084085e+01
5.916982139613578084e+01
5.926022601247822763e+01
5.935069963997820253e+01
5.944124227863567711e+01
5.953185392845067270e+01
5.962253458942318218e+01
4.744542568246979641e+01
4.751758602571310064e+01
4.758980120204397224e+01
4.766207121146241121e+01
4.773439605396842467e+01
4.780677572956200549e+01
4.787921023824316791e+01
4.795169958001189059e+01
4.802424375486818775e+01
2.036348753162608816e+01
2.039424808680981371e+01
2.042503185750688743e+01
2.045583884371730576e+01
2.048666904544106870e+01
2.051752246267817625e+01
2.054839909542863197e+01
2.057929894369243584e+01
2.061022200746958433e+01
8.050890852087350114e-01
8.062970208204509603e-01
8.075058619311263897e-01
8.087156085407610773e-01
8.099262606493550232e-01
8.111378182569082274e-01
8.123502813634208009e-01
8.135636499688926326e-01
8.147779240733238337e-01
-2.581265284387124126e+01
-2.585112177508416664e+01
-2.588961935032628503e+01
-2.592814556959760708e+01
-2.596670043289812213e+01
-2.600528394022783729e+01
-2.604389609158674901e+01
-2.608253688697485728e+01
-2.612120632639216922e+01
-4.822163228641161226e+01
-4.829301886270533117e+01
-4.836445823972117353e+01
-4.843595041745911800e+01
-4.850749539591917170e+01
-4.857909317510134883e+01
-4.865074375500562809e+01
-4.872244713563201657e+01
-4.879420331698051427e+01
-7.712779944909826213e+01
-7.724122268358222243e+01
-7.735472925622525509e+01
-7.746831916702733167e+01
-7.758199241598849483e+01
-7.769574900310871612e+01
-7.780958892838799557e+01
-7.792351219182633315e+01
-7.803751879342374309e+01
-9.753425321285254768e+01
-9.767674299110360892e+01
-9.781933677649207937e+01
-9.796203456901795903e+01
-9.810483636868124790e+01
-9.824774217548196020e+01
-9.839075198942006750e+01
-9.853386581049558401e+01
-9.867708363870850974e+01
-1.149999049544877181e+02
-1.151668133796756450e+02
-1.153338428407049179e+02
-1.155009933375754940e+02
-1.156682648702874161e+02
-1.158356574388406415e+02
-1.160031710432351986e+02
-1.161708056834711016e+02
-1.163385613595483079e+02
-1.260719296255815181e+02
-1.262537204397496282e+02
-1.264356422271267917e+02
-1.266176949877129942e+02
-1.267998787215082643e+02
-1.269821934285125877e+02
-1.271646391087259786e+02
-1.273472157621484087e+02
-1.275299233887799062e+02
-1.439174183734631924e+02
-1.441236037866057131e+02
-1.443299367913109279e+02
-1.445364173875788936e+02
-1.447430455754096101e+02
-1.449498213548030492e+02
-1.451567447257592107e+02
-1.453638156882781516e+02
-1.455710342423597865e+02
-1.496229946665620787e+02
-1.498359811358383240e+02
-1.500491190890898849e+02
-1.502624085263167331e+02
-1.504758494475188968e+02
-1.506894418526963477e+02
-1.509031857418491143e+02
-1.511170811149771680e+02
-1.513311279720805373e+02
-1.593531525060905381e+02
-1.595785459325489626e+02
-1.598040986476479759e+02
-1.600298106513875780e+02
-1.602556819437678257e+02
-1.604817125247886338e+02
-1.607079023944500875e+02
-1.609342515527521300e+02
-1.611607599996947613e+02
-1.541244171037119202e+02
-1.543410361017494665e+02
-1.545578072198699147e+02
-1.547747304580732362e+02
-1.549918058163594310e+02
-1.552090332947285560e+02
-1.554264128931805544e+02
-1.556439446117154546e+02
-1.558616284503332565e+02
-1.645321041674318110e+02
-1.647618976090064109e+02
-1.649918514088794268e+02
-1.652219655670508018e+02
-1.654522400835205644e+02
-1.656826749582886862e+02
-1.659132701913551955e+02
-1.661440257827200924e+02
-1.663749417323833484e+02
-1.679370331224055519e+02
-1.681701171378426238e+02
-1.684033627926801273e+02
-1.686367700869180624e+02
-1.688703390205564574e+02
-1.691040695935952840e+02
-1.693379618060345422e+02
-1.695720156578742888e+02
-1.698062311491144385e+02
-1.577494530301372606e+02
-1.579670384825926135e+02
-1.581847738905631218e+02
-1.584026592540487286e+02
-1.586206945730494908e+02
-1.588388798475653800e+02
-1.590572150775963962e+02
-1.592757002631425394e+02
-1.594943354042038379e+02
-1.411443403026553938e+02
-1.413378212352155856e+02
-1.415314346889624630e+02
-1.417251806638959977e+02
-1.419190591600162463e+02
-1.421130701773231806e+02
-1.423072137158167720e+02
-1.425014897754970775e+02
-1.426958983563640686e+02
-1.361678606391355970e+02
-1.363533754356466829e+02
-1.365390165186087472e+02
-1.367247838880218183e+02
-1.369106775438858961e+02
-1.370966974862009522e+02
-1.372828437149670151e+02
-1.374691162301840563e+02
-1.376555150318521044e+02
-1.149025358231087921e+02
-1.150581249034379852e+02
-1.152138192537809260e+02
-1.153696188741376289e+02
-1.155255237645080939e+02
-1.156815339248923067e+02
-1.158376493552902673e+02
-1.159938700557019899e+02
-1.161501960261274604e+02
-9.879298824684069302e+01
-9.892595323775165639e+01
-9.905900764694835914e+01
-9.919215147443081548e+01
-9.932538472019902542e+01
-9.945870738425297475e+01
-9.959211946659269188e+01
-9.972562096721814839e+01
-9.985921188612935850e+01
-6.149993182762828070e+01
-6.158220598391941536e+01
-6.166453513630433747e+01
-6.174691928478303282e+01
-6.182935842935550141e+01
-6.191185257002175746e+01
-6.199440170678178674e+01
-6.207700583963559637e+01
-6.215966496858317214e+01
-2.056692175224753782e+01
-2.059427138223723119e+01
-2.062163918473854096e+01
-2.064902515975147423e+01
-2.067642930727602746e+01
-2.070385162731220419e+01
-2.073129211986000087e+01
-2.075875078491941750e+01
-2.078622762249045408e+01
-2.081372263257311417e+01
-2.084123581516739421e+01
-2.086876717027329775e+01
-2.089631669789081769e+01
-2.092388439801996114e+01
-2.095147027066072809e+01
-2.097907431581311144e+01
-2.100669653347712185e+01
5.172682214722898664e+01
5.179483900738312485e+01
5.186290055667009824e+01
5.193100679508988549e+01
5.199915772264250080e+01
5.206735333932792997e+01
5.213559364514618721e+01
5.220387864009725831e+01
5.227220832418115748e+01
5.234058269739787761e+01
5.240900175974741870e+01
5.247746551122978076e+01
5.254597395184495667e+01
5.261452708159296776e+01
5.268312490047378560e+01
5.275176740848743151e+01
5.282045460563389838e+01
1.352674953187860183e+02
1.354433958328546623e+02
1.356194106422540813e+02
1.357955397469842751e+02
1.359717831470452722e+02
1.361481408424370159e+02
1.363246128331595344e+02
1.365011991192128562e+02
1.366778997005969529e+02
1.368547145773118530e+02
1.370316437493574995e+02
1.372086872167339209e+02
1.373858449794411456e+02
1.375631170374791168e+02
1.377405033908478629e+02
1.379180040395474123e+02
1.380956189835777366e+02
2.082278097199137505e+02
2.084956268385245721e+02
2.087636160761062172e+02
2.090317774326587141e+02
2.093001109081820061e+02
2.095686165026761785e+02
2.098372942161411174e+02
2.101061440485769367e+02
2.103751659999835795e+02
2.106443600703610173e+02
2.109137262597093070e+02
2.111832645680284202e+02
2.114529749953183853e+02
2.117228575415791454e+02
2.119929122068107574e+02
2.122631389910131929e+02
2.125335378941864519e+02
2.647119048218280000e+02
2.650486884157489271e+02
2.653856861123995827e+02
2.657228979117800236e+02
2.660603238138901929e+02
2.663979638187302044e+02
2.667358179262998874e+02
2.670738861365994126e+02
2.674121684496286662e+02
2.677506648653877050e+02
2.680893753838764724e+02
2.684283000050950250e+02
2.687674387290433629e+02
2.691067915557214860e+02
2.694463584851292808e+02
2.697861395172669177e+02
2.701261346521342830e+02
3.069794636228527338e+02
3.073658443196719077e+02
3.077524680232186824e+02
3.081393347334929445e+02
3.085264444504948074e+02
3.089137971742242712e+02
3.093013929046812791e+02
3.096892316418658311e+02
3.100773133857779271e+02
3.104656381364176241e+02
3.108542058937848651e+02
3.112430166578795934e+02
3.116320704287019794e+02
3.120213672062519095e+02
3.124109069905293836e+02
3.128006897815344018e+02
3.131907155792669641e+02
2.932264710238276280e+02
2.935916347486393647e+02
2.939570257066339423e+02
2.943226438978113038e+02
2.946884893221715629e+02
2.950545619797146628e+02
2.954208618704405467e+02
2.957873889943492713e+02
2.961541433514408368e+02
2.965211249417152430e+02
2.968883337651724901e+02
2.972557698218125211e+02
2.976234331116354497e+02
2.979913236346411622e+02
2.983594413908297724e+02
2.987277863802011666e+02
2.990963586027553447e+02
2.413006358176049844e+02
2.415979871864498136e+02
2.418955216534282044e+02
2.421932392185401284e+02
2.424911398817855570e+02
2.427892236431645188e+02
2.430874905026770136e+02
2.433859404603230132e+02
2.436845735161025743e+02
2.439833896700156401e+02
2.442823889220622107e+02
2.445815712722423143e+02
2.448809367205559511e+02
2.451804852670031210e+02
2.454802169115838240e+02
2.457801316542980601e+02
2.460802294951457725e+02
1.503777214333407244e+02
1.505611088985033348e+02
1.507446081171486867e+02
1.509282190892767517e+02
1.511119418148875582e+02
1.512957762939810777e+02
1.514797225265573672e+02
1.516637805126163698e+02
1.518479502521580855e+02
1.520322317451825711e+02
1.522166249916897698e+02
1.524011299916796816e+02
1.525857467451523348e+02
1.527704752521077296e+02
1.529553155125458375e+02
1.531402675264666868e+02
1.533253312938702777e+02
5.968428020719556315e+01
5.975631916942511879e+01
5.982840158096846039e+01
5.990052744182556665e+01
5.997269675199643757e+01
6.004490951148108024e+01
6.011716572027949468e+01
6.018946537839168087e+01
6.026180848581763172e+01
6.033419504255734722e+01
6.040662504861084159e+01
6.047909850397810061e+01
6.055161540865913139e+01
6.062417576265392682e+01
6.069677956596249402e+01
6.076942681858483297e+01
6.084211752052093658e+01
-3.998390432334516476e+01
-4.003167481835513541e+01
-4.007947383306361644e+01
-4.012730136747061493e+01
-4.017515742157612380e+01
-4.022304199538015013e+01
-4.027095508888268682e+01
-4.031889670208374099e+01
-4.036686683498329842e+01
-4.041486548758138042e+01
-4.046289265987797279e+01
-4.051094835187307552e+01
-4.055903256356669573e+01
-4.060714529495882630e+01
-4.065528654604946723e+01
-4.070345631683863274e+01
-4.075165460732630152e+01
-1.056553432129967547e+02
-1.057803051801321885e+02
-1.059053410018581189e+02
-1.060304506781745459e+02
-1.061556342090814837e+02
-1.062808915945789181e+02
-1.064062228346668633e+02
-1.065316279293453192e+02
-1.066571068786142717e+02
-1.067826596824737351e+02
-1.069082863409237092e+02
-1.070339868539641799e+02
-1.071597612215951614e+02
-1.072856094438166537e+02
-1.074115315206286425e+02
-1.075375274520311422e+02
-1.076635972380241384e+02
-1.674015222504937128e+02
-1.675975427683514454e+02
-1.677936779851663687e+02
-1.679899279009384827e+02
-1.681862925156678159e+02
-1.683827718293543683e+02
-1.685793658419980829e+02
-1.687760745535990168e+02
-1.689728979641571414e+02
-1.691698360736724851e+02
-1.693668888821450196e+02
-1.695640563895747448e+02
-1.697613385959617176e+02
-1.699587355013058243e+02
-1.701562471056071786e+02
-1.703538734088657236e+02
-1.705516144110814878e+02
-1.926476747465976871e+02
-1.928710343694922642e+02
-1.930945234012066294e+02
-1.933181418417407542e+02
-1.935418896910946103e+02
-1.937657669492682544e+02
-1.939897736162616297e+02
-1.942139096920747363e+02
-1.944381751767076310e+02
-1.946625700701602568e+02
-1.948870943724326423e+02
-1.951117480835247875e+02
-1.953365312034366639e+02
-1.955614437321683283e+02
-1.957864856697197240e+02
-1.960116570160908793e+02
-1.962369577712817943e+02
-1.874889499181306860e+02
-1.877042070362915638e+02
-1.879195876525122344e+02
-1.881350917667926126e+02
-1.883507193791327836e+02
-1.885664704895327191e+02
-1.887823450979923905e+02
-1.889983432045118263e+02
-1.892144648090910266e+02
-1.894307099117299913e+02
-1.896470785124287204e+02
-1.898635706111872139e+02
-1.900801862080054434e+02
-1.902969253028834373e+02
-1.905137878958211957e+02
-1.907307739868186900e+02
-1.909478835758759772e+02
-1.676648684980706037e+02
-1.678555050739637977e+02
-1.680462499660933133e+02
-1.682371031744591221e+02
-1.684280646990612240e+02
-1.686191345398996475e+02
-1.688103126969743641e+02
-1.690015991702853739e+02
-1.691929939598327053e+02
-1.693844970656163298e+02
-1.695761084876362474e+02
-1.697678282258924582e+02
-1.699596562803850190e+02
-1.701515926511138446e+02
-1.703436373380789917e+02
-1.705357903412804319e+02
-1.707280516607181937e+02
-1.216744409419232937e+02
-1.218114617087497891e+02
-1.219485595834923259e+02
-1.220857345661509328e+02
-1.222229866567255669e+02
-1.223603158552162853e+02
-1.224977221616230310e+02
-1.226352055759458466e+02
-1.227727660981847038e+02
-1.229104037283396309e+02
-1.230481184664105996e+02
-1.231859103123976098e+02
-1.233237792663006900e+02
-1.234617253281198117e+02
-1.235997484978550034e+02
-1.237378487755062366e+02
-1.238760261610735114e+02
-7.042730527261991824e+01
-7.050586333762005609e+01
-7.058446519195408086e+01
-7.066311083562199258e+01
-7.074180026862379123e+01
-7.082053349095949102e+01
-7.089931050262907775e+01
-7.097813130363256562e+01
-7.105699589396992621e+01
-7.113590427364118796e+01
-7.121485644264635084e+01
-7.129385240098538645e+01
-7.137289214865830900e+01
-7.145197568566514690e+01
-7.153110301200585752e+01
-7.161027412768045508e+01
-7.168948903268895378e+01
1.666059863916962769e+01
1.667900814042837965e+01
1.669742780706607022e+01
1.671585763908269939e+01
1.673429763647826718e+01
1.675274779925277358e+01
1.677120812740622213e+01
1.678967862093860575e+01
1.680815927984993152e+01
1.682665010414019591e+01
1.684515109380939890e+01
1.686366224885754050e+01
1.688218356928462072e+01
1.690071505509064309e+01
1.691925670627560052e+01
1.693780852283950011e+01
1.695637050478233832e+01
7.525701995200952865e+01
7.533940311561325132e+01
7.542183134659313737e+01
7.550430464494917260e+01
7.558682301068135700e+01
7.566938644378969059e+01
7.575199494427418756e+01
7.583464851213481950e+01
7.591734714737160061e+01
7.600009084998454512e+01
7.608287961997363880e+01
7.616571345733888165e+01
7.624859236208025948e+01
7.633151633419781490e+01
7.641448537369150529e+01
7.649749948056134485e+01
7.658055865480734781e+01
1.387093940161778391e+02
1.388598380443949338e+02
1.390103636140907497e+02
1.391609707252652868e+02
1.393116593779185450e+02
1.394624295720504961e+02
1.396132813076611399e+02
1.397642145847505049e+02
1.399152294033185626e+02
1.400663257633653416e+02
1.402175036648908417e+02
1.403687631078950346e+02
1.405201040923779487e+02
1.406715266183395556e+02
1.408230306857798837e+02
1.409746162946989045e+02
1.411262834450966466e+02
1.942054306382458719e+02
1.944141414718173451e+02
1.946229643949879460e+02
1.948318994077576463e+02
1.950409465101264743e+02
1.952501057020944586e+02
1.954593769836615422e+02
1.956687603548277536e+02
1.958782558155930928e+02
1.960878633659575598e+02
1.962975830059211546e+02
1.965074147354838772e+02
1.967173585546456991e+02
1.969274144634066488e+02
1.971375824617667831e+02
1.973478625497259884e+02
1.975582547272843215e+02
2.400728822394800659e+02
2.403285509106616189e+02
2.405843556481929113e+02
2.408402964520739715e+02
2.410963733223047711e+02
2.413525862588853386e+02
2.416089352618156454e+02
2.418654203310956916e+02
2.421220414667255056e+02
2.423787986687050591e+02
2.426356919370343803e+02
2.428927212717134410e+02
2.431498866727422694e+02
2.434071881401208373e+02
2.436646256738491445e+02
2.439221992739272196e+02
2.441799089403550056e+02
2.481815688311803001e+02
2.484435018853556869e+02
2.487055730898760828e+02
2.489677824447415446e+02
2.492301299499520155e+02
2.494926156055075239e+02
2.497552394114080698e+02
2.500180013676536248e+02
2.502809014742442173e+02
2.505439397311798473e+02
2.508071161384604864e+02
2.510704306960861629e+02
2.513338834040568770e+02
2.515974742623726286e+02
2.518612032710333892e+02
2.521250704300391874e+02
2.523890757393899946e+02
2.237795255403300985e+02
2.240136045419413051e+02
2.242478059058116173e+02
2.244821296319409782e+02
2.247165757203294447e+02
2.249511441709769883e+02
2.251858349838835807e+02
2.254206481590492501e+02
2.256555836964739967e+02
2.258906415961578205e+02
2.261258218581007213e+02
2.263611244823026993e+02
2.265965494687637545e+02
2.268320968174838868e+02
2.270677665284630962e+02
2.273035586017013543e+02
2.275394730371987180e+02
1.765264833937644369e+02
1.767095072230995640e+02
1.768926258834344196e+02
1.770758393747688615e+02
1.772591476971030033e+02
1.774425508504367883e+02
1.776260488347702164e+02
1.778096416501033161e+02
1.779933292964360874e+02
1.781771117737684733e+02
1.783609890821005308e+02
1.785449612214322599e+02
1.787290281917636321e+02
1.789131899930946474e+02
1.790974466254253628e+02
1.792817980887556928e+02
1.794662443830856944e+02
1.270205579453591866e+02
1.271511032258785718e+02
1.272817155558486490e+02
1.274123949352694325e+02
1.275431413641409364e+02
1.276739548424631323e+02
1.278048353702360203e+02
1.279357829474596429e+02
1.280667975741339433e+02
1.281978792502589499e+02
1.283290279758346628e+02
1.284602437508610819e+02
1.285915265753382073e+02
1.287228764492660105e+02
1.288542933726445483e+02
1.289857773454737639e+02
1.291173283677536858e+02
8.404540106599344540e+01
8.413103061369186264e+01
8.421670376095632093e+01
8.430242050778680607e+01
8.438818085418333226e+01
8.447398480014589950e+01
8.455983234567450779e+01
8.464572349076914293e+01
8.473165823542981911e+01
8.481763657965653636e+01
8.490365852344929465e+01
8.498972406680809399e+01
8.507583320973292018e+01
8.516198595222378742e+01
8.524818229428069571e+01
8.533442223590364506e+01
8.542070577709262125e+01
3.213765462154768215e+00
3.217011689894318849e+00
3.220259556315211658e+00
3.223509061417447086e+00
3.226760205201024689e+00
3.230012987665944912e+00
3.233267408812207755e+00
3.236523468639813217e+00
3.239781167148761298e+00
3.243040504339051999e+00
3.246301480210684876e+00
3.249564094763660371e+00
3.252828347997978931e+00
3.256094239913639221e+00
3.259361770510642131e+00
3.262630939788988105e+00
3.265901747748676254e+00
-2.357120302832301562e+01
-2.359480964127076064e+01
-2.361842806934010142e+01
-2.364205831253103440e+01
-2.366570037084356670e+01
-2.368935424427769121e+01
-2.371301993283341503e+01
-2.373669743651073460e+01
-2.376038675530964639e+01
-2.378408788923015393e+01
-2.380780083827225724e+01
-2.383152560243595630e+01
-2.385526218172125112e+01
-2.387901057612814526e+01
-2.390277078565662805e+01
-2.392654281030670660e+01
-2.395032665007838801e+01
-6.821159425574630575e+01
-6.827933168797645180e+01
-6.834710273679826287e+01
-6.841490740221175315e+01
-6.848274568421692265e+01
-6.855061758281377138e+01
-6.861852309800228511e+01
-6.868646222978247806e+01
-6.875443497815436444e+01
-6.882244134311791584e+01
-6.889048132467314645e+01
-6.895855492282007049e+01
-6.902666213755864533e+01
-6.909480296888891360e+01
-6.916297741681086109e+01
-6.923118548132448780e+01
-6.929942716242977951e+01
-6.936770246012675045e+01
-6.943601137441540061e+01
-6.950435390529572999e+01
-6.957273005276773858e+01
-6.964113981683142640e+01
-6.970958319748679344e+01
-6.977806019473382548e+01
-6.984657080857255096e+01
-6.991511503900294144e+01
-6.998369288602501115e+01
-7.005230434963876007e+01
-7.012094942984418822e+01
-7.018962812664129558e+01
-7.025834044003008216e+01
-7.032708637001053376e+01
-7.039586591658267878e+01
-6.579525900978663344e+01
-6.585954358136433484e+01
-6.592385954189300890e+01
-6.598820689137265560e+01
-6.605258562980326076e+01
-6.611699575718483857e+01
-6.618143727351737482e+01
-6.624591017880088373e+01
-6.631041447303535108e+01
-6.637495015622079109e+01
-6.643951722835718954e+01
-6.650411568944456064e+01
-6.656874553948289019e+01
-6.663340677847217819e+01
-6.669809940641245305e+01
-6.676282342330368635e+01
-6.682757882914587810e+01
-6.689236562393904251e+01
-6.695718380768316536e+01
-6.702203338037826086e+01
-6.708691434202431481e+01
-6.715182669262134141e+01
-6.721677043216932645e+01
-6.728174556066828416e+01
-6.734675207811821451e+01
-6.741178998451908910e+01
-6.747685927987095056e+01
-6.754195996417375625e+01
-6.760709203742754880e+01
-6.767225549963229980e+01
-6.773745035078800925e+01
-6.780267659089469134e+01
-6.786793421995233189e+01
-2.506472607353073911e+01
-2.508882677167836306e+01
-2.511293905113216240e+01
-2.513706291189213715e+01
-2.516119835395828375e+01
-2.518534537733060219e+01
-2.520950398200909959e+01
-2.523367416799376528e+01
-2.525785593528460993e+01
-2.528204928388162287e+01
-2.530625421378481477e+01
-2.533047072499417851e+01
-2.535469881750971410e+01
-2.537893849133142865e+01
-2.540318974645931149e+01
-2.542745258289336974e+01
-2.545172700063360338e+01
-2.547601299968000887e+01
-2.550031058003258977e+01
-2.552461974169134251e+01
-2.554894048465627066e+01
-2.557327280892737065e+01
-2.559761671450464604e+01
-2.562197220138809683e+01
-2.564633926957771948e+01
-2.567071791907351397e+01
-2.569510814987548386e+01
-2.571950996198362915e+01
-2.574392335539794630e+01
-2.576834833011843884e+01
-2.579278488614509968e+01
-2.581723302347793947e+01
-2.584169274211695111e+01
5.817721009427827550e-01
5.823227607638361558e-01
5.828736810673023072e-01
5.834248618531816533e-01
5.839763031214738609e-01
5.845280048721790411e-01
5.850799671052973050e-01
5.856321898208284304e-01
5.861846730187726395e-01
5.867374166991298212e-01
5.872904208618999755e-01
5.878436855070831024e-01
5.883972106346792019e-01
5.889509962446883851e-01
5.895050423371104298e-01
5.900593489119455581e-01
5.906139159691935481e-01
5.911687435088546216e-01
5.917238315309286678e-01
5.922791800354156866e-01
5.928347890223156780e-01
5.933906584916287530e-01
5.939467884433546896e-01
5.945031788774935988e-01
5.950598297940455916e-01
5.956167411930105571e-01
5.961739130743884951e-01
5.967313454381794058e-01
5.972890382843832890e-01
5.978469916130002559e-01
5.984052054240300844e-01
5.989636797174729965e-01
5.995224144933288812e-01
3.585681053884353275e+01
3.589022788324133728e+01
3.592366079230816212e+01
3.595710926604402147e+01
3.599057330444890113e+01
3.602405290752280820e+01
3.605754807526573558e+01
3.609105880767769747e+01
3.612458510475867968e+01
3.615812696650868929e+01
3.619168439292771922e+01
3.622525738401577655e+01
3.625884593977286130e+01
3.629245006019897346e+01
3.632606974529411303e+01
3.635970499505826581e+01
3.639335580949145310e+01
3.642702218859366781e+01
3.646070413236490282e+01
3.649440164080516524e+01
3.652811471391446219e+01
3.656184335169277233e+01
3.659558755414010989e+01
3.662934732125647486e+01
3.666312265304187434e+01
3.669691354949628703e+01
3.673072001061972713e+01
3.676454203641219465e+01
3.679837962687368957e+01
3.683223278200421191e+01
3.686610150180375456e+01
3.689998578627231751e+01
3.693388563540991498e+01
5.391087676683580554e+01
5.396035898507062711e+01
5.400986390157068939e+01
5.405939151633600659e+01
5.410894182936655739e+01
5.415851484066235599e+01
5.420811055022340241e+01
5.425772895804969664e+01
5.430737006414123158e+01
5.435703386849802143e+01
5.440672037112004489e+01
5.445642957200731615e+01
5.450616147115983523e+01
5.455591606857759501e+01
5.460569336426060971e+01
5.465549335820886512e+01
5.470531605042236123e+01
5.475516144090110515e+01
5.480502952964509689e+01
5.485492031665432933e+01
5.490483380192880958e+01
5.495476998546853764e+01
5.500472886727350641e+01
5.505471044734372299e+01
5.510471472567918738e+01
5.515474170227989248e+01
5.520479137714584539e+01
5.525486375027704611e+01
5.530495882167348753e+01
5.535507659133518388e+01
5.540521705926211382e+01
5.545538022545429158e+01
5.550556608991171714e+01
5.794262196899564543e+01
5.799501131978135504e+01
5.804742434401974549e+01
5.809986104171081678e+01
5.815232141285457601e+01
5.820480545745101608e+01
5.825731317550013699e+01
5.830984456700193874e+01
5.836239963195642133e+01
5.841497837036359186e+01
5.846758078222344324e+01
5.852020686753597545e+01
5.857285662630118850e+01
5.862553005851908949e+01
5.867822716418966422e+01
5.873094794331292690e+01
5.878369239588887041e+01
5.883646052191749476e+01
5.888925232139879995e+01
5.894206779433279308e+01
5.899490694071946706e+01
5.904776976055882187e+01
5.910065625385085752e+01
5.915356642059557402e+01
5.920650026079297135e+01
5.925945777444306373e+01
5.931243896154582274e+01
5.936544382210127679e+01
5.941847235610940459e+01
5.947152456357022032e+01
5.952460044448370979e+01
5.957769999884988010e+01
5.963082322666874546e+01
2.945211122580189311e+01
2.947834918680483440e+01
2.950459882989192906e+01
2.953086015506316997e+01
2.955713316231856425e+01
2.958341785165810833e+01
2.960971422308180578e+01
2.963602227658965305e+01
2.966234201218165367e+01
2.968867342985779700e+01
2.971501652961810080e+01
2.974137131146255086e+01
2.976773777539115429e+01
2.979411592140390752e+01
2.982050574950080701e+01
2.984690725968185987e+01
2.987332045194706609e+01
2.989974532629642567e+01
2.992618188272993152e+01
2.995263012124758717e+01
2.997909004184939619e+01
3.000556164453535857e+01
3.003204492930547076e+01
3.005853989615972921e+01
3.008504654509814102e+01
3.011156487612070620e+01
3.013809488922741764e+01
3.016463658441828244e+01
3.019118996169330060e+01
3.021775502105246858e+01
3.024433176249578636e+01
3.027092018602325396e+01
3.029752029163487492e+01
1.002784956373406366e+01
1.003665364587957143e+01
1.004546159115897375e+01
1.005427339957227240e+01
1.006308907111946382e+01
1.007190860580054981e+01
1.008073200361553035e+01
1.008955926456440721e+01
1.009839038864717509e+01
1.010722537586384107e+01
1.011606422621439805e+01
1.012490693969885136e+01
1.013375351631719923e+01
1.014260395606944165e+01
1.015145825895557863e+01
1.016031642497560838e+01
1.016917845412953447e+01
1.017804434641735511e+01
1.018691410183906854e+01
1.019578772039467829e+01
1.020466520208418260e+01
1.021354654690757968e+01
1.022243175486487132e+01
1.023132082595605929e+01
1.024021376018114005e+01
1.024911055754011535e+01
1.025801121803298521e+01
1.026691574165974963e+01
1.027582412842041037e+01
1.028473637831496390e+01
1.029365249134341198e+01
1.030257246750575462e+01
1.031149630680199181e+01
-2.446950962913246030e+01
-2.449068618441513934e+01
-2.451187189910753972e+01
-2.453306677320966500e+01
-2.455427080672151163e+01
-2.457548399964308672e+01
-2.459670635197438671e+01
-2.461793786371540804e+01
-2.463917853486615428e+01
-2.466042836542662542e+01
-2.468168735539682146e+01
-2.470295550477674240e+01
-2.472423281356638469e+01
-2.474551928176575544e+01
-2.476681490937484753e+01
-2.478811969639366097e+01
-2.480943364282220642e+01
-2.483075674866046967e+01
-2.485208901390846137e+01
-2.487343043856617442e+01
-2.489478102263361237e+01
-2.491614076611077522e+01
-2.493750966899766297e+01
-2.495888773129427562e+01
-2.498027495300061318e+01
-2.500167133411667209e+01
-2.502307687464245944e+01
-2.504449157457796815e+01
-2.506591543392320176e+01
-2.508734845267815672e+01
-2.510879063084284013e+01
-2.513024196841724489e+01
-2.515170246540137811e+01
-2.271304824322283622e+01
-2.273242797721875874e+01
-2.275181597549357448e+01
-2.277121223804727634e+01
-2.279061676487987143e+01
-2.281002955599135262e+01
-2.282945061138172349e+01
-2.284887993105098403e+01
-2.286831751499913423e+01
-2.288776336322617411e+01
-2.290721747573210365e+01
-2.292667985251692286e+01
-2.294615049358063175e+01
-2.296562939892323030e+01
-2.298511656854471852e+01
-2.300461200244509641e+01
-2.302411570062436041e+01
-2.304362766308251764e+01
-2.306314788981956454e+01
-2.308267638083549755e+01
-2.310221313613032379e+01
-2.312175815570403969e+01
-2.314131143955664172e+01
-2.316087298768813696e+01
-2.318044280009851832e+01
-2.320002087678779290e+01
-2.321960721775595005e+01
-2.323920182300300397e+01
-2.325880469252894756e+01
-2.327841582633377371e+01
-2.329803522441749308e+01
-2.331766288678010568e+01
-2.333729881342160439e+01
-9.866995214186657037e+00
-9.875297271581850111e+00
-9.883602820170228398e+00
-9.891911859951791897e+00
-9.900224390926540607e+00
-9.908540413094476307e+00
-9.916859926455597218e+00
-9.925182931009901566e+00
-9.933509426757394678e+00
-9.941839413698071226e+00
-9.950172891831934763e+00
-9.958509861158981735e+00
-9.966850321679215696e+00
-9.975194273392634869e+00
-9.983541716299239255e+00
-9.991892650399030629e+00
-1.000024707569200544e+01
-1.000860499217816724e+01
-1.001696639985751247e+01
-1.002533129873004647e+01
-1.003369968879576390e+01
-1.004207157005466833e+01
-1.005044694250675619e+01
-1.005882580615203103e+01
-1.006720816099049109e+01
-1.007559400702213637e+01
-1.008398334424696863e+01
-1.009237617266498432e+01
-1.010077249227618523e+01
-1.010917230308057313e+01
-1.011757560507814624e+01
-1.012598239826890634e+01
-1.013439268265284987e+01
-1.306028819634634530e+01
-1.307112660978729579e+01
-1.308196951862992385e+01
-1.309281692287422771e+01
-1.310366882252020737e+01
-1.311452521756786282e+01
-1.312538610801719408e+01
-1.313625149386820112e+01
-1.314712137512088397e+01
-1.315799575177524439e+01
-1.316887462383128060e+01
-1.317975799128899084e+01
-1.319064585414838042e+01
-1.320153821240944403e+01
-1.321243506607218521e+01
-1.322333641513660041e+01
-1.323424225960269141e+01
-1.324515259947045998e+01
-1.325606743473990434e+01
-1.326698676541102451e+01
-1.327791059148382047e+01
-1.328883891295829400e+01
-1.329977172983444156e+01
-1.331070904211226491e+01
-1.332165084979176584e+01
-1.333259715287294256e+01
-1.334354795135579508e+01
-1.335450324524032517e+01
-1.336546303452652928e+01
-1.337642731921440920e+01
-1.338739609930396668e+01
-1.339836937479519818e+01
-1.340934714568810726e+01
-5.206074759721592393e+00
-5.210336793908838082e+00
-5.214600571972593634e+00
-5.218866093912857274e+00
-5.223133359729629888e+00
-5.227402369422911477e+00
-5.231673122992701153e+00
-5.235945620438999804e+00
-5.240219861761807429e+00
-5.244495846961123142e+00
-5.248773576036948718e+00
-5.253053048989281493e+00
-5.257334265818124130e+00
-5.261617226523474855e+00
-5.265901931105333666e+00
-5.270188379563702341e+00
-5.274476571898579103e+00
-5.278766508109964839e+00
-5.283058188197859550e+00
-5.287351612162261461e+00
-5.291646780003174122e+00
-5.295943691720593982e+00
-5.300242347314522817e+00
-5.304542746784960627e+00
-5.308844890131907412e+00
-5.313148777355362284e+00
-5.317454408455326131e+00
-5.321761783431798953e+00
-5.326070902284779862e+00
-5.330381765014269746e+00
-5.334694371620268605e+00
-5.339008722102775550e+00
-5.343324816461791471e+00
5.237161813614896744e-01
5.241392154336718123e-01
5.245624202907034350e-01
5.249857959325846535e-01
5.254093423593152457e-01
5.258330595708953226e-01
5.262569475673248842e-01
5.266810063486039306e-01
5.271052359147324617e-01
5.275296362657104776e-01
5.279542074015380893e-01
5.283789493222151856e-01
5.288038620277415447e-01
5.292289455181176105e-01
5.296541997933431611e-01
5.300796248534180855e-01
5.305052206983424945e-01
5.309309873281164993e-01
5.313569247427398778e-01
5.317830329422128521e-01
5.322093119265353112e-01
5.326357616957071439e-01
5.330623822497285724e-01
5.334891735885993747e-01
5.339161357123198837e-01
5.343432686208896554e-01
5.347705723143090228e-01
5.351980467925778751e-01
5.356256920556962120e-01
5.360535081036640337e-01
5.364814949364812291e-01
5.369096525541480203e-01
5.373379809566642962e-01
