1.512260332205254921e-03
1.428335740028652094e-02
7.474259283775935500e-03
1.263829217723864799e-02
1.955202834565078138e-02
3.138572255146147849e-02
4.418840683753950949e-02
5.792747119333675060e-02
8.068523057630724860e-02
1.022354851372537371e-01
1.442225036482257527e-01
1.660591184008964327e-01
1.725623428832655515e-01
2.265762871242616161e-01
2.306801652382730328e-01
2.867203188885377729e-01
5.759428413706251249e-01
6.314465780385833948e-01
7.758572817956942425e-01
9.117176926519037217e-01
1.059097880750604848e+00
1.181007260657853442e+00
1.239995884272251603e+00
1.399434045910084023e+00
1.342676187303518676e+00
1.569190107701204040e+00
1.853229711696802617e+00
2.200857144518556296e+00
2.723415421384761004e+00
3.312435765565520551e+00
4.101307523236005004e+00
4.291945742359128957e+00
5.287545198833353055e+00
5.888158282771145835e+00
6.298169963926239845e+00
6.729202758537421225e+00
6.804506027360163856e+00
6.485144080244884535e+00
5.370754921111998037e+00
3.328811464455959879e+00
2.200858841739784744e+00
-2.326939458818154949e-01
-3.662406605128195380e+00
-7.807969366197329286e+00
-1.154473560451419623e+01
-1.566926018859251357e+01
-2.173024573269393755e+01
-2.872087875667576995e+01
-3.288679168453375468e+01
-4.210761769437173996e+01
-4.983021287511029129e+01
-5.411606780491455027e+01
-6.260062288972419964e+01
-6.826735682544811823e+01
-7.103335966572255700e+01
-7.681789361557713391e+01
-7.776481574891153059e+01
-7.525784097250600269e+01
-7.745922155376298690e+01
-7.758194508951817170e+01
-7.884001506017857253e+01
-7.920045591872840873e+01
-7.852791309568014810e+01
-8.124412742888706873e+01
-8.125094081320598605e+01
-8.503142636899133322e+01
-8.763471348204043920e+01
-8.898637643138926023e+01
-9.366420279238641911e+01
-9.660183881535039063e+01
-9.905240508506278729e+01
-1.015826853128287297e+02
-1.018789089148126550e+02
-1.024654771645958249e+02
-1.094765517038647005e+02
-1.090324244324618661e+02
-1.155302235829702937e+02
-1.217761218843832296e+02
-1.135162888912435761e+02
-1.168365446585988678e+02
-1.093690447926196612e+02
-8.981138817782030515e+01
-6.743689086814559630e+01
-5.403255565831787521e+01
-3.459332377761233346e+01
-6.359688486807971053e+00
1.292994659713546568e+01
3.639278038640298263e+01
5.431475413962277088e+01
8.419840236496536079e+01
8.922606856808367581e+01
9.346246377544730422e+01
9.373607043765440494e+01
8.949809025751190461e+01
9.414091697000411330e+01
7.975345648515268238e+01
6.407987489165128636e+01
5.195218838770198033e+01
4.662979960901004972e+01
2.481473488907681357e+01
1.166182404330792011e+01
-9.689030563178988587e+00
-8.953250265824653553e+00
-4.912916007508597005e+01
-5.790684061578638619e+01
-8.130010536348494554e+01
-1.196688593069379181e+02
-1.564849356430331113e+02
-1.966697221597387113e+02
-2.598537756113906880e+02
-2.886725525308718829e+02
-3.605271335617903787e+02
-4.210424974071817132e+02
-4.503154728660734349e+02
-5.355419167216989536e+02
-5.635882362933781451e+02
-6.264318931255075995e+02
-6.444013609817819770e+02
-6.737595141787969624e+02
-6.249918029645194792e+02
-5.978675995038269093e+02
-5.736321434153448990e+02
-5.031642602549002845e+02
-4.517043339892272229e+02
-4.133782761826633418e+02
-3.825110655939861886e+02
-3.654442791845713714e+02
-3.289540080724768245e+02
-2.764355393236427290e+02
-2.617100600251639548e+02
-2.681220183362113403e+02
-2.647154695650454528e+02
-2.797146002287827855e+02
-2.962324031598510601e+02
-3.044079314724011169e+02
-3.072906561026250642e+02
-3.515258469867296185e+02
-4.563997625282246986e+02
-4.736244588996265747e+02
-5.354354705710792359e+02
-6.208733088056759470e+02
-6.519955713341333876e+02
-7.308627601670816603e+02
-7.549371546622860478e+02
-8.052268305515864313e+02
-8.306367086154454000e+02
-7.889703865196458992e+02
-7.520909370446919411e+02
-6.262317755121243863e+02
-5.263500087671394567e+02
-4.179119647214163820e+02
-2.343987261170421164e+02
-4.856421471231446674e+01
1.504550594070441036e+02
4.230022403182121593e+02
6.452868669962142576e+02
7.220350905475551144e+02
8.765000156281955697e+02
1.020215724196708379e+03
1.070594185446464280e+03
1.197782840187970805e+03
1.219292233486369241e+03
1.298759287855842331e+03
1.439586740766933417e+03
1.504578825450261093e+03
1.528065554094485151e+03
1.533013822041029471e+03
1.598959875449349283e+03
1.573001082139012169e+03
1.475652268562966583e+03
1.438394125745311840e+03
1.351716130986316784e+03
2.378259317198979716e+03
1.763872219589767838e+03
1.076684767510081201e+03
3.049488838672413635e+02
-4.553266601713069122e+02
-1.074468985802429188e+03
-1.216288458100719026e+03
-1.166056883041542733e+03
-8.575362878674845888e+02
-3.465944576178280272e+02
5.341285102533657891e+02
1.301937928981321193e+03
1.859717199402888355e+03
2.360149040054840498e+03
2.340723906461692877e+03
2.317997195406611354e+03
2.040658432453074056e+03
1.697180322558278021e+03
1.493552029041515198e+03
6.280675250001237373e+02
-2.094952999545600392e+01
-4.103274604163954109e+02
-9.839497976044275447e+02
-1.311953162404419118e+03
-8.802327522629004761e+02
-6.558662990854573991e+02
-1.453769049934491591e+02
2.295930953329534532e+02
1.075070188523722663e+03
9.380603622070836991e+02
2.612957074768242364e+03
2.464355831562737421e+03
1.322359408547810290e+03
2.444475293729326495e+02
-1.130685424196508166e+03
-1.647834235663402978e+03
-2.154365150587764674e+03
-2.051741155916203752e+03
-1.909701294362704857e+03
-1.618084068129539901e+03
-1.328378828596358744e+03
-1.452788299551306181e+03
-1.170425382751664529e+03
-1.270133924608475809e+03
-9.802446373905181645e+02
-1.393077578507463943e-01
-8.481186002736487151e-01
-1.022684596939920976e+00
-1.173301193138632348e+00
-6.497806589983344816e-01
-2.992422044337408882e-01
-1.945446460486989437e+00
-1.662958810663458076e+00
-8.108274670126567329e-01
-8.465781499779271302e-01
-1.825471135107203047e+00
-4.065849353544960243e-01
-1.709779371628813216e+00
-5.679165787180909808e-01
-2.184330975496700855e+00
-2.162885494917089257e+00
1.487420294690730893e+00
2.926978807133645777e+00
-3.943516064940403298e-01
-5.829952648070773513e+00
-1.415773842422683160e+01
-2.144727574906712775e+01
-3.653577998576239594e+01
-5.108180075382530561e+01
-6.317023792949898109e+01
-8.716181409847574457e+01
-8.926702006608425677e+01
-1.053525967903957650e+02
-1.105585666502121285e+02
-9.931946678147838270e+01
-7.633150038670315496e+01
-5.497852103974433646e+01
-4.501247908852175961e+00
4.662951155945861359e+01
1.059581405801647662e+02
1.778779003853166500e+02
2.647906047764385562e+02
3.325943975939543975e+02
4.103527006293372210e+02
4.806915403279897987e+02
5.540297605577679860e+02
6.251294354841575114e+02
6.819872779020860207e+02
7.277109358586981216e+02
7.490959138551947945e+02
7.706996642365879779e+02
7.707242179004572336e+02
7.511295322921608886e+02
7.220562023001281204e+02
6.468775197838012900e+02
5.760626928159158524e+02
5.236577624762184087e+02
4.546802653761895954e+02
3.714453145675369115e+02
3.348964939316294362e+02
3.214064676415982831e+02
2.638574473942319401e+02
2.745942153852377032e+02
2.724557397712758871e+02
2.495283372880298316e+02
2.762915281944510184e+02
2.859043219597525649e+02
2.745184911032258697e+02
3.140838183472591822e+02
2.938370378826526235e+02
2.364024325512143605e+02
2.539467882142229200e+02
2.094047989946672885e+02
1.816055057814928944e+02
1.576124577289124318e+02
1.504737926019493557e+02
1.132038443917300867e+02
7.460304031859817542e+01
5.157990602986324546e+01
-1.847995030528651483e+01
-4.709576659163474943e+01
-9.916923834688658701e+01
-9.900112190917253940e+01
-1.836731701090512843e+02
-1.808326487837168202e+02
-7.985787670444138087e+01
3.911982597930363426e+01
7.610553884862753193e+01
3.060869301852815170e+02
3.972835837369394199e+02
6.810963478738057120e+02
9.187122650961638328e+02
1.111817229567424192e+03
1.340261820414856174e+03
1.522704163300135406e+03
1.582732943170516137e+03
1.779875870013311669e+03
1.891333447668006784e+03
1.896381733469070241e+03
1.996811795475629879e+03
1.964762761494267579e+03
2.100677971809472638e+03
2.005553704645135440e+03
2.032514776049038574e+03
2.056934830898464952e+03
2.012147040812183604e+03
2.200704375049724604e+03
2.016652209597339834e+03
2.079951836383167574e+03
2.121581436046777526e+03
2.128083662823255963e+03
2.195627687049029191e+03
2.142236134009651778e+03
2.172132875841276473e+03
2.164108122427415765e+03
2.168036014009661358e+03
2.127679268211374620e+03
1.987323027241968020e+03
1.766854485754979805e+03
1.397499411707017316e+03
1.279576243732814646e+03
1.261553391891466390e+03
1.277218190848383074e+03
1.213073975160422833e+03
1.164708853859792271e+03
1.308985501395796518e+03
1.331030989435317906e+03
1.341526750630221841e+03
1.504967893185245885e+03
1.528536447324737992e+03
1.637947123972916415e+03
1.645817654906875532e+03
1.755382199596647297e+03
1.969114083204238341e+03
1.912959607750080977e+03
1.918394491668069122e+03
1.987037729536499000e+03
2.050673614787618135e+03
2.028420793787626280e+03
1.992983533143337354e+03
1.918940292458810291e+03
1.711151858299501100e+03
1.663504241233206585e+03
1.694289250344336097e+03
1.530773083476749889e+03
1.426589860634294837e+03
1.441163762200621704e+03
1.167432360470305639e+03
1.125113104564304876e+03
1.057304823767422022e+03
7.526449810300732679e+02
8.431956678926007953e+02
6.476146482555632247e+02
6.143739474350295495e+02
5.028167729630660006e+02
6.264127590736221691e+02
6.403362905464970254e+02
8.452118979425900989e+02
9.963753120213480088e+02
1.042471036788611400e+03
1.159214909385607370e+03
1.345515561285717013e+03
1.502118878219099088e+03
1.575388661930420994e+03
1.635629424847938708e+03
1.799913990778695052e+03
1.881150835006252237e+03
1.918039857251737203e+03
1.838365921732416837e+03
1.944488935718093671e+03
2.051385088395067214e+03
1.960032327424134792e+03
2.208024242359982509e+03
1.990193675012421409e+03
1.907578731666075100e+03
3.646640644816249278e+03
3.501186978564762740e+03
3.153842531859447718e+03
2.949197441439693648e+03
2.394106087388019205e+03
2.011004946471826315e+03
1.493812029797875084e+03
1.342113098362201981e+03
5.947692715535331445e+02
6.195084249779611127e+02
8.499934161846580309e+02
7.312909009626928309e+02
1.144122077447336096e+03
1.138829550593803333e+03
1.110030487284937408e+03
1.255290552902728678e+03
1.172409122324197142e+03
1.329245250345904878e+03
1.225120930882643052e+03
1.075074352287029797e+03
9.943126501075357737e+02
7.891244834554699992e+02
7.375878071940682048e+02
4.150313059691772537e+02
4.728582424155887907e+02
2.646939653006746198e+02
6.981111309415820187e+01
-1.105511370027492433e+02
1.572801769208936946e+02
-4.289153633297188017e-01
1.511584371734983279e+01
7.646166860074342653e-01
7.009817714967155666e+00
1.469918568935676539e+01
5.294785579196624958e+00
4.313920524758115688e-02
1.674467210973810438e+01
1.363043768724218019e+01
3.666047028037349520e+01
3.289029766680356204e+01
6.549019282731653391e+01
5.657838424056154736e+01
4.376601135120336039e+01
1.447501959597944960e+02
1.387983593869350898e+02
1.681700740395505704e+02
2.973373510901932377e+02
2.567279967005924846e+02
2.805535475504532883e+02
2.592697919741066812e+02
1.756485003031945098e+02
1.273179113968505938e+01
-1.616878306653195523e+02
-1.765716066589782258e+02
-6.791468854948113858e+02
-9.956386670102309608e+02
-1.102844927628929327e+03
-1.510447062340035245e+03
-2.159815487317176121e+03
-2.691458187059335160e+03
-3.332411752869023530e+03
-3.815152640427435017e+03
-4.239258393622888434e+03
-4.629489076859773377e+03
-4.834783433426850024e+03
-5.149046896609626856e+03
-5.186930902712027091e+03
-5.226236722877060856e+03
-4.947362265835743528e+03
-4.928092233558553744e+03
-4.703002234534317722e+03
-4.326078020806794484e+03
-4.124252172662105295e+03
-3.659449082561549403e+03
-3.366911535575487051e+03
-3.045181500270786273e+03
-2.773527256324192422e+03
-2.392875929603380882e+03
-2.300933171806856080e+03
-2.219428251665530752e+03
-2.139879633774708054e+03
-2.154887128845329244e+03
-2.099325028643914720e+03
-2.241393521392328239e+03
-2.278530496890245104e+03
-2.410908159844197144e+03
-2.340888995827091094e+03
-2.347082194226733918e+03
-3.266086761780955840e+03
-3.037112357861536566e+03
-3.100309082198367832e+03
-3.121155625087194494e+03
-2.929813905985261954e+03
-3.192050451507649086e+03
-3.296439683776806305e+03
-3.284170997452328720e+03
-3.041631031392379100e+03
-3.559833885004025433e+03
-3.602990559990398651e+03
-3.625174597944917878e+03
-3.824697880082932443e+03
-3.736456010207904001e+03
-4.006997389550571370e+03
-3.819718800522521633e+03
-4.215124841614024263e+03
-4.223490109149186537e+03
-4.412592112970295602e+03
-4.560985312266820074e+03
-4.853798615535280078e+03
-4.852317762374907034e+03
-4.966221259985686629e+03
-5.087442387366812909e+03
-4.744859930756842004e+03
-4.675432981554939033e+03
-4.393817491068738491e+03
-4.112899063616487183e+03
-3.633523302658059492e+03
-3.332666345384528995e+03
-3.132066619245946185e+03
-2.674032532871633066e+03
-2.236719948384250529e+03
-1.916288716507541949e+03
-1.868772152965798568e+03
-1.443292791053632072e+03
-1.460095526056961717e+03
-1.120561759143802874e+03
-1.312315237103370009e+03
-1.244453252795184426e+03
-1.166103807382791274e+03
-1.400877489933966672e+03
-1.303581718154710643e+03
-1.203973908087675909e+03
-1.316851213527481832e+03
-1.497730355396616915e+03
-1.315975936181106135e+03
-1.617291490068041639e+03
-1.535412511812918865e+03
-1.610476547850994393e+03
-1.659030449587528892e+03
-1.619864607457599959e+03
-1.773498361695525546e+03
-1.580104100864003158e+03
-1.671358407244210412e+03
-1.307047045445537378e+03
-1.342711682357102745e+03
-1.063799307932623833e+03
-1.179291585686397411e+03
-1.174755433787373931e+03
-1.134011161644225012e+03
-1.081583625846190898e+03
-9.058234156573797691e+02
-8.712232703238576050e+02
-6.201664798032736599e+02
-6.379057302042184574e+02
-6.227685559662620562e+02
-3.336672073692909066e+02
-5.415214012677174651e+02
-3.191235815653695909e+02
-1.370205790521919198e+02
-1.692352854393424479e+02
-2.647873174701101107e+02
-2.237827206613637543e+02
-7.719337494933346022e+01
-5.386531404250656152e+01
4.589361207180048297e+01
-5.739482394415811228e+01
1.282557138759085262e+02
1.056765915847086461e+02
5.458355659975605079e+01
8.854780924165501688e+01
1.451391629836133745e+02
8.365273705326242748e+01
-9.214562620511088653e+01
-9.795442565822438041e+01
-2.203706986063723861e+01
-5.131000032471862937e+01
-1.206257281910757371e+02
-2.649773116185674553e+02
-2.199492321135412567e+02
-1.454609521858552625e+02
-1.989691273132280571e+02
-2.610135998822090073e+02
-1.430712563068703957e+02
-2.895788707164130642e+02
-8.427246011997274877e+01
-1.729558324741251738e+02
-1.141800016610519819e+01
-1.737651039469205898e+02
-4.561921977313165399e+01
-1.325784277126652739e+02
1.456400768075440588e+01
5.967514646634261055e+01
-1.948800535548880219e+01
1.224246985223982307e+02
3.454487478497527775e+01
1.292041961603094080e+01
2.422529554293682708e+01
1.015619811331415576e+02
1.554533588215514044e+02
2.682778068507191733e+02
1.164678984956965024e+02
1.647105858433203878e+02
6.300315187617918156e+01
2.154700751717996070e+02
2.993259670235243561e+02
1.901175429500318899e+02
6.393669876137253283e+01
4.061308533683251198e+01
-2.558502962500945443e+01
1.750064132226547287e+01
-2.818701308369200120e+01
6.338792399472456651e+01
-2.831343422663708864e+01
3.406937536469951677e-01
8.761537666825678627e+01
2.000929769393906810e+01
6.907478554488052680e+01
-7.091694950694679811e+00
1.408215289288262966e+02
2.959562481457441407e+01
7.157498801964653978e+01
3.366781271791971619e+01
1.041165686680465257e+02
7.307405319898371943e+01
1.314807301226940872e+01
-1.149924166252336200e+01
2.756851719293470282e+00
-1.083560812743490054e+01
