2.298962693774539434e-03
2.181672263879388257e-02
9.604364251450808743e-03
1.648120347655586751e-02
3.549827964736482905e-02
5.273930144200193043e-02
6.792348062309713774e-02
9.654132247936778044e-02
1.257255089749057531e-01
1.645297208020165824e-01
2.135134482327868399e-01
2.553138368152951254e-01
2.834604791485874076e-01
3.557040262734333935e-01
3.865807967045127858e-01
4.302441711620296205e-01
8.927771142491569556e-01
1.047947334825487742e+00
1.216167194095938875e+00
1.456943942730884789e+00
1.678258745973761457e+00
1.910186928540960727e+00
2.117622385970408416e+00
2.367494223942110398e+00
2.573586608870949366e+00
2.930337907200379899e+00
3.249637145494586488e+00
3.656484945195243697e+00
4.050395289604325377e+00
4.526497100597407730e+00
5.290707576790644850e+00
5.579460068499410674e+00
6.525341109386517680e+00
7.286892408095686946e+00
8.150838330057313286e+00
9.395884993711295152e+00
1.039510778384709688e+01
1.191467941791691132e+01
1.316780932971585649e+01
1.418187383406982605e+01
1.544163792543221625e+01
1.628172293299470752e+01
1.475889998731631181e+01
1.387542297415228276e+01
9.031585274179711575e+00
2.110726737847809176e+00
-8.866572365328687866e+00
-2.423693755368670466e+01
-4.275453436054436906e+01
-6.528766130383014854e+01
-8.683858844711896552e+01
-1.042307866720608445e+02
-1.209162623058630430e+02
-1.297741730618146789e+02
-1.358808277300529141e+02
-1.400535375632082378e+02
-1.400867054783673211e+02
-1.350463560013002109e+02
-1.351012725243142540e+02
-1.333528589048859487e+02
-1.322673502818541635e+02
-1.281656573487239825e+02
-1.283892408362968638e+02
-1.287554753722286307e+02
-1.281263637941172249e+02
-1.282915797063904790e+02
-1.318808885320688375e+02
-1.346960887866738119e+02
-1.400569139837590171e+02
-1.448322911576206025e+02
-1.481604372356214299e+02
-1.536587634488027163e+02
-1.556223156252991657e+02
-1.602071192678672276e+02
-1.672426061961660650e+02
-1.680193808272427134e+02
-1.747337953508578039e+02
-1.823098223660147426e+02
-1.713684799424391372e+02
-1.697020865588075083e+02
-1.645208179822479053e+02
-1.402420246688826069e+02
-1.173767461686348241e+02
-1.048664428862399518e+02
-8.550005958611001233e+01
-6.777887282315612083e+01
-4.898974416370472795e+01
-3.300826250930702344e+01
-1.646982962785023474e+01
1.135762852919748234e+01
1.494839952851639708e+01
2.545531130406531872e+01
3.663170085464201264e+01
3.964247193915355894e+01
5.024516306692623857e+01
4.776567380375515626e+01
4.548039161764918248e+01
4.653552021490048674e+01
4.690157937423180101e+01
4.078208600267247164e+01
3.594867699320830923e+01
3.769197968682163236e+01
3.832609533692290427e+01
1.763837556232999759e+01
1.315095051471250054e+00
-2.239322913970770657e+01
-6.751315557490413255e+01
-1.112434506970780177e+02
-1.807271585158887035e+02
-2.669186798708671517e+02
-3.542280005773283165e+02
-4.607184989032818976e+02
-5.537334197363621797e+02
-6.678440141904752636e+02
-8.015769254429682178e+02
-8.982790703607284968e+02
-1.011888945348703146e+03
-1.046116677327516072e+03
-1.104325174874785262e+03
-1.066620968082318996e+03
-1.047777838916738574e+03
-9.980642218372843217e+02
-8.853921783455407422e+02
-8.455970830755367160e+02
-7.706356797901615892e+02
-7.401332327707235663e+02
-6.652094120720147430e+02
-6.166723449294094053e+02
-5.630213290849308123e+02
-5.238839165426747968e+02
-4.923974229394262920e+02
-4.814455236257377919e+02
-4.749149674947879021e+02
-4.816310982927060422e+02
-5.000923781185941266e+02
-4.968685431042595155e+02
-5.438202131237737831e+02
-6.757985062318434757e+02
-6.848070671117510528e+02
-7.674232585792613008e+02
-8.777301378848761715e+02
-9.698826353563783869e+02
-1.006476804784071419e+03
-1.086983862815382054e+03
-1.181333722606965011e+03
-1.233539723369545982e+03
-1.129221097322185642e+03
-1.153287677910793946e+03
-9.552020081013637309e+02
-8.294117014240309800e+02
-5.936611087269809559e+02
-3.634125070956933996e+02
-7.182267206451233221e+01
2.449320497329544537e+02
5.032462594154386579e+02
7.659608247471086315e+02
9.683783455419549000e+02
1.273277703798001539e+03
1.469003004259188174e+03
1.539764370531422855e+03
1.670729262548644556e+03
1.830416697623563778e+03
1.917330250778216850e+03
2.044733013880955468e+03
2.217381865645253583e+03
2.283897510006889206e+03
2.310414641643902087e+03
2.414652005862248188e+03
2.348161930966050022e+03
2.296040129674299351e+03
2.218391760628283464e+03
2.196149447636847981e+03
3.843294619093664551e+03
2.951011225079018004e+03
1.920346264359917313e+03
6.883722680706214305e+02
-4.819694740993330129e+02
-1.496196929838372171e+03
-1.924718995307406431e+03
-1.784989170250543793e+03
-1.248613562797382656e+03
-2.665001370414661892e+02
7.593559700840582991e+02
1.774739414315088425e+03
2.756197617418248228e+03
3.412718481316534053e+03
3.855545546701403509e+03
3.624512845758857566e+03
3.427634555266250118e+03
2.773523950191475251e+03
2.404584816925682389e+03
1.038876781989285064e+03
1.983114101099553181e+02
-4.114647069606712080e+02
-1.125256553418229714e+03
-1.740355873224630841e+03
-1.123247516993887075e+03
-7.912489445188967920e+02
-2.925848800641876437e+02
4.122272654990547949e+02
1.257260678510522666e+03
1.439517819526313133e+03
3.893130571232009515e+03
3.916050633549254599e+03
2.133881689110044590e+03
5.267735226113721865e+02
-1.595399356848710340e+03
-2.724288113179748962e+03
-3.357475135604193838e+03
-3.320396771364998131e+03
-2.927318918731791655e+03
-2.473523045245279263e+03
-2.017704585577315584e+03
-2.176676673463306088e+03
-1.891805916207776136e+03
-2.071287513816996579e+03
-1.682410844644655981e+03
