0.000000000000000000e+00
0.000000000000000000e+00
0.000000000000000000e+00
0.000000000000000000e+00
0.000000000000000000e+00
0.000000000000000000e+00
0.000000000000000000e+00
0.000000000000000000e+00
0.000000000000000000e+00
0.000000000000000000e+00
0.000000000000000000e+00
0.000000000000000000e+00
0.000000000000000000e+00
0.000000000000000000e+00
0.000000000000000000e+00
0.000000000000000000e+00
0.000000000000000000e+00
0.000000000000000000e+00
0.000000000000000000e+00
0.000000000000000000e+00
0.000000000000000000e+00
0.000000000000000000e+00
0.000000000000000000e+00
0.000000000000000000e+00
0.000000000000000000e+00
0.000000000000000000e+00
0.000000000000000000e+00
0.000000000000000000e+00
-3.795797974046283794e-03
-4.048851172316035585e-03
-4.310067376981586464e-03
-4.579446588042935563e-03
-4.856988805500082884e-03
-6.904112558572387572e-03
-7.298633276205094937e-03
-7.704112902660932918e-03
-8.120551437939903250e-03
-8.547948882042003330e-03
-1.103155096080634702e-02
-1.158312850884666602e-02
-1.214815916781479370e-02
-1.272664293771073700e-02
-1.331857981853449245e-02
-1.541028519792845240e-02
-1.609518676228082618e-02
-1.679497749107564455e-02
-1.750965738431290580e-02
-1.823922644199260992e-02
-2.190625215054988265e-02
-2.278250223657187629e-02
-2.367593369682960067e-02
-2.458654653132304538e-02
-2.551434074005221736e-02
-3.146263150196883934e-02
-3.260672719294952643e-02
-3.377125316412629696e-02
-3.495620941549915095e-02
-3.616159594706808145e-02
-4.156255102345093877e-02
-4.294796939089930154e-02
-4.435609953486321227e-02
-4.578694145534267790e-02
-4.724049515233768454e-02
-5.447230763568974843e-02
-5.614837863986481964e-02
-5.784984465925466918e-02
-5.957670569385928316e-02
-6.132896174367866854e-02
-6.414197780714317454e-02
-6.597460574449011406e-02
-6.783304534292644572e-02
-6.971729660245218341e-02
-7.162735952306731324e-02
-7.595649955950181664e-02
-7.798200621442186176e-02
-8.003416427269613442e-02
-8.211297373432459301e-02
-8.421843459930727915e-02
-9.116782635419505565e-02
-9.344702201304992684e-02
-9.575435588991536295e-02
-9.808982798479135012e-02
-1.004534382976778883e-01
-1.099910829250593941e-01
-1.125791084056490393e-01
-1.151972272057803920e-01
-1.178454393254535076e-01
-1.205237447646683724e-01
-1.256445698693825497e-01
-1.284366714220354921e-01
-1.312594554093329813e-01
-1.341129218312749893e-01
-1.369970706878615441e-01
-1.420644935167453826e-01
-1.450553249592031746e-01
-1.480773108958532702e-01
-1.511304513266955862e-01
-1.542147462517301781e-01
-1.581642214384996192e-01
-1.613275058672696272e-01
-1.645221099438492207e-01
-1.677480336682384277e-01
-1.710052770404372202e-01
-1.742938400604456539e-01
-1.776137227282636455e-01
-1.809649250438912504e-01
-1.843474470073284688e-01
-1.890669735939243812e-01
-1.925360923754642906e-01
-1.960367486004727378e-01
-1.995689422689496950e-01
-2.031326733808952456e-01
-2.067279419363093340e-01
-2.103547479351919325e-01
-2.140130913775430965e-01
-2.177029722633628261e-01
-2.238722663050480011e-01
-2.276667114966589855e-01
-2.314930427823171377e-01
-2.353512601620224298e-01
-2.392413636357748619e-01
-2.431633532035744338e-01
-2.471172288654212013e-01
-2.511029906213150809e-01
-2.551206384712561004e-01
-2.547755078042341359e-01
-2.587877205255606494e-01
-2.628312786587725380e-01
-2.669061822038697462e-01
-2.710124311608523850e-01
-2.751500255297203434e-01
-2.793189653104736769e-01
-2.835192505031123855e-01
-2.877508811076364692e-01
-2.904392117181324173e-01
-2.947103765963401956e-01
-2.990127178605203606e-01
-3.033462355106728570e-01
-3.077109295467976291e-01
-3.121067999688947325e-01
-3.165338467769641673e-01
-3.209920699710059333e-01
-3.254814695510199751e-01
-3.323223102297424014e-01
-3.369060662329112499e-01
-3.415212178251429420e-01
-3.461677650064373668e-01
-3.508457077767946353e-01
-3.555550461362146919e-01
-3.602957800846975922e-01
-3.650679096222432252e-01
-3.698714347488517018e-01
-3.618345478803817739e-01
-3.665336978528542788e-01
-3.712631649219234053e-01
-3.760229490875890979e-01
-3.808130503498513564e-01
-3.856334687087102364e-01
-3.904842041641657380e-01
-3.953652567162178055e-01
-4.002766263648664391e-01
-4.053004432424837655e-01
-4.102734548160111849e-01
-4.152767896308405260e-01
-4.203104476869720108e-01
-4.253744289844053617e-01
-4.304687335231408007e-01
-4.355933613031781060e-01
-4.407483123245175549e-01
-4.459335865871589255e-01
-4.509667078618290192e-01
-4.562105067904549394e-01
-4.614846166955469120e-01
-4.667890375771049372e-01
-4.721237694351289593e-01
-4.774888122696190895e-01
-4.828841660805752722e-01
-4.883098308679974520e-01
-4.937658066318856842e-01
-5.076739144437192319e-01
-5.132835709569095739e-01
-5.189240497586338208e-01
-5.245953508488920836e-01
-5.302974742276843623e-01
-5.360304198950107679e-01
-5.417941878508710785e-01
-5.475887780952654049e-01
-5.534141906281938583e-01
-5.563952702289653995e-01
-5.622520625471650879e-01
-5.681395186994914193e-01
-5.740576386859443936e-01
-5.800064225065242329e-01
-5.859858701612306042e-01
-5.919959816500637295e-01
-5.980367569730234978e-01
-6.041081961301101311e-01
-6.129284623687651923e-01
-6.190885474176975878e-01
-6.252794328918744871e-01
-6.315011187912962232e-01
-6.377536051159624630e-01
-6.440368918658734287e-01
-6.503509790410290092e-01
-6.566958666414293155e-01
-6.630715546670742366e-01
-6.885413107947168099e-01
-6.951619003215890880e-01
-7.018141673103124312e-01
-7.084981117608867285e-01
-7.152137336733123130e-01
-7.219610330475887405e-01
-7.287400098837164553e-01
-7.355506641816950131e-01
-7.423929959415247470e-01
-7.582183970299074538e-01
-7.652065850209665010e-01
-7.722268289202415259e-01
-7.792791287277323065e-01
-7.863634844434389537e-01
-7.934798960673614676e-01
-8.006283635994998482e-01
-8.078088870398540955e-01
-8.150214663884242094e-01
-8.431339293381042710e-01
-8.505952915446362006e-01
-8.580895231882011975e-01
-8.656166242687994838e-01
-8.731765947864309485e-01
-8.807694347410955915e-01
-8.883951441327934129e-01
-8.960537229615243016e-01
-9.037451712272884796e-01
-9.442399560943232073e-01
-9.522760408270408705e-01
-9.603461767662530013e-01
-9.684503639119598217e-01
-9.765886022641612207e-01
-9.847608918228570873e-01
-9.929672325880474215e-01
-1.001207624559732556e+00
-1.009482067737912159e+00
-1.078187102134276154e+00
-1.087024701332097942e+00
-1.095898372363380391e+00
-1.104808115228123500e+00
-1.113753929926326824e+00
-1.122735816457990587e+00
-1.131753774823115233e+00
-1.140807805021700094e+00
-1.149897907053745394e+00
-1.213235084076155434e+00
-1.222825875254623051e+00
-1.232454425453478386e+00
-1.242120734672721438e+00
-1.251824802912351986e+00
-1.261566630172370251e+00
-1.271346216452776234e+00
-1.281163561753569935e+00
-1.291018666074751353e+00
-1.377733826490882274e+00
-1.388250878601499538e+00
-1.398807919503411989e+00
-1.409404949196619850e+00
-1.420041967681122674e+00
-1.430718974956920464e+00
-1.441435971024013663e+00
-1.452192955882401826e+00
-1.462989929532084954e+00
-1.561647278896988622e+00
-1.573172351065970087e+00
-1.584739794823808001e+00
-1.596349610170502586e+00
-1.608001797106053843e+00
-1.619696355630461548e+00
-1.631433285743725481e+00
-1.643212587445846307e+00
-1.655034260736823581e+00
-1.757498242039250425e+00
-1.770051800910959372e+00
-1.782650034369400283e+00
-1.795292942414573378e+00
-1.807980525046478437e+00
-1.820712782265115459e+00
-1.833489714070484666e+00
-1.846311320462586281e+00
-1.859177601441419414e+00
-1.969804554772021765e+00
-1.983436420202969730e+00
-1.997115292066438563e+00
-2.010841170362427821e+00
-2.024614055090937725e+00
-2.038433946251967832e+00
-2.052300843845518585e+00
-2.066214747871589985e+00
-2.080175658330182031e+00
-2.222382612919445499e+00
-2.237297932469240358e+00
-2.252263136030907553e+00
-2.267278223604447085e+00
-2.282343195189858509e+00
-2.297458050787142270e+00
-2.312622790396298367e+00
-2.327837414017326800e+00
-2.343101921650227126e+00
-2.459764788758862952e+00
-2.475789315069995666e+00
-2.491865869063956573e+00
-2.507994450740746117e+00
-2.524175060100363854e+00
-2.540407697142809784e+00
-2.556692361868084351e+00
-2.573029054276187111e+00
-2.589417774367118064e+00
-2.762764390727639796e+00
-2.780250241301865266e+00
-2.797791252287996855e+00
-2.815387423686035007e+00
-2.833038755495978833e+00
-2.850745247717828335e+00
-2.868506900351584399e+00
-2.886323713397246138e+00
-2.904195686854814440e+00
-3.116554334228428313e+00
-3.135733130131372448e+00
-3.154970756696595657e+00
-3.174267213924097941e+00
-3.193622501813878856e+00
-3.213036620365938845e+00
-3.232509569580277908e+00
-3.252041349456896047e+00
-3.271631959995793260e+00
-3.601356589840714051e+00
-3.622921599360718670e+00
-3.644550982043468945e+00
-3.666244737888965766e+00
-3.688002866897208687e+00
-3.709825369068198153e+00
-3.731712244401934164e+00
-3.753663492898415832e+00
-3.775679114557644045e+00
-3.990375129912486329e+00
-4.013642623381363350e+00
-4.036977754912649985e+00
-4.060380524506347122e+00
-4.083850932162452985e+00
-4.107388977880968461e+00
-4.130994661661893552e+00
-4.154667983505228257e+00
-4.178408943410972576e+00
-4.441400228653444415e+00
-4.466635457225338612e+00
-4.491942173696870988e+00
-4.517320378068039766e+00
-4.542770070338845834e+00
-4.568291250509288304e+00
-4.593883918579368064e+00
-4.619548074549085115e+00
-4.645283718418439456e+00
-4.894993360693440820e+00
-4.922112437483985303e+00
-4.949306428851301121e+00
-4.976575334795385608e+00
-5.003919155316238765e+00
-5.031337890413861480e+00
-5.058831540088254641e+00
-5.086400104339417361e+00
-5.114043583167348750e+00
-5.368258286200641827e+00
-5.397275898558483220e+00
-5.426371725504889554e+00
-5.455545767039862604e+00
-5.484798023163400593e+00
-5.514128493875503523e+00
-5.543537179176174057e+00
-5.573024079065408642e+00
-5.602589193543209056e+00
-5.575561005254946245e+00
-5.604983490770803378e+00
-5.634483403880123475e+00
-5.664060744582906537e+00
-5.693715512879151674e+00
-5.723447708768860664e+00
-5.753257332252031730e+00
-5.783144383328664873e+00
-5.813108861998761867e+00
-5.687591962470598617e+00
-5.716909446813230211e+00
-5.746302297439519258e+00
-5.775770514349465756e+00
-5.805314097543068819e+00
-5.834933047020329333e+00
-5.864627362781247299e+00
-5.894397044825822718e+00
-5.924242093154053812e+00
-5.977196379228609580e+00
-6.007308199778879754e+00
-6.037495678169728208e+00
-6.067758814401154943e+00
-6.098097608473161735e+00
-6.128512060385745919e+00
-6.159002170138908383e+00
-6.189567937732650016e+00
-6.220209363166969929e+00
-6.117343605120640682e+00
-6.147478302682811702e+00
-6.177687041270933044e+00
-6.207969820885007373e+00
-6.238326641525032024e+00
-6.268757503191007885e+00
-6.299262405882934956e+00
-6.329841349600812350e+00
-6.360494334344642731e+00
-6.417259076815951424e+00
-6.448185626583740060e+00
-6.479186519019238588e+00
-6.510261754122447897e+00
-6.541411331893368875e+00
-6.572635252332000633e+00
-6.603933515438343171e+00
-6.635306121212397379e+00
-6.666753069654162367e+00
-6.556283968245977256e+00
-6.587209836020722520e+00
-6.618208470543172517e+00
-6.649279871813328135e+00
-6.680424039831189376e+00
-6.711640974596755349e+00
-6.742930676110026944e+00
-6.774293144371004161e+00
-6.805728379379686110e+00
-7.079019878709337021e+00
-7.111717430112151739e+00
-7.144490321495156948e+00
-7.177338552858352649e+00
-7.210262124201739731e+00
-7.243261035525317304e+00
-7.276335286829086257e+00
-7.309484878113045703e+00
-7.342709809377195640e+00
-7.346181914204844787e+00
-7.379422556350569096e+00
-7.412738233805876042e+00
-7.446128946570767404e+00
-7.479594694645242292e+00
-7.513135478029301595e+00
-7.546751296722945312e+00
-7.580442150726172557e+00
-7.614208040038984215e+00
-7.653149939378042887e+00
-7.687088520040473050e+00
-7.721102186058351968e+00
-7.755190937431677867e+00
-7.789354774160451633e+00
-7.823593696244673268e+00
-7.857907703684342771e+00
-7.892296796479460141e+00
-7.926760974630025380e+00
-7.882295196377319790e+00
-7.916566045057220613e+00
-7.950911233972870029e+00
-7.985330763124268039e+00
-8.019824632511413753e+00
-8.054392842134308950e+00
-8.089035391992949187e+00
-8.123752282087339793e+00
-8.158543512417478993e+00
-8.308128572351686003e+00
-8.343557692063207298e+00
-8.379062192880498472e+00
-8.414642074803557747e+00
-8.450297337832386901e+00
-8.486027981966984157e+00
-8.521834007207351291e+00
-8.557715413553488304e+00
-8.593672201005393418e+00
-8.611752474084386932e+00
-8.647784911214445813e+00
-8.683892572639141605e+00
-8.720075458358470755e+00
-8.756333568372435039e+00
-8.792666902681034458e+00
-8.829075461284269011e+00
-8.865559244182138698e+00
-8.902118251374641744e+00
-8.979397457893279366e+00
-9.016273833490377143e+00
-9.053225775430911781e+00
-9.090253283714881505e+00
-9.127356358342291642e+00
-9.164534999313135089e+00
-9.201789206627417173e+00
-9.239118980285132565e+00
-9.276524320286288372e+00
-9.074004547627065875e+00
-9.110593275641690525e+00
-9.147255622827371369e+00
-9.183991589184108406e+00
-9.220801174711899861e+00
-9.257684379410747511e+00
-9.294641203280651354e+00
-9.331671646321609614e+00
-9.368775708533624069e+00
-9.252485862437112019e+00
-9.289129370803200558e+00
-9.325845297170010539e+00
-9.362633641537545515e+00
-9.399494403905803708e+00
-9.436427584274785119e+00
-9.473433182644489747e+00
-9.510511199014917594e+00
-9.547661633386070434e+00
-9.247215539093193826e+00
-9.283196922513790028e+00
-9.319248172698308963e+00
-9.355369289646752406e+00
-9.391560273359118582e+00
-9.427821123835409267e+00
-9.464151841075622684e+00
-9.500552425079758834e+00
-9.537022875847821268e+00
-9.390128383578129956e+00
-9.426037096326037812e+00
-9.462014337151709142e+00
-9.498060106055145724e+00
-9.534174403036344003e+00
-9.570357228095305757e+00
-9.606608581232030986e+00
-9.642928462446517912e+00
-9.679316871738768313e+00
-9.995048231882677214e+00
-1.003262360117546947e+01
-1.007026946834685965e+01
-1.010798583339684775e+01
-1.014577269632543377e+01
-1.018363005713261771e+01
-1.022155791581840134e+01
-1.025955627238278112e+01
-1.029762512682576059e+01
-1.031573127586619876e+01
-1.035386706616514907e+01
-1.039207321770081371e+01
-1.043034973047319092e+01
-1.046869660448228423e+01
-1.050711383972809188e+01
-1.054560143621061208e+01
-1.058415939392984662e+01
-1.062278771288579371e+01
-1.041588941348391728e+01
-1.045376537498749592e+01
-1.049171007689307622e+01
-1.052972351920065996e+01
-1.056780570191024715e+01
-1.060595662502183600e+01
-1.064417628853542830e+01
-1.068246469245102404e+01
-1.072082183676861966e+01
-1.101871134960222420e+01
-1.105813428824122902e+01
-1.109762762498494659e+01
-1.113719135983337871e+01
-1.117682549278652360e+01
-1.121653002384437947e+01
-1.125630495300694811e+01
-1.129615028027422952e+01
-1.133606600564622369e+01
-1.105616516117796699e+01
-1.109509532019620082e+01
-1.113409389777158154e+01
-1.117316089390411449e+01
-1.121229630859379434e+01
-1.125150014184062641e+01
-1.129077239364460894e+01
-1.133011306400573837e+01
-1.136952215292402002e+01
-1.110326978830073053e+01
-1.114175599207300138e+01
-1.118030878097290959e+01
-1.121892815500044804e+01
-1.125761411415562385e+01
-1.129636665843843168e+01
-1.133518578784887332e+01
-1.137407150238694697e+01
-1.141302380205265621e+01
-1.117392157232443672e+01
-1.121205782342452117e+01
-1.125025904258439979e+01
-1.128852522980407436e+01
-1.132685638508354664e+01
-1.136525250842281309e+01
-1.140371359982187371e+01
-1.144223965928073206e+01
-1.148083068679938457e+01
-1.111563671749337878e+01
-1.115300020225806321e+01
-1.119042637743342539e+01
-1.122791524301946708e+01
-1.126546679901618653e+01
-1.130308104542358727e+01
-1.134075798224166576e+01
-1.137849760947042377e+01
-1.141629992710986130e+01
-1.083163637664785739e+01
-1.086750272226589686e+01
-1.090342835109983355e+01
-1.093941326314966744e+01
-1.097545745841540032e+01
-1.101156093689702864e+01
-1.104772369859455594e+01
-1.108394574350798223e+01
-1.112022707163730395e+01
-1.047494101818923262e+01
-1.050911700846064889e+01
-1.054334865995400605e+01
-1.057763597266930411e+01
-1.061197894660654306e+01
-1.064637758176572113e+01
-1.068083187814684010e+01
-1.071534183574989818e+01
-1.074990745457489894e+01
-9.962199197027773678e+00
-9.994231991873522958e+00
-1.002631620372544496e+01
-1.005845183258353792e+01
-1.009063887844780538e+01
-1.012287734131824557e+01
-1.015516722119486026e+01
-1.018750851807764590e+01
-1.021990123196660427e+01
-9.083259753093980038e+00
-9.112049799854975873e+00
-9.140885400487427148e+00
-9.169766554991337415e+00
-9.198693263366704898e+00
-9.227665525613529596e+00
-9.256683341731809733e+00
-9.285746711721548863e+00
-9.314855635582745208e+00
-8.292500110170069050e+00
-8.318414173014351931e+00
-8.344368663413771259e+00
-8.370363581368332362e+00
-8.396398926878029911e+00
-8.422474699942869236e+00
-8.448590900562846784e+00
-8.474747528737964331e+00
-8.500944584468221876e+00
-7.181365899415816045e+00
-7.203496456887052091e+00
-7.225661061369781812e+00
-7.247859712864004322e+00
-7.270092411369722285e+00
-7.292359156886933924e+00
-7.314659949415641016e+00
-7.336994788955840896e+00
-7.359363675507536229e+00
-6.219460585474169356e+00
-6.238364720992327861e+00
-6.257297542603837748e+00
-6.276259050308697240e+00
-6.295249244106908115e+00
-6.314268123998469484e+00
-6.333315689983382235e+00
-6.352391942061646368e+00
-6.371496880233259219e+00
-5.773832433349711302e+00
-5.791145274229320350e+00
-5.808484032535395691e+00
-5.825848708267938214e+00
-5.843239301426947030e+00
-5.860655812012422139e+00
-5.878098240024364429e+00
-5.895566585462772125e+00
-5.913060848327647889e+00
-5.197815471222053674e+00
-5.213193623503776131e+00
-5.228594490929193483e+00
-5.244018073498305732e+00
-5.259464371211113765e+00
-5.274933384067617581e+00
-5.290425112067815405e+00
-5.305939555211709902e+00
-5.321476713499298405e+00
-4.898389885307923741e+00
-4.912691753586194920e+00
-4.927014470068953322e+00
-4.941358034756198947e+00
-4.955722447647932682e+00
-4.970107708744152752e+00
-4.984513818044860933e+00
-4.998940775550055449e+00
-5.013388581259738075e+00
-6.129704273568481909e+00
-6.147369127382800613e+00
-6.165059398252966893e+00
-6.182775086178980750e+00
-6.200516191160843960e+00
-6.218282713198553857e+00
-6.236074652292111331e+00
-6.253892008441517270e+00
-6.271734781646771673e+00
-6.066704726979718743e+00
-6.083964199887200053e+00
-6.101248189091425189e+00
-6.118556694592393264e+00
-6.135889716390106052e+00
-6.153247254484561779e+00
-6.170629308875760444e+00
-6.188035879563703823e+00
-6.205466966548390140e+00
-7.907769516939460175e+00
-7.929982352661199663e+00
-7.952226342430234851e+00
-7.974501486246566628e+00
-7.996807784110192330e+00
-8.019145236021115508e+00
-8.041513841979334387e+00
-8.063913601984847190e+00
-8.086344516037655694e+00
-7.865252715077271972e+00
-7.887070337033103229e+00
-7.908918177301893060e+00
-7.930796235883641465e+00
-7.952704512778347556e+00
-7.974643007986011334e+00
-7.996611721506634574e+00
-8.018610653340214611e+00
-8.040639803486753223e+00
-9.419133720396816400e+00
-9.444939566206123516e+00
-9.470780714130079048e+00
-9.496657164168686549e+00
-9.522568916321942467e+00
-9.548515970589850355e+00
-9.574498326972408435e+00
-9.600515985469616709e+00
-9.626568946081473399e+00
-1.143097788564230832e+01
-1.146191422633416757e+01
-1.149289237289182708e+01
-1.152391232531528864e+01
-1.155497408360454692e+01
-1.158607764775960725e+01
-1.161722301778046607e+01
-1.164841019366712516e+01
-1.167963917541958274e+01
-1.293356817586523810e+01
-1.296814990895578568e+01
-1.300277781258450638e+01
-1.303745188675139843e+01
-1.307217213145646184e+01
-1.310693854669969660e+01
-1.314175113248110449e+01
-1.317660988880068196e+01
-1.321151481565843255e+01
-1.487536974253583999e+01
-1.491467058729815420e+01
-1.495402328014063009e+01
-1.499342782106326588e+01
-1.503288421006606335e+01
-1.507239244714902249e+01
-1.511195253231214330e+01
-1.515156446555542580e+01
-1.519122824687886997e+01
-1.518933676806284083e+01
-1.522899561079929853e+01
-1.526870615998000069e+01
-1.530846841560494909e+01
-1.534828237767414194e+01
-1.538814804618758103e+01
-1.542806542114526636e+01
-1.546803450254719614e+01
-1.550805529039337394e+01
-1.648796913333625724e+01
-1.653051873109970415e+01
-1.657312316081903347e+01
-1.661578242249424520e+01
-1.665849651612533577e+01
-1.670126544171230520e+01
-1.674408919925515704e+01
-1.678696778875389128e+01
-1.682990121020850438e+01
-1.712483470367235228e+01
-1.716852050648784100e+01
-1.721226196000755593e+01
-1.725605906423149349e+01
-1.729991181915965370e+01
-1.734382022479204011e+01
-1.738778428112864560e+01
-1.743180398816948085e+01
-1.747587934591453518e+01
-1.858486029091439917e+01
-1.863173257411973438e+01
-1.867866389042734099e+01
-1.872565423983721900e+01
-1.877270362234937551e+01
-1.881981203796379987e+01
-1.886697948668050273e+01
-1.891420596849948055e+01
-1.896149148342072621e+01
-1.860418884318951527e+01
-1.865058332908275673e+01
-1.869703559142169169e+01
-1.874354563020632369e+01
-1.879011344543664919e+01
-1.883673903711266817e+01
-1.888342240523438775e+01
-1.893016354980179727e+01
-1.897696247081490739e+01
-1.845500135675188602e+01
-1.850051307403117562e+01
-1.854608084022337167e+01
-1.859170465532847061e+01
-1.863738451934647600e+01
-1.868312043227738783e+01
-1.872891239412120257e+01
-1.877476040487792730e+01
-1.882066446454755493e+01
-2.007119672258773591e+01
-2.012015086093551375e+01
-2.016916462673559707e+01
-2.021823801998799652e+01
-2.026737104069270501e+01
-2.031656368884972963e+01
-2.036581596445905973e+01
-2.041512786752070596e+01
-2.046449939803466123e+01
-1.958225913537480167e+01
-1.962950222134675471e+01
-1.967680222669939738e+01
-1.972415915143272969e+01
-1.977157299554675163e+01
-1.981904375904145965e+01
-1.986657144191686086e+01
-1.991415604417294816e+01
-1.996179756580972509e+01
-2.008277658639173069e+01
-2.013070684077452910e+01
-2.017869422299330040e+01
-2.022673873304804459e+01
-2.027484037093876523e+01
-2.032299913666546232e+01
-2.037121503022812874e+01
-2.041948805162677516e+01
-2.046781820086139447e+01
-2.063776316127885480e+01
-2.068649459731493323e+01
-2.073528349966709072e+01
-2.078412986833533083e+01
-2.083303370331964999e+01
-2.088199500462004821e+01
-2.093101377223652548e+01
-2.098009000616908537e+01
-2.102922370641772432e+01
-2.106266880715316603e+01
-2.111188065016052917e+01
-2.116114991655530275e+01
-2.121047660633748322e+01
-2.125986071950707057e+01
-2.130930225606406481e+01
-2.135880121600846593e+01
-2.140835759934027038e+01
-2.145797140605948172e+01
-2.172869968035454136e+01
-2.177893944840160501e+01
-2.182923723003763428e+01
-2.187959302526263627e+01
-2.193000683407660389e+01
-2.198047865647954424e+01
-2.203100849247145021e+01
-2.208159634205232891e+01
-2.213224220522216967e+01
-2.130182828606225698e+01
-2.135057388854752247e+01
-2.139937520029277351e+01
-2.144823222129801010e+01
-2.149714495156322869e+01
-2.154611339108842927e+01
-2.159513753987361540e+01
-2.164421739791877997e+01
-2.169335296522393008e+01
-2.133938281962004879e+01
-2.138771664254104365e+01
-2.143610514173231607e+01
-2.148454831719385538e+01
-2.153304616892566870e+01
-2.158159869692775956e+01
-2.163020590120011732e+01
-2.167886778174275264e+01
-2.172758433855565841e+01
-2.044299734449230854e+01
-2.048883366140820783e+01
-2.053472130678650487e+01
-2.058066028062718900e+01
-2.062665058293026732e+01
-2.067269221369573629e+01
-2.071878517292359945e+01
-2.076492946061384970e+01
-2.081112507676649415e+01
-1.899749683648689214e+01
-1.903966664078542337e+01
-1.908188319652995801e+01
-1.912414650372049962e+01
-1.916645656235705175e+01
-1.920881337243960729e+01
-1.925121693396816980e+01
-1.929366724694274282e+01
-1.933616431136332281e+01
-1.668135142759403777e+01
-1.671801373842391669e+01
-1.675471629328324497e+01
-1.679145909217202259e+01
-1.682824213509025313e+01
-1.686506542203793302e+01
-1.690192895301506582e+01
-1.693883272802164797e+01
-1.697577674705768302e+01
-1.250929457541973910e+01
-1.253651828505068622e+01
-1.256377158567036112e+01
-1.259105447727876559e+01
-1.261836695987590140e+01
-1.264570903346176500e+01
-1.267308069803635640e+01
-1.270048195359967735e+01
-1.272791280015172788e+01
-1.068507844409565699e+01
-1.070810663039758914e+01
-1.073115960484408404e+01
-1.075423736743514702e+01
-1.077733991817077630e+01
-1.080046725705097010e+01
-1.082361938407573199e+01
-1.084679629924506017e+01
-1.086999800255895110e+01
-9.801112853404461589e+00
-9.822033051597427900e+00
-9.842975552773541636e+00
-9.863940356932802800e+00
-9.884927464075213166e+00
-9.905936874200770959e+00
-9.926968587309477954e+00
-9.948022603401332375e+00
-9.969098922476336000e+00
-3.519184398594692009e+00
-3.526624534743941108e+00
-3.534072527425554444e+00
-3.541528376639532016e+00
-3.548992082385874713e+00
-3.556463644664581647e+00
-3.563943063475653261e+00
-3.571430338819089556e+00
-3.578925470694890532e+00
-3.748769715013040127e+00
-3.756620541641340072e+00
-3.764479580431384420e+00
-3.772346831383174059e+00
-3.780222294496708990e+00
-3.788105969771988768e+00
-3.795997857209013837e+00
-3.803897956807783753e+00
-3.811806268568299405e+00
1.171289348208397918e+00
1.173719409096797062e+00
1.176151988183008035e+00
1.178587085467030837e+00
1.181024700948865469e+00
1.183464834628511930e+00
1.185907486505970221e+00
1.188352656581240341e+00
1.190800344854322068e+00
1.188859794134647929e+00
1.191303493608717234e+00
1.193749702014484715e+00
1.196198419351950148e+00
1.198649645621113979e+00
1.201103380821975986e+00
1.203559624954536389e+00
1.206018378018794746e+00
1.208479640014751499e+00
3.285329692140576796e+00
3.292020791309905992e+00
3.298718697294260149e+00
3.305423410093638381e+00
3.312134929708042019e+00
3.318853256137469732e+00
3.325578389381922850e+00
3.332310329441400487e+00
3.339049076315903086e+00
3.139640985159897202e+00
3.145977293908958305e+00
3.152319990066033029e+00
3.158669073631120483e+00
3.165024544604221557e+00
3.171386402985335362e+00
3.177754648774462787e+00
3.184129281971602943e+00
3.190510302576756274e+00
-6.605437551713505551e-01
-6.618648426816933217e-01
-6.631872499597787352e-01
-6.645109770056065734e-01
-6.658360238191770586e-01
-6.671623904004901906e-01
-6.684900767495458584e-01
-6.698190828663441732e-01
-6.711494087508851347e-01
-6.142856127905646169e+00
-6.155032255017451881e+00
-6.167220437700654756e+00
-6.179420675955254794e+00
-6.191632969781254658e+00
-6.203857319178649909e+00
-6.216093724147444100e+00
-6.228342184687636340e+00
-6.240602700799226632e+00
-1.013536769721450348e+01
-1.015528001096148714e+01
-1.017521186574257008e+01
-1.019516326155775232e+01
-1.021513419840703207e+01
-1.023512467629041112e+01
-1.025513469520789123e+01
-1.027516425515946885e+01
-1.029521335614514577e+01
-2.443778436148156885e+01
-2.448537498341239882e+01
-2.453301189972253837e+01
-2.458069511041198751e+01
-2.462842461548074979e+01
-2.467620041492882166e+01
-2.472402250875620311e+01
-2.477189089696289415e+01
-2.481980557954889477e+01
-3.309582649778100460e+01
-3.315971805472652534e+01
-3.322367122358809866e+01
-3.328768600436572456e+01
-3.335176239705940304e+01
-3.341590040166913411e+01
-3.348010001819491777e+01
-3.354436124663674690e+01
-3.360868408699462861e+01
-4.377188230674099856e+01
-4.385565624417017005e+01
-4.393951027140567334e+01
-4.402344438844752261e+01
-4.410745859529570367e+01
-4.419155289195022362e+01
-4.427572727841107536e+01
-4.435998175467827309e+01
-4.444431632075180261e+01
-5.741149180930355556e+01
-5.752043202146542455e+01
-5.762947549449189921e+01
-5.773862222838297953e+01
-5.784787222313866550e+01
-5.795722547875897135e+01
-5.806668199524388285e+01
-5.817624177259339291e+01
-5.828590481080752284e+01
-6.484593903827904171e+01
-6.496794456798417627e+01
-6.509006476454054280e+01
-6.521229962794812707e+01
-6.533464915820694330e+01
-6.545711335531697728e+01
-6.557969221927824321e+01
-6.570238575009074111e+01
-6.582519394775445676e+01
-7.144842174234662480e+01
-7.158172103664203689e+01
-7.171514456140744187e+01
-7.184869231664283973e+01
-7.198236430234823047e+01
-7.211616051852358567e+01
-7.225008096516894796e+01
-7.238412564228428892e+01
-7.251829454986962276e+01
-7.651874696085961602e+01
-7.666031726050968587e+01
-7.680201840147181258e+01
-7.694385038374599617e+01
-7.708581320733225084e+01
-7.722790687223056239e+01
-7.737013137844091659e+01
-7.751248672596335609e+01
-7.765497291479783826e+01
-8.025563094616737203e+01
-8.040288898460070754e+01
-8.055028199832133851e+01
-8.069780998732923649e+01
-8.084547295162444414e+01
-8.099327089120694723e+01
-8.114120380607673155e+01
-8.128927169623379712e+01
-8.143747456167817234e+01
-8.638143936527414724e+01
-8.653863943691250427e+01
-8.669598241770688674e+01
-8.685346830765730886e+01
-8.701109710676375641e+01
-8.716886881502624362e+01
-8.732678343244478469e+01
-8.748484095901933699e+01
-8.764304139474992894e+01
-9.079632848414932766e+01
-9.096022077383190663e+01
-9.112426084736451060e+01
-9.128844870474715378e+01
-9.145278434597980777e+01
-9.161726777106251518e+01
-9.178189897999524760e+01
-9.194667797277800503e+01
-9.211160474941078746e+01
-9.356197305290264410e+01
-9.372949672891499517e+01
-9.389717024721359451e+01
-9.406499360779842789e+01
-9.423296681066949532e+01
-9.440108985582679679e+01
-9.456936274327034653e+01
-9.473778547300011610e+01
-9.490635804501613393e+01
-9.248210577897916096e+01
-9.264637239670381064e+01
-9.281078477007862659e+01
-9.297534289910358041e+01
-9.314004678377871471e+01
-9.330489642410397266e+01
-9.346989182007941110e+01
-9.363503297170498740e+01
-9.380031987898072998e+01
-9.449697037782709685e+01
-9.466348486307437327e+01
-9.483014592797414366e+01
-9.499695357252643646e+01
-9.516390779673122324e+01
-9.533100860058851822e+01
-9.549825598409832139e+01
-9.566564994726063276e+01
-9.583319049007543811e+01
-8.611913131731867566e+01
-8.626968923920209420e+01
-8.642037865272034480e+01
-8.657119955787344168e+01
-8.672215195466135640e+01
-8.687323584308411739e+01
-8.702445122314171044e+01
-8.717579809483413555e+01
-8.732727645816137851e+01
-8.851565285572191044e+01
-8.866919258313861008e+01
-8.882286536057905835e+01
-8.897667118804325526e+01
-8.913061006553121501e+01
-8.928468199304293762e+01
-8.943888697057840886e+01
-8.959322499813765717e+01
-8.974769607572065411e+01
-8.336469780326764578e+01
-8.350818265318721956e+01
-8.365179087787025480e+01
-8.379552247731676573e+01
-8.393937745152675234e+01
-8.408335580050021463e+01
-8.422745752423713839e+01
-8.437168262273755204e+01
-8.451603109600142716e+01
-7.620870796288060944e+01
-7.633886801063958671e+01
-7.646913911645980022e+01
-7.659952128034122154e+01
-7.673001450228387910e+01
-7.686061878228777289e+01
-7.699133412035288870e+01
-7.712216051647922654e+01
-7.725309797066680062e+01
-7.010977714877152778e+01
-7.022860727953215587e+01
-7.034753802852374349e+01
-7.046656939574627643e+01
-7.058570138119978310e+01
-7.070493398488423509e+01
-7.082426720679966081e+01
-7.094370104694603185e+01
-7.106323550532336242e+01
-5.859664346521829970e+01
-5.869520804632043820e+01
-5.879385545480164410e+01
-5.889258569066193161e+01
-5.899139875390130072e+01
-5.909029464451974434e+01
-5.918927336251726246e+01
-5.928833490789386929e+01
-5.938747928064954351e+01
-4.563749129589851350e+01
-4.571368076383824786e+01
-4.578993377595473646e+01
-4.586625033224800063e+01
-4.594263043271801905e+01
-4.601907407736480593e+01
-4.609558126618835416e+01
-4.617215199918867086e+01
-4.624878627636574180e+01
-3.039552237976198867e+01
-3.044588778552795461e+01
-3.049629488451061832e+01
-3.054674367670997270e+01
-3.059723416212602132e+01
-3.064776634075876416e+01
-3.069834021260820478e+01
-3.074895577767433252e+01
-3.079961303595715805e+01
-1.543462999700495075e+01
-1.546001590160528671e+01
-1.548542266561778646e+01
-1.551085028904244645e+01
-1.553629877187926667e+01
-1.556176811412824890e+01
-1.558725831578939314e+01
-1.561276937686269761e+01
-1.563830129734816410e+01
-1.031572301151304938e+00
-1.033256500826654101e+00
-1.034942074237464205e+00
-1.036629021383735472e+00
-1.038317342265468124e+00
-1.040007036882661495e+00
-1.041698105235316252e+00
-1.043390547323432171e+00
-1.045084363147009254e+00
1.330538013088999705e+01
1.332694476643438897e+01
1.334852686322213700e+01
1.337012642125324113e+01
1.339174344052770138e+01
1.341337792104551596e+01
1.343502986280668665e+01
1.345669926581121345e+01
1.347838613005909636e+01
3.401731723403607077e+01
3.407205145323805340e+01
3.412682967100853659e+01
3.418165188734750615e+01
3.423651810225496206e+01
3.429142831573091144e+01
3.434638252777535428e+01
3.440138073838828348e+01
3.445642294756970614e+01
5.153544982667664698e+01
5.161777482639978132e+01
5.170016552843713242e+01
5.178262193278870029e+01
5.186514403945449914e+01
5.194773184843452896e+01
5.203038535972877554e+01
5.211310457333723889e+01
5.219588948925994032e+01
6.815797946266650342e+01
6.826608093683410061e+01
6.837426806985602923e+01
6.848254086173228927e+01
6.859089931246286653e+01
6.869934342204778943e+01
6.880787319048704376e+01
6.891648861778062951e+01
6.902518970392856090e+01
7.610426017417238143e+01
7.622410940279311831e+01
7.634405292663700493e+01
7.646409074570404130e+01
7.658422285999424162e+01
7.670444926950757747e+01
7.682476997424406306e+01
7.694518497420368419e+01
7.706569426938645506e+01
8.080456279624227989e+01
8.093091864111521261e+01
8.105737320149195568e+01
8.118392647737250911e+01
8.131057846875685868e+01
8.143732917564503282e+01
8.156417859803698889e+01
8.169112673593276952e+01
8.181817358933236051e+01
7.821370717724147426e+01
7.833515703310675349e+01
7.845670110918605644e+01
7.857833940547935470e+01
7.870007192198669088e+01
7.882189865870802237e+01
7.894381961564339178e+01
7.906583479279275650e+01
7.918794419015614494e+01
7.362738345445545463e+01
7.374091835569593911e+01
7.385454072604369458e+01
7.396825056549873523e+01
7.408204787406103264e+01
7.419593265173061525e+01
7.430990489850746883e+01
7.442396461439159339e+01
7.453811179938298892e+01
6.156971085700953950e+01
6.166399831620862670e+01
6.175835791577436851e+01
6.185278965570674359e+01
6.194729353600575905e+01
6.204186955667141490e+01
6.213651771770371823e+01
6.223123801910265485e+01
6.232603046086823184e+01
5.043841134095335832e+01
5.051512375363922303e+01
5.059189445843198740e+01
5.066872345533165145e+01
5.074561074433822938e+01
5.082255632545170698e+01
5.089956019867209136e+01
5.097662236399937541e+01
5.105374282143355913e+01
2.385353270292924677e+01
2.388956522967083274e+01
2.392562495077222451e+01
2.396171186623341853e+01
2.399782597605441836e+01
2.403396728023522044e+01
2.407013577877583188e+01
2.410633147167624557e+01
2.414255435893646506e+01
4.790900824198336849e+00
4.798088972471702185e+00
4.805282509162065452e+00
4.812481434269423985e+00
4.819685747793779562e+00
4.826895449735131294e+00
4.834110540093479180e+00
4.841331018868824110e+00
4.848556886061166082e+00
-2.147901278386691359e+01
-2.151102323510963998e+01
-2.154305752138679253e+01
-2.157511564269838189e+01
-2.160719759904440096e+01
-2.163930339042485329e+01
-2.167143301683973888e+01
-2.170358647828905418e+01
-2.173576377477280275e+01
-4.352288699587595033e+01
-4.358731762059227322e+01
-4.365179590109610785e+01
-4.371632183738745425e+01
-4.378089542946631241e+01
-4.384551667733268943e+01
-4.391018558098657110e+01
-4.397490214042796453e+01
-4.403966635565686971e+01
-7.258022589049997464e+01
-7.268696151680951800e+01
-7.279377556753225065e+01
-7.290066804266811573e+01
-7.300763894221715589e+01
-7.311468826617934269e+01
-7.322181601455470457e+01
-7.332902218734321309e+01
-7.343630678454488248e+01
-9.338994187711426775e+01
-9.352637714647454459e+01
-9.366291200362269365e+01
-9.379954644855867230e+01
-9.393628048128252317e+01
-9.407311410179423206e+01
-9.421004731009378474e+01
-9.434708010618119545e+01
-9.448421249005644995e+01
-1.113605228396924076e+02
-1.115221491427979146e+02
-1.116838926513443937e+02
-1.118457533653318450e+02
-1.120077312847602826e+02
-1.121698264096296782e+02
-1.123320387399400602e+02
-1.124943682756914285e+02
-1.126568150168837548e+02
-1.229274974660065283e+02
-1.231047541314225526e+02
-1.232821385033698505e+02
-1.234596505818484076e+02
-1.236372903668582666e+02
-1.238150578583993990e+02
-1.239929530564718192e+02
-1.241709759610755128e+02
-1.243491265722104799e+02
-1.412184376465161506e+02
-1.414207563250928388e+02
-1.416232198273477820e+02
-1.418258281532810656e+02
-1.420285813028926043e+02
-1.422314792761824549e+02
-1.424345220731505890e+02
-1.426377096937970350e+02
-1.428410421381217645e+02
-1.471864593242316914e+02
-1.473959774157964375e+02
-1.476056445244960003e+02
-1.478154606503303796e+02
-1.480254257932996040e+02
-1.482355399534036451e+02
-1.484458031306425312e+02
-1.486562153250162339e+02
-1.488667765365247249e+02
-1.568286803556220548e+02
-1.570505031001137297e+02
-1.572724826097959010e+02
-1.574946188846684834e+02
-1.577169119247315336e+02
-1.579393617299850234e+02
-1.581619683004289811e+02
-1.583847316360633783e+02
-1.586076517368882435e+02
-1.515112219460278027e+02
-1.517241681469357673e+02
-1.519372638887151936e+02
-1.521505091713659965e+02
-1.523639039948882612e+02
-1.525774483592819308e+02
-1.527911422645470338e+02
-1.530049857106835702e+02
-1.532189786976915116e+02
-1.618524352870988992e+02
-1.620784861743713918e+02
-1.623046948082505025e+02
-1.625310611887361745e+02
-1.627575853158285213e+02
-1.629842671895274293e+02
-1.632111068098329554e+02
-1.634381041767450995e+02
-1.636652592902638617e+02
-1.648328974671107403e+02
-1.650616731749068720e+02
-1.652906075343727537e+02
-1.655197005455083854e+02
-1.657489522083138240e+02
-1.659783625227889843e+02
-1.662079314889339230e+02
-1.664376591067486117e+02
-1.666675453762330790e+02
-1.544847505728622252e+02
-1.546978329874454801e+02
-1.549110622541408020e+02
-1.551244383729481342e+02
-1.553379613438675619e+02
-1.555516311668990284e+02
-1.557654478420425335e+02
-1.559794113692980773e+02
-1.561935217486656597e+02
-1.377969771121970837e+02
-1.379858694728717694e+02
-1.381748912118757175e+02
-1.383640423292088713e+02
-1.385533228248712589e+02
-1.387427326988629090e+02
-1.389322719511837363e+02
-1.391219405818338259e+02
-1.393117385908131212e+02
-1.326661480660972074e+02
-1.328468921370319435e+02
-1.330277592468168848e+02
-1.332087493954520028e+02
-1.333898625829373259e+02
-1.335710988092728257e+02
-1.337524580744585307e+02
-1.339339403784944409e+02
-1.341155457213805278e+02
-1.113173981187525641e+02
-1.114681325779519483e+02
-1.116189690225770477e+02
-1.117699074526278622e+02
-1.119209478681043919e+02
-1.120720902690066225e+02
-1.122233346553345683e+02
-1.123746810270882293e+02
-1.125261293842675911e+02
-9.509147492709698213e+01
-9.521945806966374448e+01
-9.534752728024834312e+01
-9.547568255885083488e+01
-9.560392390547119135e+01
-9.573225132010939831e+01
-9.586066480276548418e+01
-9.598916435343943476e+01
-9.611774997213125005e+01
-5.762281092778800939e+01
-5.769989830026665345e+01
-5.777703720173759905e+01
-5.785422763220084619e+01
-5.793146959165638066e+01
-5.800876308010422377e+01
-5.808610809754436133e+01
-5.816350464397680753e+01
-5.824095271940153395e+01
-1.647750056457329748e+01
-1.649941213447299759e+01
-1.652133826355535362e+01
-1.654327895182036556e+01
-1.656523419926803697e+01
-1.658720400589836785e+01
-1.660918837171135110e+01
-1.663118729670699736e+01
-1.665320078088529954e+01
-1.667522882424625763e+01
-1.669727142678987519e+01
-1.671932858851614867e+01
-1.674140030942508162e+01
-1.676348658951667048e+01
-1.678558742879091881e+01
-1.680770282724782305e+01
-1.682983278488738677e+01
5.593554885247687025e+01
5.600909987003436186e+01
5.608269921283336146e+01
5.615634688087384774e+01
5.623004287415584201e+01
5.630378719267932297e+01
5.637757983644429771e+01
5.645142080545077334e+01
5.652531009969874987e+01
5.659924771918822017e+01
5.667323366391918427e+01
5.674726793389164925e+01
5.682135052910560091e+01
5.689548144956106057e+01
5.696966069525800691e+01
5.704388826619645414e+01
5.711816416237639515e+01
1.394932143038099923e+02
1.396746099010841249e+02
1.398561233642434445e+02
1.400377546932878943e+02
1.402195038882175595e+02
1.404013709490323549e+02
1.405833558757323374e+02
1.407654586683174784e+02
1.409476793267877781e+02
1.411300178511432648e+02
1.413124742413839101e+02
1.414950484975097424e+02
1.416777406195207334e+02
1.418605506074168829e+02
1.420434784611981911e+02
1.422265241808646863e+02
1.424096877664163685e+02
2.116864773514625711e+02
2.119587429171879194e+02
2.122311834607832566e+02
2.125037989822486395e+02
2.127765894815839829e+02
2.130495549587893720e+02
2.133226954138647216e+02
2.135960108468101168e+02
2.138695012576255010e+02
2.141431666463108741e+02
2.144170070128662644e+02
2.146910223572916436e+02
2.149652126795870402e+02
2.152395779797524256e+02
2.155141182577878283e+02
2.157888335136932199e+02
2.160637237474686287e+02
2.669707607818338602e+02
2.673104182382992917e+02
2.676502916244891139e+02
2.679903809404033268e+02
2.683306861860419303e+02
2.686712073614049245e+02
2.690119444664923094e+02
2.693528975013040849e+02
2.696940664658402511e+02
2.700354513601008080e+02
2.703770521840857555e+02
2.707188689377950936e+02
2.710609016212288225e+02
2.714031502343869988e+02
2.717456147772694521e+02
2.720882952498763530e+02
2.724311916522076444e+02
3.084244095686439096e+02
3.088126089513609145e+02
3.092010524846330668e+02
3.095897401684603665e+02
3.099786720028428704e+02
3.103678479877805216e+02
3.107572681232733203e+02
3.111469324093213800e+02
3.115368408459244733e+02
3.119269934330828278e+02
3.123173901707963296e+02
3.127080310590649788e+02
3.130989160978888322e+02
3.134900452872678329e+02
3.138814186272019811e+02
3.142730361176913334e+02
3.146648977587358331e+02
2.945376906848960630e+02
2.949044873109046421e+02
2.952715121862137835e+02
2.956387653108234872e+02
2.960062466847338101e+02
2.963739563079446384e+02
2.967418941804560859e+02
2.971100603022680389e+02
2.974784546733806110e+02
2.978470772937936886e+02
2.982159281635073853e+02
2.985850072825215875e+02
2.989543146508364089e+02
2.993238502684517925e+02
2.996936141353677385e+02
3.000636062515842468e+02
3.004338266171013174e+02
2.430909466208299534e+02
2.433905041644169103e+02
2.436902461646193956e+02
2.439901726214374094e+02
2.442902835348708948e+02
2.445905789049199086e+02
2.448910587315844509e+02
2.451917230148644649e+02
2.454925717547600073e+02
2.457936049512710781e+02
2.460948226043976206e+02
2.463962247141396631e+02
2.466978112804972341e+02
2.469995823034703335e+02
2.473015377830589614e+02
2.476036777192630609e+02
2.479060021120826320e+02
1.517533968893596352e+02
1.519384620075173871e+02
1.521236399014936467e+02
1.523089305712884141e+02
1.524943340169016608e+02
1.526798502383334153e+02
1.528654792355836776e+02
1.530512210086524192e+02
1.532370755575396686e+02
1.534230428822454257e+02
1.536091229827696907e+02
1.537953158591124350e+02
1.539816215112736870e+02
1.541680399392534184e+02
1.543545711430516860e+02
1.545412151226684330e+02
1.547279718781036877e+02
5.970096823235439132e+01
5.977302733704038928e+01
5.984512990318880554e+01
5.991727593079964720e+01
5.998946541987290004e+01
6.006169837040856407e+01
6.013397478240665350e+01
6.020629465586716123e+01
6.027865799079007303e+01
6.035106478717540313e+01
6.042351504502315862e+01
6.049600876433331820e+01
6.056854594510590317e+01
6.064112658734089933e+01
6.071375069103831379e+01
6.078641825619814654e+01
6.085912928282039047e+01
-4.083447124852000343e+01
-4.088325795252062278e+01
-4.093207378291169363e+01
-4.098091873969321597e+01
-4.102979282286517559e+01
-4.107869603242759382e+01
-4.112762836838045644e+01
-4.117658983072376344e+01
-4.122558041945752194e+01
-4.127460013458173194e+01
-4.132364897609638632e+01
-4.137272694400148509e+01
-4.142183403829703536e+01
-4.147097025898303713e+01
-4.152013560605948328e+01
-4.156933007952638093e+01
-4.161855367938372297e+01
-1.066376417051981491e+02
-1.067637654683030632e+02
-1.068899637726391205e+02
-1.070162366182063209e+02
-1.071425840050046787e+02
-1.072690059330341796e+02
-1.073955024022948237e+02
-1.075220734127866393e+02
-1.076487189645095839e+02
-1.077754390574636858e+02
-1.079022336916489309e+02
-1.080291028670653333e+02
-1.081560465837128930e+02
-1.082830648415915960e+02
-1.084101576407014420e+02
-1.085373249810424454e+02
-1.086645668626145778e+02
-1.685424354728387755e+02
-1.687397919546571075e+02
-1.689372639171552350e+02
-1.691348513603331867e+02
-1.693325542841909623e+02
-1.695303726887285904e+02
-1.697283065739460142e+02
-1.699263559398432619e+02
-1.701245207864203337e+02
-1.703228011136772295e+02
-1.705211969216139778e+02
-1.707197082102304933e+02
-1.709183349795268896e+02
-1.711170772295030815e+02
-1.713159349601590975e+02
-1.715149081714949375e+02
-1.717139968635106015e+02
-1.949088078858446238e+02
-1.951347891123789395e+02
-1.953609012666227045e+02
-1.955871443485759471e+02
-1.958135183582386674e+02
-1.960400232956108368e+02
-1.962666591606924555e+02
-1.964934259534835519e+02
-1.967203236739841259e+02
-1.969473523221941207e+02
-1.971745118981136216e+02
-1.974018024017425716e+02
-1.976292238330809710e+02
-1.978567761921288479e+02
-1.980844594788862025e+02
-1.983122736933529779e+02
-1.985402188355292594e+02
-1.908699194237200629e+02
-1.910890582519906786e+02
-1.913083228053492633e+02
-1.915277130837957600e+02
-1.917472290873301688e+02
-1.919668708159525465e+02
-1.921866382696628648e+02
-1.924065314484610951e+02
-1.926265503523472660e+02
-1.928466949813213773e+02
-1.930669653353834292e+02
-1.932873614145334216e+02
-1.935078832187713260e+02
-1.937285307480971710e+02
-1.939493040025109565e+02
-1.941702029820126825e+02
-1.943912276866023490e+02
-1.716146738936143947e+02
-1.718098014364155404e+02
-1.720050398471387325e+02
-1.722003891257839996e+02
-1.723958492723512848e+02
-1.725914202868406164e+02
-1.727871021692519946e+02
-1.729828949195854477e+02
-1.731787985378409189e+02
-1.733748130240184366e+02
-1.735709383781180009e+02
-1.737671746001396116e+02
-1.739635216900832688e+02
-1.741599796479490010e+02
-1.743565484737367512e+02
-1.745532281674465196e+02
-1.747500187290783913e+02
-1.259128329666109920e+02
-1.260546266974292564e+02
-1.261965002221309220e+02
-1.263384535407159888e+02
-1.264804866531844709e+02
-1.266225995595363685e+02
-1.267647922597716672e+02
-1.269070647538903813e+02
-1.270494170418924966e+02
-1.271918491237780273e+02
-1.273343609995469734e+02
-1.274769526691993207e+02
-1.276196241327350691e+02
-1.277623753901542472e+02
-1.279052064414568122e+02
-1.280481172866427926e+02
-1.281911079257122026e+02
-7.445306411543742797e+01
-7.453611270898505836e+01
-7.461920759494825006e+01
-7.470234877332701728e+01
-7.478553624412137424e+01
-7.486877000733130672e+01
-7.495205006295680050e+01
-7.503537641099789823e+01
-7.511874905145455728e+01
-7.520216798432680605e+01
-7.528563320961463035e+01
-7.536914472731803016e+01
-7.545270253743699129e+01
-7.553630663997155636e+01
-7.561995703492168275e+01
-7.570365372228739886e+01
-7.578739670206869050e+01
1.325210851146094448e+01
1.326675172528576141e+01
1.328140302481672386e+01
1.329606241005382827e+01
1.331072988099707644e+01
1.332540543764646657e+01
1.334008908000200044e+01
1.335478080806367629e+01
1.336948062183149588e+01
1.338418852130545744e+01
1.339890450648556275e+01
1.341362857737181002e+01
1.342836073396420105e+01
1.344310097626273581e+01
1.345784930426741077e+01
1.347260571797823125e+01
1.348737021739519371e+01
7.190917894632859486e+01
7.198789725935139927e+01
7.206665863490867707e+01
7.214546307300042827e+01
7.222431057362665285e+01
7.230320113678736504e+01
7.238213476248255063e+01
7.246111145071220960e+01
7.254013120147634197e+01
7.261919401477496194e+01
7.269829989060804110e+01
7.277744882897560785e+01
7.285664082987764800e+01
7.293587589331416154e+01
7.301515401928516269e+01
7.309447520779062302e+01
7.317383945883057095e+01
1.347242798702178845e+02
1.348704016488189836e+02
1.350166026262160699e+02
1.351628828024091433e+02
1.353092421773982323e+02
1.354556807511832801e+02
1.356021985237643435e+02
1.357487954951413656e+02
1.358954716653144033e+02
1.360422270342834281e+02
1.361890616020484401e+02
1.363359753686094678e+02
1.364829683339664541e+02
1.366300404981193992e+02
1.367771918610683883e+02
1.369244224228133646e+02
1.370717321833542997e+02
1.899409029821359240e+02
1.901450307661038437e+02
1.903492681783123430e+02
1.905536152187613936e+02
1.907580718874510524e+02
1.909626381843813192e+02
1.911673141095521373e+02
1.913720996629635351e+02
1.915769948446155411e+02
1.917819996545081267e+02
1.919871140926412636e+02
1.921923381590150370e+02
1.923976718536293617e+02
1.926031151764842662e+02
1.928086681275797787e+02
1.930143307069158709e+02
1.932201029144925428e+02
2.360304701663869480e+02
2.362818338193862928e+02
2.365333312476134040e+02
2.367849624510683100e+02
2.370367274297509823e+02
2.372886261836614494e+02
2.375406587127997398e+02
2.377928250171657396e+02
2.380451250967595627e+02
2.382975589515811237e+02
2.385501265816305079e+02
2.388028279869076869e+02
2.390556631674126038e+02
2.393086321231453155e+02
2.395617348541058220e+02
2.398149713602940949e+02
2.400683416417101057e+02
2.443550527609567098e+02
2.446129472757439771e+02
2.448709778108449768e+02
2.451291443662596805e+02
2.453874469419880882e+02
2.456458855380301998e+02
2.459044601543860438e+02
2.461631707910555633e+02
2.464220174480387868e+02
2.466810001253357427e+02
2.469401188229463742e+02
2.471993735408707096e+02
2.474587642791088058e+02
2.477182910376605491e+02
2.479779538165260249e+02
2.482377526157052046e+02
2.484976874351980882e+02
2.204940951355494576e+02
2.207247374944778642e+02
2.209555004191976479e+02
2.211863839097088373e+02
2.214173879660114039e+02
2.216485125881053762e+02
2.218797577759906972e+02
2.221111235296674522e+02
2.223426098491355845e+02
2.225742167343950939e+02
2.228059441854460090e+02
2.230377922022883013e+02
2.232697607849219708e+02
2.235018499333470459e+02
2.237340596475635266e+02
2.239663899275713561e+02
2.241988407733705913e+02
1.736781447848860296e+02
1.738582154378511575e+02
1.740383793916727768e+02
1.742186366463508307e+02
1.743989872018853760e+02
1.745794310582763558e+02
1.747599682155237701e+02
1.749405986736276759e+02
1.751213224325880446e+02
1.753021394924048479e+02
1.754830498530781426e+02
1.756640535146078719e+02
1.758451504769940641e+02
1.760263407402367193e+02
1.762076243043358375e+02
1.763890011692913902e+02
1.765704713351034343e+02
1.242260443833921499e+02
1.243537176047522479e+02
1.244814564004427950e+02
1.246092607704637913e+02
1.247371307148152226e+02
1.248650662334970889e+02
1.249930673265093759e+02
1.251211339938521263e+02
1.252492662355252975e+02
1.253774640515288894e+02
1.255057274418629447e+02
1.256340564065274208e+02
1.257624509455223460e+02
1.258909110588477063e+02
1.260194367465034730e+02
1.261480280084897174e+02
1.262766848448063683e+02
8.113375800169575314e+01
8.121642102564041465e+01
8.129912613870115479e+01
8.138187334087794511e+01
8.146466263217081405e+01
8.154749401257971897e+01
8.163036748210470250e+01
8.171328304074575044e+01
8.179624068850284857e+01
8.187924042537601110e+01
8.196228225136523804e+01
8.204536616647052938e+01
8.212849217069187091e+01
8.221166026402927685e+01
8.229487044648274718e+01
8.237812271805228193e+01
8.246141707873788107e+01
2.615551958928958309e-01
2.618193930604643671e-01
2.620837235935895571e-01
2.623481874922712898e-01
2.626127847565095652e-01
2.628775153863044389e-01
2.631423793816558554e-01
2.634073767425638701e-01
2.636725074690284831e-01
2.639377715610496389e-01
2.642031690186273374e-01
2.644686998417616342e-01
2.647343640304525292e-01
2.650001615846999670e-01
2.652660925045040030e-01
2.655321567898645818e-01
2.657983544407817034e-01
-2.554528392460753494e+01
-2.557086758402126492e+01
-2.559646404806933262e+01
-2.562207331675174160e+01
-2.564769539006849541e+01
-2.567333026801958695e+01
-2.569897795060502332e+01
-2.572463843782479742e+01
-2.575031172967891280e+01
-2.577599782616737301e+01
-2.580169672729017094e+01
-2.582740843304731015e+01
-2.585313294343879420e+01
-2.587887025846461597e+01
-2.590462037812477902e+01
-2.593038330241928335e+01
-2.595615903134813252e+01
-6.991154137117588618e+01
-6.998096693361001996e+01
-7.005042695041757383e+01
-7.011992142159854779e+01
-7.018945034715292763e+01
-7.025901372708074177e+01
-7.032861156138196179e+01
-7.039824385005658769e+01
-7.046791059310464789e+01
-7.053761179052611396e+01
-7.060734744232100013e+01
-7.067711754848930639e+01
-7.074692210903101852e+01
-7.081676112394615075e+01
-7.088663459323470306e+01
-7.095654251689667547e+01
-7.102648489493205375e+01
-7.109646172734085212e+01
-7.116647301412307058e+01
-7.123651875527869493e+01
-7.130659895080775357e+01
-7.137671360071021809e+01
-7.144686270498610270e+01
-7.151704626363539319e+01
-7.158726427665811798e+01
-7.165751674405424865e+01
-7.172780366582378520e+01
-7.179812504196675604e+01
-7.186848087248313277e+01
-7.193887115737294380e+01
-7.200929589663614649e+01
-7.207975509027276928e+01
-7.215024873828282637e+01
-6.713745299106130915e+01
-6.720304893926947898e+01
-6.726867691674922867e+01
-6.733433692350057242e+01
-6.740002895952349604e+01
-6.746575302481801373e+01
-6.753150911938411127e+01
-6.759729724322178868e+01
-6.766311739633106015e+01
-6.772896957871192569e+01
-6.779485379036437109e+01
-6.786077003128839635e+01
-6.792671830148401568e+01
-6.799269860095121487e+01
-6.805871092968999392e+01
-6.812475528770038125e+01
-6.819083167498233422e+01
-6.825694009153588127e+01
-6.832308053736100817e+01
-6.838925301245772914e+01
-6.845545751682604418e+01
-6.852169405046592487e+01
-6.858796261337739963e+01
-6.865426320556046846e+01
-6.872059582701511715e+01
-6.878696047774134570e+01
-6.885335715773916831e+01
-6.891978586700857079e+01
-6.898624660554956733e+01
-6.905273937336214374e+01
-6.911926417044630000e+01
-6.918582099680205033e+01
-6.925240985242938052e+01
-2.722733246393188011e+01
-2.725351259130104609e+01
-2.727970529922156473e+01
-2.730591058769343960e+01
-2.733212845671667068e+01
-2.735835890629125444e+01
-2.738460193641719087e+01
-2.741085754709448352e+01
-2.743712573832313595e+01
-2.746340651010313749e+01
-2.748969986243449526e+01
-2.751600579531720570e+01
-2.754232430875127235e+01
-2.756865540273669879e+01
-2.759499907727347434e+01
-2.762135533236160612e+01
-2.764772416800109056e+01
-2.767410558419193123e+01
-2.770049958093412812e+01
-2.772690615822767768e+01
-2.775332531607258346e+01
-2.777975705446884191e+01
-2.780620137341645659e+01
-2.783265827291542394e+01
-2.785912775296575106e+01
-2.788560981356742730e+01
-2.791210445472045976e+01
-2.793861167642484844e+01
-2.796513147868058979e+01
-2.799166386148769092e+01
-2.801820882484614117e+01
-2.804476636875594409e+01
-2.807133649321710678e+01
-1.580315489621313851e+00
-1.581811292261750657e+00
-1.583307802472026626e+00
-1.584805020252141983e+00
-1.586302945602096726e+00
-1.587801578521891077e+00
-1.589300919011524371e+00
-1.590800967070997274e+00
-1.592301722700309785e+00
-1.593803185899461239e+00
-1.595305356668452301e+00
-1.596808235007282528e+00
-1.598311820915952364e+00
-1.599816114394461586e+00
-1.601321115442809973e+00
-1.602826824060997968e+00
-1.604333240249025128e+00
-1.605840364006891896e+00
-1.607348195334597829e+00
-1.608856734232143149e+00
-1.610365980699527855e+00
-1.611875934736752169e+00
-1.613386596343815427e+00
-1.614897965520718293e+00
-1.616410042267460545e+00
-1.617922826584042184e+00
-1.619436318470463210e+00
-1.620950517926723622e+00
-1.622465424952823421e+00
-1.623981039548762606e+00
-1.625497361714540956e+00
-1.627014391450158914e+00
-1.628532128755616259e+00
3.405861976916834521e+01
3.409036126009953449e+01
3.412211753514387880e+01
3.415388859430137103e+01
3.418567443757200408e+01
3.421747506495579216e+01
3.424929047645272817e+01
3.428112067206281921e+01
3.431296565178605107e+01
3.434482541562243796e+01
3.437669996357196567e+01
3.440858929563465551e+01
3.444049341181048618e+01
3.447241231209946477e+01
3.450434599650159839e+01
3.453629446501687283e+01
3.456825771764530231e+01
3.460023575438687971e+01
3.463222857524160503e+01
3.466423618020947828e+01
3.469625856929050656e+01
3.472829574248468276e+01
3.476034769979200689e+01
3.479241444121247895e+01
3.482449596674609893e+01
3.485659227639286684e+01
3.488870337015278977e+01
3.492082924802586064e+01
3.495296991001207232e+01
3.498512535611144614e+01
3.501729558632396078e+01
3.504948060064962334e+01
3.508168039908844094e+01
5.217962190195157035e+01
5.222751508405524845e+01
5.227543023550850876e+01
5.232336735631135838e+01
5.237132644646379731e+01
5.241930750596582556e+01
5.246731053481744311e+01
5.251533553301864998e+01
5.256338250056944617e+01
5.261145143746983166e+01
5.265954234371979936e+01
5.270765521931935638e+01
5.275579006426851691e+01
5.280394687856724545e+01
5.285212566221557751e+01
5.290032641521349888e+01
5.294854913756100245e+01
5.299679382925809534e+01
5.304506049030477755e+01
5.309334912070104906e+01
5.314165972044690989e+01
5.318999228954236003e+01
5.323834682798739948e+01
5.328672333578202824e+01
5.333512181292623922e+01
5.338354225942004661e+01
5.343198467526344331e+01
5.348044906045642222e+01
5.352893541499899754e+01
5.357744373889116218e+01
5.362597403213290903e+01
5.367452629472424519e+01
5.372310052666517066e+01
5.640715968954285842e+01
5.645816073808674673e+01
5.650918483274385551e+01
5.656023197351417053e+01
5.661130216039770602e+01
5.666239539339445486e+01
5.671351167250441705e+01
5.676465099772759260e+01
5.681581336906398860e+01
5.686699878651359796e+01
5.691820725007641357e+01
5.696943875975245675e+01
5.702069331554170617e+01
5.707197091744416895e+01
5.712327156545984508e+01
5.717459525958874877e+01
5.722594199983085872e+01
5.727731178618617491e+01
5.732870461865471157e+01
5.738012049723647579e+01
5.743155942193143915e+01
5.748302139273962297e+01
5.753450640966101304e+01
5.758601447269562357e+01
5.763754558184345456e+01
5.768909973710449890e+01
5.774067693847874949e+01
5.779227718596622054e+01
5.784390047956690495e+01
5.789554681928080271e+01
5.794721620510792093e+01
5.799890863704824540e+01
5.805062411510179032e+01
2.796783039261320525e+01
2.799274605443290653e+01
2.801767280960159212e+01
2.804261065811925846e+01
2.806755959998591266e+01
2.809251963520155115e+01
2.811749076376617396e+01
2.814247298567978461e+01
2.816746630094237958e+01
2.819247070955395174e+01
2.821748621151451530e+01
2.824251280682406318e+01
2.826755049548259535e+01
2.829259927749011538e+01
2.831765915284661261e+01
2.834273012155210125e+01
2.836781218360657064e+01
2.839290533901002789e+01
2.841800958776246944e+01
2.844312492986389174e+01
2.846825136531430189e+01
2.849338889411369635e+01
2.851853751626207867e+01
2.854369723175943818e+01
2.856886804060578910e+01
2.859404994280112433e+01
2.861924293834544031e+01
2.864444702723874414e+01
2.866966220948103228e+01
2.869488848507230472e+01
2.872012585401255791e+01
2.874537431630180251e+01
2.877063387194003141e+01
8.624455013383961699e+00
8.632026966863666217e+00
8.639602242832831180e+00
8.647180841291456588e+00
8.654762762239542440e+00
8.662348005677086960e+00
8.669936571604093700e+00
8.677528460020559109e+00
8.685123670926484962e+00
8.692722204321871260e+00
8.700324060206718002e+00
8.707929238581025189e+00
8.715537739444791043e+00
8.723149562798017342e+00
8.730764708640705862e+00
8.738383176972851274e+00
8.746004967794460683e+00
8.753630081105526983e+00
8.761258516906055505e+00
8.768890275196042694e+00
8.776525355975490328e+00
8.784163759244400183e+00
8.791805485002766929e+00
8.799450533250595896e+00
8.807098903987885308e+00
8.814750597214633387e+00
8.822405612930841912e+00
8.830063951136510880e+00
8.837725611831640293e+00
8.845390595016230151e+00
8.853058900690280453e+00
8.860730528853789423e+00
8.868405479506760614e+00
-2.552448348669604883e+01
-2.554657304401902707e+01
-2.556867215564879814e+01
-2.559078082158537626e+01
-2.561289904182874722e+01
-2.563502681637892522e+01
-2.565716414523590316e+01
-2.567931102839967750e+01
-2.570146746587025532e+01
-2.572363345764763309e+01
-2.574580900373181436e+01
-2.576799410412279556e+01
-2.579018875882057316e+01
-2.581239296782515424e+01
-2.583460673113653527e+01
-2.585683004875471624e+01
-2.587906292067970071e+01
-2.590130534691148156e+01
-2.592355732745006947e+01
-2.594581886229545375e+01
-2.596808995144763799e+01
-2.599037059490662216e+01
-2.601266079267240627e+01
-2.603496054474499388e+01
-2.605726985112438143e+01
-2.607958871181056892e+01
-2.610191712680355991e+01
-2.612425509610334728e+01
-2.614660261970993815e+01
-2.616895969762332896e+01
-2.619132632984351972e+01
-2.621370251637051041e+01
-2.623608825720430460e+01
-2.362326069935803829e+01
-2.364341706514247221e+01
-2.366358202639205999e+01
-2.368375558310680162e+01
-2.370393773528670067e+01
-2.372412848293174648e+01
-2.374432782604194969e+01
-2.376453576461730322e+01
-2.378475229865781060e+01
-2.380497742816347184e+01
-2.382521115313428695e+01
-2.384545347357025591e+01
-2.386570438947137518e+01
-2.388596390083765186e+01
-2.390623200766907885e+01
-2.392650870996565970e+01
-2.394679400772739442e+01
-2.396708790095427943e+01
-2.398739038964632186e+01
-2.400770147380351816e+01
-2.402802115342586475e+01
-2.404834942851336521e+01
-2.406868629906601953e+01
-2.408903176508382771e+01
-2.410938582656678975e+01
-2.412974848351490209e+01
-2.415011973592816830e+01
-2.417049958380658836e+01
-2.419088802715016229e+01
-2.421128506595888652e+01
-2.423169070023276817e+01
-2.425210492997180367e+01
-2.427252775517598948e+01
-1.056305411499192815e+01
-1.057194183406217824e+01
-1.058083329060890776e+01
-1.058972848463211847e+01
-1.059862741613181036e+01
-1.060753008510798168e+01
-1.061643649156063240e+01
-1.062534663548976432e+01
-1.063426051689537744e+01
-1.064317813577746996e+01
-1.065209949213604190e+01
-1.066102458597109504e+01
-1.066995341728262936e+01
-1.067888598607064310e+01
-1.068782229233513803e+01
-1.069676233607611238e+01
-1.070570611729356614e+01
-1.071465363598750287e+01
-1.072360489215791723e+01
-1.073255988580481457e+01
-1.074151861692818954e+01
-1.075048108552804749e+01
-1.075944729160438484e+01
-1.076841723515720162e+01
-1.077739091618649780e+01
-1.078636833469227518e+01
-1.079534949067453553e+01
-1.080433438413327352e+01
-1.081332301506849269e+01
-1.082231538348019129e+01
-1.083131148936837107e+01
-1.084031133273303205e+01
-1.084931491357417244e+01
-1.364825419361448766e+01
-1.365958054564238289e+01
-1.367091159545212342e+01
-1.368224734304370926e+01
-1.369358778841714042e+01
-1.370493293157241510e+01
-1.371628277250953509e+01
-1.372763731122849862e+01
-1.373899654772930923e+01
-1.375036048201196515e+01
-1.376172911407646282e+01
-1.377310244392280758e+01
-1.378448047155099765e+01
-1.379586319696102947e+01
-1.380725062015291016e+01
-1.381864274112663260e+01
-1.383003955988220035e+01
-1.384144107641961341e+01
-1.385284729073887178e+01
-1.386425820283997545e+01
-1.387567381272292266e+01
-1.388709412038771518e+01
-1.389851912583435301e+01
-1.390994882906283436e+01
-1.392138323007316103e+01
-1.393282232886533478e+01
-1.394426612543935029e+01
-1.395571461979521288e+01
-1.396716781193291901e+01
-1.397862570185247044e+01
-1.399008828955386541e+01
-1.400155557503710746e+01
-1.401302755830219127e+01
-5.657099237074354470e+00
-5.661730509474742767e+00
-5.666363676831105423e+00
-5.670998739143441547e+00
-5.675635696411752029e+00
-5.680274548636035981e+00
-5.684915295816294289e+00
-5.689557937952526068e+00
-5.694202475044732203e+00
-5.698848907092912697e+00
-5.703497234097066659e+00
-5.708147456057194979e+00
-5.712799572973296769e+00
-5.717453584845372916e+00
-5.722109491673422532e+00
-5.726767293457446506e+00
-5.731426990197443949e+00
-5.736088581893416638e+00
-5.740752068545362796e+00
-5.745417450153282424e+00
-5.750084726717176409e+00
-5.754753898237043863e+00
-5.759424964712885675e+00
-5.764097926144700956e+00
-5.768772782532490595e+00
-5.773449533876254591e+00
-5.778128180175992057e+00
-5.782808721431703880e+00
-5.787491157643390061e+00
-5.792175488811048822e+00
-5.796861714934682830e+00
-5.801549836014290307e+00
-5.806239852049871253e+00
6.494063634909123806e-02
6.499309243661069435e-02
6.504556970139600824e-02
6.509806814344717973e-02
6.515058776276419494e-02
6.520312855934706775e-02
6.525569053319579815e-02
6.530827368431037228e-02
6.536087801269081787e-02
6.541350351833710719e-02
6.546615020124924023e-02
6.551881806142724474e-02
6.557150709887109297e-02
6.562421731358079879e-02
6.567694870555636222e-02
6.572970127479776936e-02
6.578247502130502022e-02
6.583526994507814256e-02
6.588808604611712250e-02
6.594092332442194615e-02
6.599378177999262740e-02
6.604666141282915237e-02
6.609956222293154882e-02
6.615248421029977510e-02
6.620542737493387286e-02
6.625839171683381434e-02
6.631137723599962730e-02
6.636438393243128397e-02
6.641741180612878437e-02
6.647046085709214236e-02
6.652353108532135795e-02
6.657662249081643113e-02
6.662973507357736191e-02
