0.000000000000000000e+00
0.000000000000000000e+00
0.000000000000000000e+00
0.000000000000000000e+00
0.000000000000000000e+00
0.000000000000000000e+00
0.000000000000000000e+00
0.000000000000000000e+00
0.000000000000000000e+00
0.000000000000000000e+00
0.000000000000000000e+00
0.000000000000000000e+00
0.000000000000000000e+00
0.000000000000000000e+00
0.000000000000000000e+00
0.000000000000000000e+00
0.000000000000000000e+00
0.000000000000000000e+00
0.000000000000000000e+00
0.000000000000000000e+00
0.000000000000000000e+00
0.000000000000000000e+00
0.000000000000000000e+00
0.000000000000000000e+00
0.000000000000000000e+00
0.000000000000000000e+00
0.000000000000000000e+00
0.000000000000000000e+00
2.148736844562224024e-03
2.291985967533038786e-03
2.439856029954525201e-03
2.592347031826683270e-03
2.749458973149512559e-03
4.132556024300005487e-03
4.368702082831434769e-03
4.611407754099847330e-03
4.860673038105244904e-03
5.116497934847625759e-03
6.731441011012641654e-03
7.068013061563274170e-03
7.412794186517579487e-03
7.765784385875559338e-03
8.126983659637213725e-03
1.069323681921697904e-02
1.116849178895995554e-02
1.165407838847995307e-02
1.214999661777697339e-02
1.265624647685101301e-02
1.388607536355088330e-02
1.444151837809291850e-02
1.500785243213577889e-02
1.558507752567946276e-02
1.617319365872397011e-02
2.072803669209571584e-02
2.148178348089919629e-02
2.224899003378845094e-02
2.302965635076348674e-02
2.382378243182429328e-02
2.671648859781449933e-02
2.760703821774165151e-02
2.851218701176596801e-02
2.943193497988745230e-02
3.036628212210610092e-02
3.485875345795949598e-02
3.593133048743517299e-02
3.702015868402411952e-02
3.812523804772633557e-02
3.924656857854181419e-02
4.358550165121907738e-02
4.483080169839676055e-02
4.609364118285863565e-02
4.737402010460470964e-02
4.867193846363498250e-02
5.080786154550864797e-02
5.216273785338888108e-02
5.353544148110964823e-02
5.492597242867092860e-02
5.633433069607274996e-02
5.730677098989615803e-02
5.873944026464356788e-02
6.018979681438784562e-02
6.165784063912901902e-02
6.314357173886706032e-02
7.333690811580023672e-02
7.506248242440730079e-02
7.680812155055630197e-02
7.857382549424725415e-02
8.035959425548015733e-02
8.092908987244401553e-02
8.272751409183165539e-02
8.454570121472905486e-02
8.638365124113621396e-02
8.824136417105310493e-02
8.918354813801523950e-02
9.106109651986818432e-02
9.295820269736544683e-02
9.487486667050699929e-02
9.681108843929284169e-02
9.740611698212599256e-02
9.935423932176852546e-02
1.013216500014074983e-01
1.033083490210429528e-01
1.053143363806748473e-01
1.073396120803032094e-01
1.093841761199280394e-01
1.114480284995493092e-01
1.135311692191670607e-01
1.159913570875289734e-01
1.181196388689515209e-01
1.202672686665688245e-01
1.224342464803808705e-01
1.246205723103876728e-01
1.268262461565892174e-01
1.290512680189855321e-01
1.312956378975765614e-01
1.335593557923623886e-01
1.352383099876965367e-01
1.375304847332506908e-01
1.398419214514566022e-01
1.421726201423142155e-01
1.445225808058235306e-01
1.468918034419845753e-01
1.492802880507973495e-01
1.516880346322617978e-01
1.541150431863780035e-01
1.607916124618511133e-01
1.633237638392031066e-01
1.658756976491906343e-01
1.684474138918137520e-01
1.710389125670724320e-01
1.736501936749666464e-01
1.762812572154964508e-01
1.789321031886618174e-01
1.816027315944627463e-01
1.865279143409806772e-01
1.892709719048186467e-01
1.920340517866407914e-01
1.948171539864471946e-01
1.976202785042378007e-01
2.004434253400126376e-01
2.032865944937716773e-01
2.061497859655149478e-01
2.090329997552424213e-01
2.120036896764845857e-01
2.149278784996085101e-01
2.178720960133017914e-01
2.208363422175643742e-01
2.238206171123963417e-01
2.268249206977976384e-01
2.298492529737682921e-01
2.328936139403082473e-01
2.359580035974175594e-01
2.336695466505697982e-01
2.367042160875901802e-01
2.397584640371074605e-01
2.428322904991216946e-01
2.459256954736327994e-01
2.490386789606407747e-01
2.521712409601457039e-01
2.553233814721475592e-01
2.584951004966462573e-01
2.583441278271110253e-01
2.615139944262167004e-01
2.647031894801948892e-01
2.679117129890457583e-01
2.711395649527691964e-01
2.743867453713652593e-01
2.776532542448338359e-01
2.809390915731750926e-01
2.842442573563889185e-01
2.795408433705607321e-01
2.827913182934742031e-01
2.860605820887744954e-01
2.893486347564615535e-01
2.926554762965353773e-01
2.959811067089960224e-01
2.993255259938434887e-01
3.026887341510776652e-01
3.060707311806986630e-01
3.159902458827665295e-01
3.194818508096479714e-01
3.229926403789847300e-01
3.265226145907769162e-01
3.300717734450244745e-01
3.336401169417274604e-01
3.372276450808858184e-01
3.408343578624996040e-01
3.444602552865687062e-01
3.487978165330650748e-01
3.524693724965710095e-01
3.561601512661686231e-01
3.598701528418578599e-01
3.635993772236388311e-01
3.673478244115113145e-01
3.711154944054755878e-01
3.749023872055314288e-01
3.787085028116789487e-01
3.920896833425484562e-01
3.960302831751368879e-01
3.999905860068882490e-01
4.039705918378025951e-01
4.079703006678798149e-01
4.119897124971200197e-01
4.160288273255231539e-01
4.200876451530892175e-01
4.241661659798182105e-01
4.378972673918676839e-01
4.421078180398664292e-01
4.463385148632144639e-01
4.505893578619116768e-01
4.548603470359582901e-01
4.591514823853540817e-01
4.634627639100992180e-01
4.677941916101935882e-01
4.721457654856372477e-01
4.949044906781820963e-01
4.994658223895017124e-01
5.040480776407816332e-01
5.086512564320215812e-01
5.132753587632217229e-01
5.179203846343821693e-01
5.225863340455026984e-01
5.272732069965834212e-01
5.319810034876243376e-01
5.820070182831522665e-01
5.871575228697287763e-01
5.923307169038233289e-01
5.975266003854358132e-01
6.027451733145662294e-01
6.079864356912146883e-01
6.132503875153809680e-01
6.185370287870654016e-01
6.238463595062675449e-01
6.149048747065239962e-01
6.201381076827497951e-01
6.253935153749764497e-01
6.306710977832041820e-01
6.359708549074327699e-01
6.412927867476622135e-01
6.466368933038927347e-01
6.520031745761242226e-01
6.573916305643566771e-01
7.187829074757206005e-01
7.246745706517510044e-01
7.305902814325816452e-01
7.365300398182124120e-01
7.424938458086431936e-01
7.484816994038742122e-01
7.544936006039053566e-01
7.605295494087366270e-01
7.665895458183680233e-01
8.012497898457902057e-01
8.075837802793537357e-01
8.139427076831281527e-01
8.203265720571135677e-01
8.267353734013096478e-01
8.331691117157167259e-01
8.396277870003346910e-01
8.461113992551635432e-01
8.526199484802032824e-01
8.996983326721854635e-01
9.065662588757898988e-01
9.134602988672406720e-01
9.203804526465381164e-01
9.273267202136816767e-01
9.342991015686717970e-01
9.412975967115083664e-01
9.483222056421912738e-01
9.553729283607204081e-01
1.038127611608656631e+00
1.045789069996912346e+00
1.053478695511595564e+00
1.061196488152706063e+00
1.068942447920244287e+00
1.076716574814209570e+00
1.084518868834602356e+00
1.092349329981422645e+00
1.100207958254670215e+00
1.147579820720466603e+00
1.155776819439898295e+00
1.164002988973278363e+00
1.172258329320606807e+00
1.180542840481882960e+00
1.188856522457107490e+00
1.197199375246280173e+00
1.205571398849401232e+00
1.213972593266470001e+00
1.312932883749885926e+00
1.322018924467878165e+00
1.331136296360760030e+00
1.340284999428531520e+00
1.349465033671192637e+00
1.358676399088743603e+00
1.367919095681183972e+00
1.377193123448513967e+00
1.386498482390733811e+00
1.439853143538382563e+00
1.449516587454747762e+00
1.459212350581535311e+00
1.468940432918745431e+00
1.478700834466378344e+00
1.488493555224433829e+00
1.498318595192912106e+00
1.508175954371812733e+00
1.518065632761136152e+00
1.546681263752342383e+00
1.556757363190468535e+00
1.566866177237159707e+00
1.577007705892416567e+00
1.587181949156238669e+00
1.597388907028626015e+00
1.607628579509578604e+00
1.617900966599096879e+00
1.628206068297180176e+00
1.696037753171425910e+00
1.706772169330738720e+00
1.717540448001594999e+00
1.728342589183995193e+00
1.739178592877938634e+00
1.750048459083425767e+00
1.760952187800456370e+00
1.771889779029030665e+00
1.782861232769148430e+00
1.817652283506956401e+00
1.828837836020845264e+00
1.840057700045513167e+00
1.851311875580959665e+00
1.862600362627184980e+00
1.873923161184189112e+00
1.885280271251972062e+00
1.896671692830534051e+00
1.908097425919874635e+00
1.707204418548823099e+00
1.717427199498217094e+00
1.727680496211639438e+00
1.737964308689089465e+00
1.748278636930567620e+00
1.758623480936074124e+00
1.768998840705608533e+00
1.779404716239170847e+00
1.789841107536761289e+00
1.680108151069901190e+00
1.689904700055731235e+00
1.699729727381636746e+00
1.709583233047617279e+00
1.719465217053672834e+00
1.729375679399803412e+00
1.739314620086009233e+00
1.749282039112290077e+00
1.759277936478646165e+00
1.216140771803225995e+00
1.223050662552108037e+00
1.229980128062318157e+00
1.236929168333856799e+00
1.243897783366723520e+00
1.250885973160918763e+00
1.257893737716442084e+00
1.264921077033293484e+00
1.271967991111473406e+00
4.970813169705948775e-01
4.998352300840053775e-01
5.025967506922043304e-01
5.053658787951916809e-01
5.081426143929673733e-01
5.109269574855316298e-01
5.137189080728843393e-01
5.165184661550253908e-01
5.193256317319547843e-01
-7.095288976582383444e-01
-7.133641889969315475e-01
-7.172098180481278895e-01
-7.210657848118275925e-01
-7.249320892880304346e-01
-7.288087314767364155e-01
-7.326957113779457575e-01
-7.365930289916581275e-01
-7.405006843178738585e-01
-2.452653414503216389e+00
-2.465596176585027166e+00
-2.478572998567053709e+00
-2.491583880449295574e+00
-2.504628822231752761e+00
-2.517707823914425269e+00
-2.530820885497312656e+00
-2.543968006980415364e+00
-2.557149188363733394e+00
-4.526812326759940497e+00
-4.550146410918496365e+00
-4.573540479869234510e+00
-4.596994533612153155e+00
-4.620508572147254078e+00
-4.644082595474535502e+00
-4.667716603593999203e+00
-4.691410596505644293e+00
-4.715164574209469883e+00
-7.017320421810396169e+00
-7.052672161970650500e+00
-7.088112725598644026e+00
-7.123642112694375861e+00
-7.159260323257848668e+00
-7.194967357289059784e+00
-7.230763214788009208e+00
-7.266647895754699604e+00
-7.302621400189129197e+00
-9.345754212077093115e+00
-9.391792410166143412e+00
-9.437943724221014463e+00
-9.484208154241706268e+00
-9.530585700228218826e+00
-9.577076362180550362e+00
-9.623680140098704427e+00
-9.670397033982677470e+00
-9.717227043832473043e+00
-1.122027445347463015e+01
-1.127434806529860545e+01
-1.132855166176638662e+01
-1.138288524287797543e+01
-1.143734880863337189e+01
-1.149194235903257777e+01
-1.154666589407558952e+01
-1.160151941376240892e+01
-1.165650291809303596e+01
-1.302173780171665207e+01
-1.308316109323418353e+01
-1.314472891014352030e+01
-1.320644125244466416e+01
-1.326829812013761334e+01
-1.333029951322236784e+01
-1.339244543169892943e+01
-1.345473587556729633e+01
-1.351717084482747033e+01
-1.399276640815060979e+01
-1.405739812366169872e+01
-1.412217876017626850e+01
-1.418710831769432090e+01
-1.425218679621585416e+01
-1.431741419574087004e+01
-1.438279051626936678e+01
-1.444831575780134614e+01
-1.451398992033680635e+01
-1.470043636473837800e+01
-1.476695417634353191e+01
-1.483362214102228194e+01
-1.490044025877463518e+01
-1.496740852960058810e+01
-1.503452695350014245e+01
-1.510179553047329648e+01
-1.516921426052005195e+01
-1.523678314364041064e+01
-1.521038024408571943e+01
-1.527783204117700855e+01
-1.534543306790788186e+01
-1.541318332427833404e+01
-1.548108281028837219e+01
-1.554913152593799097e+01
-1.561732947122719217e+01
-1.568567664615597579e+01
-1.575417305072434360e+01
-1.522755856044720701e+01
-1.529376533679697658e+01
-1.536011572871366759e+01
-1.542660973619727649e+01
-1.549324735924780327e+01
-1.556002859786525327e+01
-1.562695345204961761e+01
-1.569402192180090516e+01
-1.576123400711911060e+01
-1.465088789368343392e+01
-1.471336502755841558e+01
-1.477597509150547239e+01
-1.483871808552460436e+01
-1.490159400961581149e+01
-1.496460286377909199e+01
-1.502774464801444765e+01
-1.509101936232187668e+01
-1.515442700670137910e+01
-1.461354452296990125e+01
-1.467468906072291368e+01
-1.473596124886789482e+01
-1.479736108740484468e+01
-1.485888857633376148e+01
-1.492054371565465054e+01
-1.498232650536750477e+01
-1.504423694547232948e+01
-1.510627503596912291e+01
-1.433173646348098629e+01
-1.439059369741725547e+01
-1.444957154043945735e+01
-1.450866999254759193e+01
-1.456788905374166632e+01
-1.462722872402167162e+01
-1.468668900338761496e+01
-1.474626989183948922e+01
-1.480597138937730151e+01
-1.413438522512381823e+01
-1.419137871393480133e+01
-1.424848687777357270e+01
-1.430570971664013236e+01
-1.436304723053448207e+01
-1.442049941945662006e+01
-1.447806628340654633e+01
-1.453574782238426089e+01
-1.459354403638976549e+01
-1.361582389277441152e+01
-1.366974794779530100e+01
-1.372377857209488639e+01
-1.377791576567316945e+01
-1.383215952853015196e+01
-1.388650986066582860e+01
-1.394096676208020469e+01
-1.399553023277327846e+01
-1.405020027274504990e+01
-1.359288902932583376e+01
-1.364577964811698507e+01
-1.369877296713879744e+01
-1.375186898639127264e+01
-1.380506770587441068e+01
-1.385836912558821332e+01
-1.391177324553267525e+01
-1.396528006570780001e+01
-1.401888958611358937e+01
-1.359428423318072099e+01
-1.364627002374737685e+01
-1.369835502383801540e+01
-1.375053923345263662e+01
-1.380282265259124053e+01
-1.385520528125382533e+01
-1.390768711944039282e+01
-1.396026816715094299e+01
-1.401294842438547406e+01
-1.351755108820016282e+01
-1.356836894943399940e+01
-1.361928215374707207e+01
-1.367029070113938261e+01
-1.372139459161093278e+01
-1.377259382516171904e+01
-1.382388840179174494e+01
-1.387527832150100693e+01
-1.392676358428950856e+01
-1.357693150771139479e+01
-1.362712349110404375e+01
-1.367740807963210337e+01
-1.372778527329557186e+01
-1.377825507209445277e+01
-1.382881747602874611e+01
-1.387947248509844833e+01
-1.393022009930356120e+01
-1.398106031864408472e+01
-1.407157187951543342e+01
-1.412274123180458041e+01
-1.417400345043182064e+01
-1.422535853539715411e+01
-1.427680648670057906e+01
-1.432834730434209725e+01
-1.437998098832170868e+01
-1.443170753863941336e+01
-1.448352695529520773e+01
-1.452027982498148795e+01
-1.457223073669877422e+01
-1.462427441790126892e+01
-1.467641086858897559e+01
-1.472864008876188890e+01
-1.478096207842001419e+01
-1.483337683756334613e+01
-1.488588436619188826e+01
-1.493848466430564237e+01
-1.525694090998852559e+01
-1.531066253291102264e+01
-1.536447856993355643e+01
-1.541838902105613052e+01
-1.547239388627874312e+01
-1.552649316560139603e+01
-1.558068685902408923e+01
-1.563497496654682095e+01
-1.568935748816959297e+01
-1.591095182332613334e+01
-1.596610243623194236e+01
-1.602134846542305624e+01
-1.607668991089947497e+01
-1.613212677266119854e+01
-1.618765905070822342e+01
-1.624328674504055314e+01
-1.629900985565818772e+01
-1.635482838256113070e+01
-1.638389677440218861e+01
-1.643981451083359602e+01
-1.649582750746335336e+01
-1.655193576429146063e+01
-1.660813928131791783e+01
-1.666443805854272497e+01
-1.672083209596587849e+01
-1.677732139358738550e+01
-1.683390595140724244e+01
-1.701397516450821001e+01
-1.707116499699395362e+01
-1.712845078557447209e+01
-1.718583253024976187e+01
-1.724331023101982652e+01
-1.730088388788466958e+01
-1.735855350084428395e+01
-1.741631906989867673e+01
-1.747418059504784082e+01
-1.722250173427982389e+01
-1.727952988571783877e+01
-1.733665229856318746e+01
-1.739386897281586997e+01
-1.745117990847588985e+01
-1.750858510554324354e+01
-1.756608456401793461e+01
-1.762367828389996305e+01
-1.768136626518932175e+01
-1.773454641031099044e+01
-1.779240789941477630e+01
-1.785036362547150190e+01
-1.790841358848116727e+01
-1.796655778844376883e+01
-1.802479622535930659e+01
-1.808312889922778410e+01
-1.814155581004919782e+01
-1.820007695782355128e+01
-1.858821200047697531e+01
-1.864798117089651441e+01
-1.870784627898928321e+01
-1.876780732475527458e+01
-1.882786430819448853e+01
-1.888801722930693217e+01
-1.894826608809260193e+01
-1.900861088455149428e+01
-1.906905161868361276e+01
-1.890839493428508788e+01
-1.896832645547141283e+01
-1.902835280501404469e+01
-1.908847398291297992e+01
-1.914868998916822918e+01
-1.920900082377978180e+01
-1.926940648674764134e+01
-1.932990697807181135e+01
-1.939050229775228829e+01
-1.989215741137245530e+01
-1.995432040328299550e+01
-2.001658037334004092e+01
-2.007893732154359157e+01
-2.014139124789364743e+01
-2.020394215239021563e+01
-2.026659003503328194e+01
-2.032933489582286057e+01
-2.039217673475894443e+01
-2.092633566919154475e+01
-2.099082360653882517e+01
-2.105541075609740531e+01
-2.112009711786728872e+01
-2.118488269184847894e+01
-2.124976747804096888e+01
-2.131475147644476564e+01
-2.137983468705986212e+01
-2.144501710988626542e+01
-1.966277831903467899e+01
-1.972254360267916340e+01
-1.978239957719412345e+01
-1.984234624257955915e+01
-1.990238359883547048e+01
-1.996251164596186456e+01
-2.002273038395873073e+01
-2.008303981282607964e+01
-2.014343993256390064e+01
-1.909166708861814143e+01
-1.914891346669495675e+01
-1.920624554294254693e+01
-1.926366331736090842e+01
-1.932116678995004833e+01
-1.937875596070995599e+01
-1.943643082964064206e+01
-1.949419139674209944e+01
-1.955203766201433169e+01
-1.790025334646151123e+01
-1.795321267588890990e+01
-1.800625023179995665e+01
-1.805936601419464793e+01
-1.811256002307298019e+01
-1.816583225843496052e+01
-1.821918272028058539e+01
-1.827261140860985122e+01
-1.832611832342276514e+01
-1.453890691410563996e+01
-1.458135627735850193e+01
-1.462386752014963598e+01
-1.466644064247903678e+01
-1.470907564434670967e+01
-1.475177252575264930e+01
-1.479453128669686102e+01
-1.483735192717934126e+01
-1.488023444720009003e+01
-1.163363815074042407e+01
-1.166716448546878304e+01
-1.170073905952768634e+01
-1.173436187291713395e+01
-1.176803292563712589e+01
-1.180175221768766214e+01
-1.183551974906874271e+01
-1.186933551978036760e+01
-1.190319952982253682e+01
-1.023356463964158891e+01
-1.026267862154668542e+01
-1.029183395853971561e+01
-1.032103065062067948e+01
-1.035026869778957703e+01
-1.037954810004640827e+01
-1.040886885739117140e+01
-1.043823096982386822e+01
-1.046763443734449872e+01
-8.475549164384668543e+00
-8.499356886756533669e+00
-8.523198000043368694e+00
-8.547072504245171842e+00
-8.570980399361941338e+00
-8.594921685393678956e+00
-8.618896362340382922e+00
-8.642904430202055011e+00
-8.666945888978695223e+00
-7.177977091281062982e+00
-7.197888262130663684e+00
-7.217827010779224395e+00
-7.237793337226747781e+00
-7.257787241473230289e+00
-7.277808723518672807e+00
-7.297857783363077111e+00
-7.317934421006442314e+00
-7.338038636448767527e+00
-5.809785494550458118e+00
-5.825702715083473038e+00
-5.841641710199979798e+00
-5.857602479899980175e+00
-5.873585024183472392e+00
-5.889589343050457337e+00
-5.905615436500935012e+00
-5.921663304534904526e+00
-5.937732947152367657e+00
-4.712215080895451713e+00
-4.724968031046724803e+00
-4.737738214914418933e+00
-4.750525632498534101e+00
-4.763330283799068532e+00
-4.776152168816024002e+00
-4.788991287549401399e+00
-4.801847639999198059e+00
-4.814721226165415757e+00
-3.452052377736408939e+00
-3.461282464307896767e+00
-3.470524874092430601e+00
-3.479779607090009996e+00
-3.489046663300636286e+00
-3.498326042724307694e+00
-3.507617745361025996e+00
-3.516921771210789860e+00
-3.526238120273599730e+00
-6.616632773196519102e-01
-6.634113969426893576e-01
-6.651618227921424209e-01
-6.669145548680109892e-01
-6.686695931702951734e-01
-6.704269376989950846e-01
-6.721865884541105007e-01
-6.739485454356416438e-01
-6.757128086435882919e-01
-3.372927529811793335e-01
-3.381734129106341302e-01
-3.390552210277413825e-01
-3.399381773325011458e-01
-3.408222818249133645e-01
-3.417075345049780388e-01
-3.425939353726952796e-01
-3.434814844280649204e-01
-3.443701816710871277e-01
1.023178496683372352e+00
1.025818957319974523e+00
1.028462820612036310e+00
1.031110086559557715e+00
1.033760755162538514e+00
1.036414826420978930e+00
1.039072300334878962e+00
1.041733176904238389e+00
1.044397456129057433e+00
2.670212424515459926e+00
2.677024190904529810e+00
2.683844634703012932e+00
2.690673755910908849e+00
2.697511554528217115e+00
2.704358030554938619e+00
2.711213183991072473e+00
2.718077014836619565e+00
2.724949523091579895e+00
3.628194643925643170e+00
3.637345197882580372e+00
3.646507276466667502e+00
3.655680879677904560e+00
3.664866007516291102e+00
3.674062659981827572e+00
3.683270837074513970e+00
3.692490538794350297e+00
3.701721765141335663e+00
5.467266571728421454e+00
5.480900652954676211e+00
5.494551713111475166e+00
5.508219752198817432e+00
5.521904770216702119e+00
5.535606767165131004e+00
5.549325743044103199e+00
5.563061697853617815e+00
5.576814631593676630e+00
5.861052602291195512e+00
5.875506492802395009e+00
5.889978183671366274e+00
5.904467674898109308e+00
5.918974966482625888e+00
5.933500058424914236e+00
5.948042950724975242e+00
5.962603643382808905e+00
5.977182136398414336e+00
6.097039463557117678e+00
6.111910291517014038e+00
6.126799232543851836e+00
6.141706286637631962e+00
6.156631453798355302e+00
6.171574734026021858e+00
6.186536127320629852e+00
6.201515633682181061e+00
6.216513253110675485e+00
6.552666932669776401e+00
6.568475538056193663e+00
6.584303189955124758e+00
6.600149888366568796e+00
6.616015633290526665e+00
6.631900424726998367e+00
6.647804262675983900e+00
6.663727147137483264e+00
6.679669078111496461e+00
6.681094575821654225e+00
6.697039908938173802e+00
6.713004247219314102e+00
6.728987590665074237e+00
6.744989939275454205e+00
6.761011293050455784e+00
6.777051651990077197e+00
6.793111016094319332e+00
6.809189385363181302e+00
6.010514137522600997e+00
6.024706614824897777e+00
6.038915828539106911e+00
6.053141778665230177e+00
6.067384465203266686e+00
6.081643888153215549e+00
6.095920047515076767e+00
6.110212943288852117e+00
6.124522575474540709e+00
5.303630253326555355e+00
5.316021912796943916e+00
5.328428031613272609e+00
5.340848609775541433e+00
5.353283647283749502e+00
5.365733144137898591e+00
5.378197100337986925e+00
5.390675515884014501e+00
5.403168390775981322e+00
5.254089328305803441e+00
5.266237511723851128e+00
5.278399723067324523e+00
5.290575962336222737e+00
5.302766229530545772e+00
5.314970524650293626e+00
5.327188847695467189e+00
5.339421198666064683e+00
5.351667577562087885e+00
5.000599862464308210e+00
5.012042882744546901e+00
5.023498980762248323e+00
5.034968156517413362e+00
5.046450410010041132e+00
5.057945741240132520e+00
5.069454150207687526e+00
5.080975636912705262e+00
5.092510201355185728e+00
2.563000111495835398e+00
2.568805321261397712e+00
2.574617098006333205e+00
2.580435441730641433e+00
2.586260352434321952e+00
2.592091830117376094e+00
2.597929874779802528e+00
2.603774486421601697e+00
2.609625665042774045e+00
6.992533378729731686e-01
7.008211704691008626e-01
7.023907587568255506e-01
7.039621027361473438e-01
7.055352024070661310e-01
7.071100577695819123e-01
7.086866688236946876e-01
7.102650355694044570e-01
7.118451580067112205e-01
-1.509317574434160703e+00
-1.512667890914591640e+00
-1.516021921714845844e+00
-1.519379666834922871e+00
-1.522741126274823165e+00
-1.526106300034546503e+00
-1.529475188114092887e+00
-1.532847790513462538e+00
-1.536224107232655234e+00
-5.621737667530084970e+00
-5.634093134931250191e+00
-5.646462164865237554e+00
-5.658844757332047948e+00
-5.671240912331679596e+00
-5.683650629864134274e+00
-5.696073909929410206e+00
-5.708510752527510057e+00
-5.720961157658431162e+00
-9.345081344672609092e+00
-9.365418844878643512e+00
-9.385778451063160333e+00
-9.406160163226164883e+00
-9.426563981367653611e+00
-9.446989905487626515e+00
-9.467437935586085374e+00
-9.487908071663028409e+00
-9.508400313718455621e+00
-1.602637047938186399e+01
-1.606091007093225542e+01
-1.609548684180616718e+01
-1.613010079200359925e+01
-1.616475192152455520e+01
-1.619944023036902792e+01
-1.623416571853702095e+01
-1.626892838602853431e+01
-1.630372823284356798e+01
-2.470994253950802388e+01
-2.476268521301818026e+01
-2.481548411539135301e+01
-2.486833924662754214e+01
-2.492125060672675119e+01
-2.497421819568897661e+01
-2.502724201351421840e+01
-2.508032206020247656e+01
-2.513345833575375465e+01
-3.410775926195816510e+01
-3.417986868957329705e+01
-3.425205426230734673e+01
-3.432431598016031415e+01
-3.439665384313219931e+01
-3.446906785122300931e+01
-3.454155800443272994e+01
-3.461412430276136831e+01
-3.468676674620892442e+01
-4.612686904980153457e+01
-4.622346982268070548e+01
-4.632017164239342577e+01
-4.641697450893969545e+01
-4.651387842231952874e+01
-4.661088338253291852e+01
-4.670798938957986479e+01
-4.680519644346036046e+01
-4.690250454417441972e+01
-5.732149673318838978e+01
-5.744042100026969422e+01
-5.755946850493346290e+01
-5.767863924717970292e+01
-5.779793322700841429e+01
-5.791735044441958991e+01
-5.803689089941322976e+01
-5.815655459198934096e+01
-5.827634152214791641e+01
-7.101817160154658382e+01
-7.116414934379025681e+01
-7.131027696051262410e+01
-7.145655445171367148e+01
-7.160298181739341317e+01
-7.174955905755184915e+01
-7.189628617218896522e+01
-7.204316316130477560e+01
-7.219019002489926606e+01
-8.687717574806208631e+01
-8.705411500620478193e+01
-8.723123426359279620e+01
-8.740853352022611489e+01
-8.758601277610473801e+01
-8.776367203122867977e+01
-8.794151128559795438e+01
-8.811953053921251922e+01
-8.829772979207240269e+01
-9.858630965225556508e+01
-9.878527294116021551e+01
-9.898443679789643568e+01
-9.918380122246419717e+01
-9.938336621486352840e+01
-9.958313177509440095e+01
-9.978309790315684324e+01
-9.998326459905084107e+01
-1.001836318627763802e+02
-1.123351688664410091e+02
-1.125598392041738975e+02
-1.127847339877986172e+02
-1.130098532173151824e+02
-1.132351968927235930e+02
-1.134607650140238349e+02
-1.136865575812159221e+02
-1.139125745942998549e+02
-1.141388160532756189e+02
-1.172771032082122247e+02
-1.175095652561967938e+02
-1.177422574646249132e+02
-1.179751798334965684e+02
-1.182083323628117881e+02
-1.184417150525705296e+02
-1.186753279027728496e+02
-1.189091709134187056e+02
-1.191432440845081118e+02
-1.250046296593207416e+02
-1.252502183226985863e+02
-1.254960479955596213e+02
-1.257421186779038607e+02
-1.259884303697312902e+02
-1.262349830710419099e+02
-1.264817767818357481e+02
-1.267288115021127766e+02
-1.269760872318729952e+02
-1.219024504302372804e+02
-1.221398456598969346e+02
-1.223774718187683277e+02
-1.226153289068514596e+02
-1.228534169241463019e+02
-1.230917358706528972e+02
-1.233302857463712172e+02
-1.235690665513012618e+02
-1.238080782854430453e+02
-1.208682229292158468e+02
-1.211015592669170360e+02
-1.213351206155514035e+02
-1.215689069751189351e+02
-1.218029183456196449e+02
-1.220371547270535189e+02
-1.222716161194205853e+02
-1.225063025227208158e+02
-1.227412139369542246e+02
-1.162229976264816145e+02
-1.164454339855753773e+02
-1.166680829989321069e+02
-1.168909446665518459e+02
-1.171140189884345801e+02
-1.173373059645803096e+02
-1.175608055949890343e+02
-1.177845178796607541e+02
-1.180084428185954692e+02
-1.043089196403231824e+02
-1.045068492791093888e+02
-1.047049665289275993e+02
-1.049032713897778422e+02
-1.051017638616601033e+02
-1.053004439445743969e+02
-1.054993116385207088e+02
-1.056983669434990531e+02
-1.058976098595094300e+02
-1.003062796891969697e+02
-1.004950026989602776e+02
-1.006839030799733621e+02
-1.008729808322362231e+02
-1.010622359557488608e+02
-1.012516684505112750e+02
-1.014412783165234657e+02
-1.016310655537854331e+02
-1.018210301622971912e+02
-9.186817257882107413e+01
-9.203956842318454790e+01
-9.221112400272448895e+01
-9.238283931744092570e+01
-9.255471436733384394e+01
-9.272674915240322946e+01
-9.289894367264911068e+01
-9.307129792807145918e+01
-9.324381191867030338e+01
-8.858312999709352198e+01
-8.874702107941931217e+01
-8.891106363224633924e+01
-8.907525765557458897e+01
-8.923960314940406136e+01
-8.940410011373477062e+01
-8.956874854856667412e+01
-8.973354845389982870e+01
-8.989849982973420595e+01
-8.030117038887249237e+01
-8.044851198591629782e+01
-8.059598863483641651e+01
-8.074360033563280581e+01
-8.089134708830552256e+01
-8.103922889285452413e+01
-8.118724574927982474e+01
-8.133539765758142437e+01
-8.148368461775933724e+01
-7.454686615136421324e+01
-7.468252923808189792e+01
-7.481831565487840408e+01
-7.495422540175376014e+01
-7.509025847870793768e+01
-7.522641488574095092e+01
-7.536269462285279985e+01
-7.549909769004348448e+01
-7.563562408731300479e+01
-6.793866759270579792e+01
-6.806130056669984185e+01
-6.818404412047206620e+01
-6.830689825402247095e+01
-6.842986296735104190e+01
-6.855293826045779326e+01
-6.867612413334271082e+01
-6.879942058600580879e+01
-6.892282761844707295e+01
-6.298538139097578181e+01
-6.309815736481817083e+01
-6.321103421162464286e+01
-6.332401193139519080e+01
-6.343709052412982885e+01
-6.355026998982854280e+01
-6.366355032849133977e+01
-6.377693154011821974e+01
-6.389041362470917562e+01
-5.817306950869078719e+01
-5.827639645275595370e+01
-5.837981508000131470e+01
-5.848332539042684175e+01
-5.858692738403256328e+01
-5.869062106081845798e+01
-5.879440642078454005e+01
-5.889828346393080238e+01
-5.900225219025724499e+01
-5.553405960337045855e+01
-5.563191697712089479e+01
-5.572986049292568111e+01
-5.582789015078483175e+01
-5.592600595069833957e+01
-5.602420789266619749e+01
-5.612249597668841972e+01
-5.622087020276499914e+01
-5.631933057089593575e+01
-5.315570802696301911e+01
-5.324863758645071243e+01
-5.334164830712573746e+01
-5.343474018898808708e+01
-5.352791323203776130e+01
-5.362116743627476723e+01
-5.371450280169909064e+01
-5.380791932831073865e+01
-5.390141701610971836e+01
-5.162062023115283438e+01
-5.171016163658415365e+01
-5.179978063422121437e+01
-5.188947722406402363e+01
-5.197925140611257433e+01
-5.206910318036687357e+01
-5.215903254682692136e+01
-5.224903950549271769e+01
-5.233912405636425547e+01
-5.187277053479848377e+01
-5.196205241179470136e+01
-5.205141105738677965e+01
-5.214084647157472574e+01
-5.223035865435854674e+01
-5.231994760573823555e+01
-5.240961332571379216e+01
-5.249935581428522369e+01
-5.258917507145251591e+01
-5.028264649742457948e+01
-5.036852633772761578e+01
-5.045447945434489867e+01
-5.054050584727642814e+01
-5.062660551652221841e+01
-5.071277846208225526e+01
-5.079902468395654580e+01
-5.088534418214508293e+01
-5.097173695664788085e+01
-5.469497461726076892e+01
-5.478767796406968671e+01
-5.488045980651519073e+01
-5.497332014459727390e+01
-5.506625897831595751e+01
-5.515927630767121315e+01
-5.525237213266306213e+01
-5.534554645329150446e+01
-5.543879926955653303e+01
-6.867493492262715904e+01
-6.879045205454075074e+01
-6.890606625967443222e+01
-6.902177753802820348e+01
-6.913758588960207874e+01
-6.925349131439604378e+01
-6.936949381241011281e+01
-6.948559338364427163e+01
-6.960179002809853444e+01
-6.912598693785341197e+01
-6.924138925327554261e+01
-6.935688781750118892e+01
-6.947248263053035089e+01
-6.958817369236304273e+01
-6.970396100299926445e+01
-6.981984456243900183e+01
-6.993582437068225488e+01
-7.005190042772902359e+01
-7.715205845404905460e+01
-7.727989947882791455e+01
-7.740784633226968481e+01
-7.753589901437435117e+01
-7.766405752514191363e+01
-7.779232186457237219e+01
-7.792069203266572686e+01
-7.804916802942197762e+01
-7.817774985484112449e+01
-8.811709473805508708e+01
-8.826202417019004542e+01
-8.840707268977952538e+01
-8.855224029682349851e+01
-8.869752699132197904e+01
-8.884293277327495275e+01
-8.898845764268244807e+01
-8.913410159954445078e+01
-8.927986464386096088e+01
-9.661618354289905142e+01
-9.677392425072420679e+01
-9.693179362144316258e+01
-9.708979165505594722e+01
-9.724791835156256070e+01
-9.740617371096297461e+01
-9.756455773325723158e+01
-9.772307041844530318e+01
-9.788171176652718941e+01
-9.883946839744049839e+01
-9.899966202531317094e+01
-9.915998536462542745e+01
-9.932043841537725370e+01
-9.948102117756863549e+01
-9.964173365119960124e+01
-9.980257583627015094e+01
-9.996354773278025618e+01
-1.001246493407299454e+02
-1.064550758645812039e+02
-1.066263631950149602e+02
-1.067977882162287955e+02
-1.069693509282227524e+02
-1.071410513309967740e+02
-1.073128894245509031e+02
-1.074848652088851253e+02
-1.076569786839994265e+02
-1.078292298498938351e+02
-1.169398268761123205e+02
-1.171266317113776836e+02
-1.173135856327047151e+02
-1.175006886400933865e+02
-1.176879407335437406e+02
-1.178753419130557489e+02
-1.180628921786294399e+02
-1.182505915302647566e+02
-1.184384399679617701e+02
-1.230584615900846472e+02
-1.232536375799182480e+02
-1.234489682258452206e+02
-1.236444535278655650e+02
-1.238400934859792670e+02
-1.240358881001863551e+02
-1.242318373704868151e+02
-1.244279412968806326e+02
-1.246241998793678221e+02
-1.127159730590482525e+02
-1.128934785284325670e+02
-1.130711236559360060e+02
-1.132489084415585552e+02
-1.134268328853002004e+02
-1.136048969871609557e+02
-1.137831007471408213e+02
-1.139614441652397829e+02
-1.141399272414578547e+02
-1.173403083604330277e+02
-1.175237959419192322e+02
-1.177074268730784752e+02
-1.178912011539107709e+02
-1.180751187844160910e+02
-1.182591797645944496e+02
-1.184433840944458467e+02
-1.186277317739702681e+02
-1.188122228031677281e+02
-9.828735360281844180e+01
-9.843997371710854338e+01
-9.859271223334920364e+01
-9.874556915154042258e+01
-9.889854447168224283e+01
-9.905163819377463597e+01
-9.920485031781760199e+01
-9.935818084381112669e+01
-9.951162977175523849e+01
-8.738278547146319397e+01
-8.751753147835827917e+01
-8.765238129573633330e+01
-8.778733492359737056e+01
-8.792239236194136254e+01
-8.805755361076832344e+01
-8.819281867007826747e+01
-8.832818753987116622e+01
-8.846366022014704811e+01
-6.417699448293200248e+01
-6.427527471950617155e+01
-6.437363015136463673e+01
-6.447206077850739803e+01
-6.457056660093444123e+01
-6.466914761864579475e+01
-6.476780383164144439e+01
-6.486653523992139014e+01
-6.496534184348561780e+01
-4.194968754486598073e+01
-4.201348935101786708e+01
-4.207733963878537509e+01
-4.214123840816849054e+01
-4.220518565916723475e+01
-4.226918139178158640e+01
-4.233322560601155971e+01
-4.239731830185714756e+01
-4.246145947931835707e+01
-1.213262521125895432e+01
-1.215095243967475369e+01
-1.216929349996105536e+01
-1.218764839211785933e+01
-1.220601711614516560e+01
-1.222439967204297417e+01
-1.224279605981128505e+01
-1.226120627945010000e+01
-1.227963033095941547e+01
2.067781760112416123e+01
2.070884208364647705e+01
2.073988982290232030e+01
2.077096081889168389e+01
2.080205507161457845e+01
2.083317258107099335e+01
2.086431334726093567e+01
2.089547737018440188e+01
2.092666464984139196e+01
4.846198650182251555e+01
4.853421002865086820e+01
4.860648733323559867e+01
4.867881841557672828e+01
4.875120327567423573e+01
4.882364191352814231e+01
4.889613432913842672e+01
4.896868052250509606e+01
4.904128049362816455e+01
7.679284877058562131e+01
7.690653174433926154e+01
7.702029880313266119e+01
7.713414994696583449e+01
7.724808517583873879e+01
7.736210448975143095e+01
7.747620788870386832e+01
7.759039537269605091e+01
7.770466694172800715e+01
1.000069071491458317e+02
1.001539761302475000e+02
1.003011531708503696e+02
1.004484382709543979e+02
1.005958314305596275e+02
1.007433326496660158e+02
1.008909419282735911e+02
1.010386592663823251e+02
1.011864846639922462e+02
1.357502816418022746e+02
1.359486019948217006e+02
1.361470671072229095e+02
1.363456769790058729e+02
1.365444316101706193e+02
1.367433310007171201e+02
1.369423751506453755e+02
1.371415640599554138e+02
1.373408977286472066e+02
1.599011647371445406e+02
1.601332418993174826e+02
1.603654873552990807e+02
1.605979011050893632e+02
1.608304831486883302e+02
1.610632334860959816e+02
1.612961521173123174e+02
1.615292390423373377e+02
1.617624942611710424e+02
1.703830585875408872e+02
1.706287443245092277e+02
1.708746070684926792e+02
1.711206468194912134e+02
1.713668635775048870e+02
1.716132573425336147e+02
1.718598281145775104e+02
1.721065758936364887e+02
1.723535006797105780e+02
1.868953135369576160e+02
1.871630718658071260e+02
1.874310218613200902e+02
1.876991635234965088e+02
1.879674968523363816e+02
1.882360218478397371e+02
1.885047385100065185e+02
1.887736468388367825e+02
1.890427468343305009e+02
2.059279410192824287e+02
2.062210768783846220e+02
2.065144212267180421e+02
2.068079740642826607e+02
2.071017353910785346e+02
2.073957052071056069e+02
2.076898835123639060e+02
2.079842703068534604e+02
2.082788655905741848e+02
2.155909700378641958e+02
2.158959077606900223e+02
2.162010609872069153e+02
2.165064297174148180e+02
2.168120139513137872e+02
2.171178136889037944e+02
2.174238289301848397e+02
2.177300596751569515e+02
2.180365059238200729e+02
2.284651214053721731e+02
2.287862248788864008e+02
2.291075538464129409e+02
2.294291083079517364e+02
2.297508882635028726e+02
2.300728937130662928e+02
2.303951246566420252e+02
2.307175810942300416e+02
2.310402630258303702e+02
2.456250554599257612e+02
2.459681072133614066e+02
2.463113983609027287e+02
2.466549289025497274e+02
2.469986988383024311e+02
2.473427081681607831e+02
2.476869568921248117e+02
2.480314450101945170e+02
2.483761725223699273e+02
2.505502787500060720e+02
2.508980237586806084e+02
2.512460099220074881e+02
2.515942372399867111e+02
2.519427057126182774e+02
2.522914153399021586e+02
2.526403661218383832e+02
2.529895580584270078e+02
2.533389911496678906e+02
2.501500596524533933e+02
2.504950942174912711e+02
2.508403665734078629e+02
2.511858767202031686e+02
2.515316246578772450e+02
2.518776103864300353e+02
2.522238339058615679e+02
2.525702952161717860e+02
2.529169943173607749e+02
2.580595792724908506e+02
2.584133278390055466e+02
2.587673186990590466e+02
2.591215518526511232e+02
2.594760272997820039e+02
2.598307450404515748e+02
2.601857050746598361e+02
2.605409074024067877e+02
2.608963520236924865e+02
2.467219071547124827e+02
2.470580405432066584e+02
2.473944027495282398e+02
2.477309937736772270e+02
2.480678136156537050e+02
2.484048622754575888e+02
2.487421397530888783e+02
2.490796460485476302e+02
2.494173811618337879e+02
2.376392278272228680e+02
2.379610141885325731e+02
2.382830182672721264e+02
2.386052400634415278e+02
2.389276795770408057e+02
2.392503368080698749e+02
2.395732117565287922e+02
2.398963044224175860e+02
2.402196148057361995e+02
2.266275828344721219e+02
2.269325997696464015e+02
2.272378218271711035e+02
2.275432490070463416e+02
2.278488813092720875e+02
2.281547187338482559e+02
2.284607612807749604e+02
2.287670089500521442e+02
2.290734617416798073e+02
2.208298798067518760e+02
2.211253043951221002e+02
2.214209264598214588e+02
2.217167460008499518e+02
2.220127630182075507e+02
2.223089775118942839e+02
2.226053894819101515e+02
2.229019989282551535e+02
2.231988058509292330e+02
1.973076333003974980e+02
1.975700104723395043e+02
1.978325619812728462e+02
1.980952878271975237e+02
1.983581880101135084e+02
1.986212625300208288e+02
1.988845113869194563e+02
1.991479345808094195e+02
1.994115321116906898e+02
1.996753039795632958e+02
1.999392501844272374e+02
2.002033707262824862e+02
2.004676656051290706e+02
2.007321348209669623e+02
2.009967783737961895e+02
2.012615962636167524e+02
2.015265884904286224e+02
1.332244812722809968e+02
1.333996613922971335e+02
1.335749566109466571e+02
1.337503669282295959e+02
1.339258923441458933e+02
1.341015328586956059e+02
1.342772884718786770e+02
1.344531591836951634e+02
1.346291449941450082e+02
1.348052459032282684e+02
1.349814619109449154e+02
1.351577930172949493e+02
1.353342392222783417e+02
1.355108005258951493e+02
1.356874769281453439e+02
1.358642684290289253e+02
1.360411750285458652e+02
5.662144558417441687e+01
5.669507555242431351e+01
5.676875336340862788e+01
5.684247901712733864e+01
5.691625251358045290e+01
5.699007385276797777e+01
5.706394303468990614e+01
5.713786005934623802e+01
5.721182492673698050e+01
5.728583763686212649e+01
5.735989818972167598e+01
5.743400658531562897e+01
5.750816282364399257e+01
5.758236690470675256e+01
5.765661882850392317e+01
5.773091859503550438e+01
5.780526620430148910e+01
-1.794593442763132174e+01
-1.796901601531959258e+01
-1.799211243693311246e+01
-1.801522369247188493e+01
-1.803834978193590644e+01
-1.806149070532517698e+01
-1.808464646263969300e+01
-1.810781705387946516e+01
-1.813100247904448281e+01
-1.815420273813474950e+01
-1.817741783115026877e+01
-1.820064775809103708e+01
-1.822389251895705442e+01
-1.824715211374831725e+01
-1.827042654246483266e+01
-1.829371580510660067e+01
-1.831701990167361416e+01
-6.849004440417098749e+01
-6.857718186524499515e+01
-6.866437472203487857e+01
-6.875162297454063776e+01
-6.883892662276227270e+01
-6.892628566669979762e+01
-6.901370010635318408e+01
-6.910116994172246052e+01
-6.918869517280759851e+01
-6.927627579960862647e+01
-6.936391182212551598e+01
-6.945160324035829547e+01
-6.953935005430695071e+01
-6.962715226397148172e+01
-6.971500986935188848e+01
-6.980292287044817101e+01
-6.989089126726032930e+01
-1.044728486673012640e+02
-1.046043437568762187e+02
-1.047359215477653720e+02
-1.048675820399687098e+02
-1.049993252334862603e+02
-1.051311511283180096e+02
-1.052630597244639574e+02
-1.053950510219241039e+02
-1.055271250206984348e+02
-1.056592817207869786e+02
-1.057915211221897209e+02
-1.059238432249066477e+02
-1.060562480289377874e+02
-1.061887355342831256e+02
-1.063213057409426483e+02
-1.064539586489163696e+02
-1.065866942582043038e+02
-1.259823629248093937e+02
-1.261392525423994471e+02
-1.262962397888741322e+02
-1.264533246642334205e+02
-1.266105071684773264e+02
-1.267677873016058783e+02
-1.269251650636190476e+02
-1.270826404545168486e+02
-1.272402134742992530e+02
-1.273978841229662891e+02
-1.275556524005179568e+02
-1.277135183069542279e+02
-1.278714818422751449e+02
-1.280295430064806794e+02
-1.281877017995708457e+02
-1.283459582215456294e+02
-1.285043122724050022e+02
-1.238403392070070055e+02
-1.239929459096650533e+02
-1.241456465819675969e+02
-1.242984412239146366e+02
-1.244513298355061579e+02
-1.246043124167421894e+02
-1.247573889676227026e+02
-1.249105594881477117e+02
-1.250638239783172310e+02
-1.252171824381312319e+02
-1.253706348675897146e+02
-1.255241812666926933e+02
-1.256778216354401820e+02
-1.258315559738321667e+02
-1.259853842818686473e+02
-1.261393065595496097e+02
-1.262933228068750537e+02
-9.013783736710787764e+01
-9.024776155901898278e+01
-9.035775273703119126e+01
-9.046781090114450308e+01
-9.057793605135893245e+01
-9.068812818767445094e+01
-9.079838731009107278e+01
-9.090871341860881216e+01
-9.101910651322762646e+01
-9.112956659394757253e+01
-9.124009366076862193e+01
-9.135068771369074625e+01
-9.146134875271400233e+01
-9.157207677783834754e+01
-9.168287178906381030e+01
-9.179373378639036218e+01
-9.190466276981803162e+01
-1.985905190780692209e+01
-1.988302179544458781e+01
-1.990700614019180392e+01
-1.993100494204857753e+01
-1.995501820101490154e+01
-1.997904591709077593e+01
-2.000308809027620782e+01
-2.002714472057118655e+01
-2.005121580797571923e+01
-2.007530135248980230e+01
-2.009940135411343931e+01
-2.012351581284663027e+01
-2.014764472868937162e+01
-2.017178810164166691e+01
-2.019594593170351260e+01
-2.022011821887491223e+01
-2.024430496315586225e+01
5.148840842156940312e+01
5.154992384381738901e+01
5.161147599169061095e+01
5.167306486518904762e+01
5.173469046431270613e+01
5.179635278906158646e+01
5.185805183943569574e+01
5.191978761543501975e+01
5.198156011705957269e+01
5.204336934430934747e+01
5.210521529718434408e+01
5.216709797568456253e+01
5.222901737981000281e+01
5.229097350956067203e+01
5.235296636493655598e+01
5.241499594593766886e+01
5.247706225256399648e+01
1.170033731098159961e+02
1.171417567563089790e+02
1.172802221898270858e+02
1.174187694103702881e+02
1.175573984179386144e+02
1.176961092125320363e+02
1.178349017941505963e+02
1.179737761627942660e+02
1.181127323184630455e+02
1.182517702611569348e+02
1.183908899908759338e+02
1.185300915076200567e+02
1.186693748113893037e+02
1.188087399021836603e+02
1.189481867800031267e+02
1.190877154448477029e+02
1.192273258967173888e+02
1.764005428906638144e+02
1.766071009034163524e+02
1.768137797810096004e+02
1.770205795234435016e+02
1.772275001307181412e+02
1.774345416028334625e+02
1.776417039397894939e+02
1.778489871415862353e+02
1.780563912082236300e+02
1.782639161397017347e+02
1.784715619360205778e+02
1.786793285971800742e+02
1.788872161231802806e+02
1.790952245140211687e+02
1.793033537697027953e+02
1.795116038902251034e+02
1.797199748755880933e+02
2.173910551638871027e+02
2.176431027640770992e+02
2.178952963941629264e+02
2.181476360541445843e+02
2.184001217440221012e+02
2.186527534637953920e+02
2.189055312134645419e+02
2.191584549930294656e+02
2.194115248024902485e+02
2.196647406418468336e+02
2.199181025110992778e+02
2.201716104102474958e+02
2.204252643392915729e+02
2.206790642982314523e+02
2.209330102870671624e+02
2.211871023057986747e+02
2.214413403544260461e+02
2.459063709935188058e+02
2.461886974814562450e+02
2.464711859467246882e+02
2.467538363893241637e+02
2.470366488092545865e+02
2.473196232065160700e+02
2.476027595811085291e+02
2.478860579330319922e+02
2.481695182622864593e+02
2.484531405688719303e+02
2.487369248527884054e+02
2.490208711140358844e+02
2.493049793526143389e+02
2.495892495685238259e+02
2.498736817617643169e+02
2.501582759323357834e+02
2.504430320802382823e+02
2.369790363450185566e+02
2.372484837996462090e+02
2.375180843494185581e+02
2.377878379943355753e+02
2.380577447343972324e+02
2.383278045696035861e+02
2.385980174999546080e+02
2.388683835254503265e+02
2.391389026460906848e+02
2.394095748618757113e+02
2.396804001728054345e+02
2.399513785788798259e+02
2.402225100800989139e+02
2.404937946764626702e+02
2.407652323679710946e+02
2.410368231546241873e+02
2.413085670364219766e+02
2.294208400826524894e+02
2.296791968845473662e+02
2.299376990757511408e+02
2.301963466562637848e+02
2.304551396260853267e+02
2.307140779852157664e+02
2.309731617336550755e+02
2.312323908714033109e+02
2.314917653984603874e+02
2.317512853148263900e+02
2.320109506205012622e+02
2.322707613154850321e+02
2.325307173997776715e+02
2.327908188733792088e+02
2.330510657362896438e+02
2.333114579885089483e+02
2.335719956300371507e+02
1.890983520864010643e+02
1.893092816481260172e+02
1.895203287848574689e+02
1.897314934965954762e+02
1.899427757833400108e+02
1.901541756450911009e+02
1.903656930818486899e+02
1.905773280936128344e+02
1.907890806803835062e+02
1.910009508421607336e+02
1.912129385789444882e+02
1.914250438907347984e+02
1.916372667775316074e+02
1.918496072393349721e+02
1.920620652761448355e+02
1.922746408879612829e+02
1.924873340747842576e+02
1.604575777922759414e+02
1.606348789832066188e+02
1.608122780765066864e+02
1.609897750721761156e+02
1.611673699702149349e+02
1.613450627706231160e+02
1.615228534734006587e+02
1.617007420785475631e+02
1.618787285860638576e+02
1.620568129959495138e+02
1.622349953082045317e+02
1.624132755228289682e+02
1.625916536398227379e+02
1.627701296591858693e+02
1.629487035809183624e+02
1.631273754050202740e+02
1.633061451314915189e+02
7.558990876318594587e+01
7.567265633709200756e+01
7.575544917772340625e+01
7.583828728508012773e+01
7.592117065916217200e+01
7.600409929996956748e+01
7.608707320750228575e+01
7.617009238176032682e+01
7.625315682274371909e+01
7.633626653045243415e+01
7.641942150488647201e+01
7.650262174604584686e+01
7.658586725393054451e+01
7.666915802854059336e+01
7.675249406987596501e+01
7.683587537793665945e+01
7.691930195272269088e+01
2.589349709661503596e+01
2.592158114986516182e+01
2.594968042482436132e+01
2.597779492149264513e+01
2.600592463987000613e+01
2.603406957995644788e+01
2.606222974175196683e+01
2.609040512525655942e+01
2.611859573047023630e+01
2.614680155739299039e+01
2.617502260602482167e+01
2.620325887636573370e+01
2.623151036841572648e+01
2.625977708217479289e+01
2.628805901764294006e+01
2.631635617482016798e+01
2.634466855370646954e+01
-1.077980845826316880e+01
-1.079139342167882099e+01
-1.080298460687933471e+01
-1.081458201386471174e+01
-1.082618564263495387e+01
-1.083779549319005753e+01
-1.084941156553002628e+01
-1.086103385965485657e+01
-1.087266237556455195e+01
-1.088429711325911065e+01
-1.089593807273853088e+01
-1.090758525400281620e+01
-1.091923865705196484e+01
-1.093089828188597501e+01
-1.094256412850485205e+01
-1.095423619690859063e+01
-1.096591448709719252e+01
-5.337155559692597961e+01
-5.342839431428160424e+01
-5.348526328108764005e+01
-5.354216249734412258e+01
-5.359909196305102341e+01
-5.365605167820835675e+01
-5.371304164281612969e+01
-5.377006185687431383e+01
-5.382711232038293048e+01
-5.388419303334197963e+01
-5.394130399575146129e+01
-5.399844520761136835e+01
-5.405561666892170081e+01
-5.411281837968246577e+01
-5.417005033989366325e+01
-5.422731254955527902e+01
-5.428460500866732730e+01
-9.204409637925733989e+01
-9.214124054430141086e+01
-9.223843594571944493e+01
-9.233568258351145630e+01
-9.243298045767743076e+01
-9.253032956821736832e+01
-9.262772991513128318e+01
-9.272518149841917534e+01
-9.282268431808101639e+01
-9.292023837411683473e+01
-9.301784366652661618e+01
-9.311550019531037492e+01
-9.321320796046809676e+01
-9.331096696199979590e+01
-9.340877719990545813e+01
-9.350663867418508346e+01
-9.360455138483867188e+01
-5.575553030835347812e+01
-5.581385199277644205e+01
-5.587220416422733393e+01
-5.593058682270614668e+01
-5.598899996821289449e+01
-5.604744360074756315e+01
-5.610591772031015978e+01
-5.616442232690068437e+01
-5.622295742051912981e+01
-5.628152300116550322e+01
-5.634011906883980458e+01
-5.639874562354202681e+01
-5.645740266527217699e+01
-5.651609019403026224e+01
-5.657480820981626835e+01
-5.663355671263019531e+01
-5.669233570247205023e+01
-3.537187339824072296e+01
-3.540854719129229267e+01
-3.544523998630917561e+01
-3.548195178329136468e+01
-3.551868258223887409e+01
-3.555543238315169674e+01
-3.559220118602982552e+01
-3.562898899087326754e+01
-3.566579579768201569e+01
-3.570262160645608418e+01
-3.573946641719545880e+01
-3.577633022990015377e+01
-3.581321304457014776e+01
-3.585011486120546209e+01
-3.588703567980608966e+01
-3.592397550037201626e+01
-3.596093432290327030e+01
-6.169555350951798189e+00
-6.175896106708171907e+00
-6.182240119144441159e+00
-6.188587388260605948e+00
-6.194937914056666273e+00
-6.201291696532622133e+00
-6.207648735688472641e+00
-6.214009031524219573e+00
-6.220372584039861152e+00
-6.226739393235398268e+00
-6.233109459110830919e+00
-6.239482781666158218e+00
-6.245859360901382829e+00
-6.252239196816501199e+00
-6.258622289411515105e+00
-6.265008638686425435e+00
-6.271398244641229525e+00
3.204700762725911289e+01
3.207965867935005377e+01
3.211232635621293952e+01
3.214501065784776301e+01
3.217771158425452427e+01
3.221042913543323039e+01
3.224316331138386715e+01
3.227591411210645589e+01
3.230868153760097528e+01
3.234146558786744663e+01
3.237426626290584863e+01
3.240708356271619550e+01
3.243991748729848013e+01
3.247276803665270251e+01
3.250563521077886975e+01
3.253851900967698185e+01
3.257141943334702461e+01
8.004155350739503660e+01
8.012240356144290843e+01
8.020329442823891952e+01
8.028422610778305568e+01
8.036519860007531690e+01
8.044621190511571740e+01
8.052726602290424296e+01
8.060836095344090779e+01
8.068949669672569769e+01
8.077067325275862686e+01
8.085189062153968109e+01
8.093314880306886039e+01
8.101444779734619317e+01
8.109578760437162259e+01
8.117716822414520550e+01
8.125858965666692768e+01
8.134005190193676071e+01
8.897921367060722275e+01
8.906832655360233275e+01
8.915748403763996066e+01
8.924668612272014911e+01
8.933593280884285548e+01
8.942522409600812239e+01
8.951455998421592142e+01
8.960394047346626678e+01
8.969336556375914427e+01
8.978283525509456808e+01
8.987234954747252402e+01
8.996190844089302630e+01
9.005151193535607490e+01
9.014116003086165563e+01
9.023085272740976848e+01
9.032059002500042766e+01
9.041037192363363317e+01
1.198732319868359184e+02
1.199922719391565238e+02
1.201113709683765194e+02
1.202305290744959478e+02
1.203497462575147807e+02
1.204690225174330322e+02
1.205883578542506882e+02
1.207077522679677628e+02
1.208272057585842703e+02
1.209467183261001821e+02
1.210662899705154985e+02
1.211859206918302476e+02
1.213056104900443870e+02
1.214253593651579592e+02
1.215451673171709501e+02
1.216650343460833454e+02
1.217849604518951594e+02
1.219049456346063778e+02
1.220249898942170290e+02
1.221450932307270705e+02
1.222652556441365448e+02
1.223854771344454377e+02
1.225057577016537351e+02
1.226260973457614512e+02
1.227464960667685858e+02
1.228669538646751249e+02
1.229874707394810827e+02
1.231080466911864448e+02
1.232286817197912399e+02
1.233493758252954535e+02
1.234701290076990716e+02
1.235909412670020942e+02
1.237118126032045495e+02
1.160838406639008156e+02
1.161972591696789436e+02
1.163107330555868231e+02
1.164242623216244823e+02
1.165378469677919213e+02
1.166514869940891401e+02
1.167651824005161245e+02
1.168789331870728887e+02
1.169927393537594185e+02
1.171066009005757422e+02
1.172205178275218174e+02
1.173344901345976865e+02
1.174485178218033212e+02
1.175626008891387215e+02
1.176767393366039016e+02
1.177909331641988757e+02
1.179051823719236012e+02
1.180194869597781064e+02
1.181338469277623915e+02
1.182482622758764563e+02
1.183627330041202868e+02
1.184772591124938828e+02
1.185918406009972585e+02
1.187064774696304141e+02
1.188211697183933353e+02
1.189359173472860363e+02
1.190507203563085170e+02
1.191655787454607633e+02
1.192804925147428037e+02
1.193954616641545954e+02
1.195104861936961811e+02
1.196255661033675182e+02
1.197407013931686350e+02
6.874392414835897114e+01
6.881002407542469257e+01
6.887615576603057832e+01
6.894231922017662839e+01
6.900851443786282857e+01
6.907474141908917886e+01
6.914100016385569347e+01
6.920729067216235819e+01
6.927361294400918723e+01
6.933996697939616638e+01
6.940635277832330985e+01
6.947277034079060343e+01
6.953921966679804711e+01
6.960570075634566933e+01
6.967221360943342745e+01
6.973875822606134989e+01
6.980533460622942243e+01
6.987194274993765930e+01
6.993858265718606049e+01
7.000525432797459757e+01
7.007195776230331319e+01
7.013869296017216470e+01
7.020545992158118054e+01
7.027225864653036069e+01
7.033908913501969096e+01
7.040595138704917133e+01
7.047284540261881602e+01
7.053977118172861083e+01
7.060672872437856995e+01
7.067371803056867918e+01
7.074073910029895274e+01
7.080779193356937640e+01
7.087487653037995017e+01
2.322214086525745458e+01
2.324412112163725297e+01
2.326611177548932119e+01
2.328811282681366279e+01
2.331012427561027067e+01
2.333214612187915549e+01
2.335417836562030303e+01
2.337622100683372395e+01
2.339827404551941825e+01
2.342033748167738239e+01
2.344241131530761280e+01
2.346449554641011659e+01
2.348659017498489021e+01
2.350869520103193722e+01
2.353081062455125405e+01
2.355293644554283716e+01
2.357507266400669366e+01
2.359721927994281998e+01
2.361937629335121613e+01
2.364154370423188567e+01
2.366372151258482148e+01
2.368590971841003068e+01
2.370810832170750970e+01
2.373031732247725856e+01
2.375253672071927724e+01
2.377476651643356931e+01
2.379700670962013120e+01
2.381925730027895938e+01
2.384151828841006449e+01
2.386378967401343587e+01
2.388607145708907709e+01
2.390836363763699168e+01
2.393066621565717611e+01
-4.492935589944184471e+01
-4.497122855172464284e+01
-4.501312070687296796e+01
-4.505503236488682006e+01
-4.509696352576618494e+01
-4.513891418951109102e+01
-4.518088435612150988e+01
-4.522287402559746283e+01
-4.526488319793893567e+01
-4.530691187314593549e+01
-4.534896005121846230e+01
-4.539102773215650899e+01
-4.543311491596008267e+01
-4.547522160262918334e+01
-4.551734779216381810e+01
-4.555949348456396564e+01
-4.560165867982964016e+01
-4.564384337796084878e+01
-4.568604757895757018e+01
-4.572827128281982567e+01
-4.577051448954760104e+01
-4.581277719914091051e+01
-4.585505941159973275e+01
-4.589736112692408909e+01
-4.593968234511397242e+01
-4.598202306616937562e+01
-4.602438329009030582e+01
-4.606676301687675590e+01
-4.610916224652874007e+01
-4.615158097904625123e+01
-4.619401921442927517e+01
-4.623647695267783320e+01
-4.627895419379191111e+01
-8.350729270220907097e+01
-8.358394005668563409e+01
-8.366062257049910045e+01
-8.373734024364948425e+01
-8.381409307613678550e+01
-8.389088106796100419e+01
-8.396770421912215454e+01
-8.404456252962019391e+01
-8.412145599945516494e+01
-8.419838462862705342e+01
-8.427534841713585934e+01
-8.435234736498156849e+01
-8.442938147216420930e+01
-8.450645073868375334e+01
-8.458355516454021483e+01
-8.466069474973359377e+01
-8.473786949426389015e+01
-8.481507939813110397e+01
-8.489232446133523524e+01
-8.496960468387626975e+01
-8.504692006575422170e+01
-8.512427060696910530e+01
-8.520165630752089214e+01
-8.527907716740959643e+01
-8.535653318663521816e+01
-8.543402436519775733e+01
-8.551155070309721395e+01
-8.558911220033357381e+01
-8.566670885690686532e+01
-8.574434067281707428e+01
-8.582200764806418647e+01
-8.589970978264821611e+01
-8.597744707656916319e+01
-1.045353330162829479e+02
-1.046298495922470408e+02
-1.047244088779155931e+02
-1.048190108732885903e+02
-1.049136555783660611e+02
-1.050083429931479628e+02
-1.051030731176343380e+02
-1.051978459518251725e+02
-1.052926614957204663e+02
-1.053875197493202194e+02
-1.054824207126244175e+02
-1.055773643856330892e+02
-1.056723507683462060e+02
-1.057673798607637821e+02
-1.058624516628858174e+02
-1.059575661747123121e+02
-1.060527233962432661e+02
-1.061479233274786651e+02
-1.062431659684185234e+02
-1.063384513190628553e+02
-1.064337793794116322e+02
-1.065291501494648685e+02
-1.066245636292225640e+02
-1.067200198186847047e+02
-1.068155187178513188e+02
-1.069110603267223922e+02
-1.070066446452979108e+02
-1.071022716735778886e+02
-1.071979414115623257e+02
-1.072936538592512221e+02
-1.073894090166445778e+02
-1.074852068837423786e+02
-1.075810474605446529e+02
-1.031567071476985546e+02
-1.032486062186541886e+02
-1.033405462063822995e+02
-1.034325271108828446e+02
-1.035245489321558807e+02
-1.036166116702013653e+02
-1.037087153250193268e+02
-1.038008598966097509e+02
-1.038930453849726376e+02
-1.039852717901079870e+02
-1.040775391120157991e+02
-1.041698473506960738e+02
-1.042621965061488254e+02
-1.043545865783740396e+02
-1.044470175673717023e+02
-1.045394894731418418e+02
-1.046320022956844582e+02
-1.047245560349995230e+02
-1.048171506910870505e+02
-1.049097862639470407e+02
-1.050024627535795076e+02
-1.050951801599844373e+02
-1.051879384831618296e+02
-1.052807377231116845e+02
-1.053735778798340021e+02
-1.054664589533287966e+02
-1.055593809435960395e+02
-1.056523438506357593e+02
-1.057453476744479417e+02
-1.058383924150325868e+02
-1.059314780723896803e+02
-1.060246046465192649e+02
-1.061177721374212979e+02
-9.093699553939632096e+01
-9.101683486822810210e+01
-9.109670922967454487e+01
-9.117661862373566350e+01
-9.125656305041144378e+01
-9.133654250970191413e+01
-9.141655700160703191e+01
-9.149660652612683975e+01
-9.157669108326129503e+01
-9.165681067301042617e+01
-9.173696529537423316e+01
-9.181715495035271601e+01
-9.189737963794584630e+01
-9.197763935815366665e+01
-9.205793411097614865e+01
-9.213826389641329229e+01
-9.221862871446512600e+01
-9.229902856513162135e+01
-9.237946344841276414e+01
-9.245993336430859699e+01
-9.254043831281910570e+01
-9.262097829394427606e+01
-9.270155330768410806e+01
-9.278216335403861592e+01
-9.286280843300779964e+01
-9.294348854459164500e+01
-9.302420368879015200e+01
-9.310495386560333486e+01
-9.318573907503119358e+01
-9.326655931707372815e+01
-9.334741459173092437e+01
-9.342830489900278224e+01
-9.350923023888931596e+01
-7.604380701439092149e+01
-7.610961731903340421e+01
-7.617545608834052473e+01
-7.624132332231229725e+01
-7.630721902094867914e+01
-7.637314318424972726e+01
-7.643909581221539895e+01
-7.650507690484570844e+01
-7.657108646214065573e+01
-7.663712448410024081e+01
-7.670319097072446368e+01
-7.676928592201332435e+01
-7.683540933796682282e+01
-7.690156121858497329e+01
-7.696774156386774735e+01
-7.703395037381514499e+01
-7.710018764842720884e+01
-7.716645338770388207e+01
-7.723274759164522152e+01
-7.729907026025118455e+01
-7.736542139352178538e+01
-7.743180099145702400e+01
-7.749820905405690041e+01
-7.756464558132141462e+01
-7.763111057325056663e+01
-7.769760402984435643e+01
-7.776412595110279824e+01
-7.783067633702584942e+01
-7.789725518761356682e+01
-7.796386250286590780e+01
-7.803049828278288658e+01
-7.809716252736450315e+01
-7.816385523661075752e+01
-6.124038846501782274e+01
-6.129264135619957443e+01
-6.134491653006413969e+01
-6.139721398661151142e+01
-6.144953372584168960e+01
-6.150187574775467425e+01
-6.155424005235045826e+01
-6.160662663962905583e+01
-6.165903550959045987e+01
-6.171146666223467037e+01
-6.176392009756168733e+01
-6.181639581557151075e+01
-6.186889381626413353e+01
-6.192141409963956988e+01
-6.197395666569781270e+01
-6.202652151443886908e+01
-6.207910864586272481e+01
-6.213171805996938701e+01
-6.218434975675885568e+01
-6.223700373623113080e+01
-6.228967999838621239e+01
-6.234237854322410755e+01
-6.239509937074480206e+01
-6.244784248094831014e+01
-6.250060787383461758e+01
-6.255339554940373858e+01
-6.260620550765565184e+01
-6.265903774859038577e+01
-6.271189227220792617e+01
-6.276476907850826592e+01
-6.281766816749141924e+01
-6.287058953915737902e+01
-6.292353319350614527e+01
-6.526772985407653493e+01
-6.532264590780314961e+01
-6.537758505490810990e+01
-6.543254729539143000e+01
-6.548753262925310992e+01
-6.554254105649313544e+01
-6.559757257711152079e+01
-6.565262719110825174e+01
-6.570770489848334250e+01
-6.576280569923679309e+01
-6.581792959336858928e+01
-6.587307658087874529e+01
-6.592824666176724691e+01
-6.598343983603410834e+01
-6.603865610367932959e+01
-6.609389546470289645e+01
-6.614915791910482312e+01
-6.620444346688510961e+01
-6.625975210804374171e+01
-6.631508384258073363e+01
-6.637043867049607115e+01
-6.642581659178976849e+01
-6.648121760646182565e+01
-6.653664171451222842e+01
-6.659208891594099100e+01
-6.664755921074809919e+01
-6.670305259893356720e+01
-6.675856908049739502e+01
-6.681410865543956845e+01
-6.686967132376010170e+01
-6.692525708545899477e+01
-6.698086594053623344e+01
-6.703649788899181772e+01
-5.723648760162301841e+01
-5.728398676145839374e+01
-5.733150562231402603e+01
-5.737904418418990105e+01
-5.742660244708604722e+01
-5.747418041100243613e+01
-5.752177807593908199e+01
-5.756939544189598479e+01
-5.761703250887314454e+01
-5.766468927687056123e+01
-5.771236574588822776e+01
-5.776006191592615124e+01
-5.780777778698433167e+01
-5.785551335906276194e+01
-5.790326863216145625e+01
-5.795104360628040041e+01
-5.799883828141960151e+01
-5.804665265757905246e+01
-5.809448673475876745e+01
-5.814234051295873229e+01
-5.819021399217895407e+01
-5.823810717241943280e+01
-5.828602005368016137e+01
-5.833395263596114688e+01
-5.838190491926238934e+01
-5.842987690358388875e+01
-5.847786858892564510e+01
-5.852587997528765129e+01
-5.857391106266991443e+01
-5.862196185107243451e+01
-5.867003234049520444e+01
-5.871812253093823841e+01
-5.876623242240151512e+01
-6.260572300619163144e+01
-6.265697615642183393e+01
-6.270825027766277060e+01
-6.275954536991443433e+01
-6.281086143317683934e+01
-6.286219846744996431e+01
-6.291355647273383056e+01
-6.296493544902842388e+01
-6.301633539633375847e+01
-6.306775631464982013e+01
-6.311919820397661596e+01
-6.317066106431414596e+01
-6.322214489566240303e+01
-6.327364969802139427e+01
-6.332517547139111969e+01
-6.337672221577157217e+01
-6.342828993116275882e+01
-6.347987861756468675e+01
-6.353148827497734175e+01
-6.358311890340072381e+01
-6.363477050283484715e+01
-6.368644307327969756e+01
-6.373813661473528214e+01
-6.378985112720159378e+01
-6.384158661067864671e+01
-6.389334306516642670e+01
-6.394512049066494086e+01
-6.399691888717418919e+01
-6.404873825469417170e+01
-6.410057859322488127e+01
-6.415243990276631791e+01
-6.420432218331849583e+01
-6.425622543488140082e+01
-5.052896451257193178e+01
-5.056977950813943323e+01
-5.061061098129901126e+01
-5.065145893205067296e+01
-5.069232336039439701e+01
-5.073320426633019764e+01
-5.077410164985807484e+01
-5.081501551097802150e+01
-5.085594584969004472e+01
-5.089689266599414452e+01
-5.093785595989032089e+01
-5.097883573137856672e+01
-5.101983198045888201e+01
-5.106084470713128098e+01
-5.110187391139574942e+01
-5.114291959325228731e+01
-5.118398175270090888e+01
-5.122506038974159992e+01
-5.126615550437436752e+01
-5.130726709659920459e+01
-5.134839516641611823e+01
-5.138953971382510133e+01
-5.143070073882616811e+01
-5.147187824141929724e+01
-5.151307222160451715e+01
-5.155428267938179232e+01
-5.159550961475115116e+01
-5.163675302771258657e+01
-5.167801291826609145e+01
-5.171928928641167289e+01
-5.176058213214932380e+01
-5.180189145547905127e+01
-5.184321725640085532e+01
