-1.808016639956434857e-02
-3.930425607798163079e-02
-5.748479024862014619e-02
-9.075456536375645089e-02
-1.253758544841694911e-01
-1.748007333973510824e-01
-2.206446139000625972e-01
-2.735558423938823092e-01
-3.363924138598960445e-01
-4.307625064135938708e-01
-4.746836896791393201e-01
-5.500422590402480605e-01
-6.574785295850237299e-01
-7.564249671302748501e-01
-1.544431920048809914e+00
-1.849379020152557951e+00
-2.172234119884935755e+00
-2.493056459493260046e+00
-2.892641302424435512e+00
-3.225182969824779811e+00
-3.567799321093606313e+00
-3.871266170221725922e+00
-4.258450722565092050e+00
-4.790026559286990171e+00
-5.316864465568778009e+00
-5.821832813135690010e+00
-6.455959520814226416e+00
-7.126781702886530567e+00
-8.119589984086651668e+00
-8.903928812844062790e+00
-1.008787768426774001e+01
-1.119624443903526867e+01
-1.299082679351385927e+01
-1.439818988311399117e+01
-1.607720431170407949e+01
-1.850143343397802553e+01
-1.982761772246876220e+01
-2.266008454801109195e+01
-2.545395316041734901e+01
-2.928557238019901376e+01
-3.281488325145186025e+01
-3.677664541280849875e+01
-4.266418840941754809e+01
-4.580622424275689042e+01
-4.973759114274990623e+01
-5.080788829578898458e+01
-5.259728469503648540e+01
-5.399994444975290264e+01
-5.555578827034942435e+01
-6.003862050130849326e+01
-6.118726562544514991e+01
-6.577834356015237915e+01
-6.621745990219817202e+01
-7.002462786511479464e+01
-7.182833290553396921e+01
-7.587393335944237549e+01
-7.680976258817180735e+01
-8.234856633981399909e+01
-8.456050580982437737e+01
-8.655515046857725281e+01
-8.530299359295814554e+01
-9.030900552799833747e+01
-9.383361440132459563e+01
-9.422921011983946471e+01
-9.647373115389414977e+01
-9.933347573441852774e+01
-9.911155538418115896e+01
-1.021467396898389097e+02
-9.976148799597361005e+01
-1.020046357876646255e+02
-1.033770828789876504e+02
-9.504997103452163287e+01
-9.485124601716935899e+01
-8.378418298145292908e+01
-7.380682250653538290e+01
-6.747360695009199105e+01
-6.467907160338033634e+01
-5.781702983853038802e+01
-5.329411700354614112e+01
-5.683547621659897686e+01
-5.816425995851712827e+01
-5.630704454367164402e+01
-7.476456192771900078e+01
-7.713153943024025239e+01
-9.362251382552867085e+01
-1.106643939456978103e+02
-1.213884547517096593e+02
-1.373527561181184637e+02
-1.416018676779962675e+02
-1.606984867000446116e+02
-1.632520992426459827e+02
-1.652622519348281571e+02
-1.759394705731399142e+02
-1.794688221188899320e+02
-1.850643754625205872e+02
-1.848338289851916443e+02
-1.899304150108073088e+02
-1.928782473649332019e+02
-1.864699765740064947e+02
-2.068258924941609962e+02
-1.878836350818272365e+02
-1.851347256272171364e+02
-1.851163778962816764e+02
-1.700984486990992934e+02
-1.664528391314541977e+02
-1.319001549880152027e+02
-9.126753441533841738e+01
-6.573988493159043855e+01
-4.372703508424432783e+01
-9.875080055135065038e+00
3.134988801229316380e+01
5.710467439925747613e+01
2.843320023037420441e+01
3.108344979491309346e+01
1.134860024977217385e+01
-1.989546525552233192e+01
-1.129185030050016536e+02
-2.014462782030225299e+02
-2.904280499103030593e+02
-3.805209482426984664e+02
-4.895735440726029992e+02
-5.501834650598461849e+02
-6.419661312859539066e+02
-6.615397853983009782e+02
-7.507811183993139821e+02
-7.603604960760610538e+02
-8.126412516308439535e+02
-8.262208189534497933e+02
-8.583993608518612746e+02
-8.262520429700524573e+02
-7.731383529887217492e+02
-7.949634677792536195e+02
-7.649969342862311805e+02
-6.717840536367415325e+02
-6.086076052758492096e+02
-5.353236685513923021e+02
-4.501131665560537272e+02
-3.319363206191144400e+02
-1.681634407459272893e+02
-6.007058948127706799e+00
1.627581548055864857e+02
2.493499858740601383e+02
4.481639442420524233e+02
5.832454598379804338e+02
7.129696483647300056e+02
7.128977880557083608e+02
7.178742206470025167e+02
6.609020625689825010e+02
5.404046839455249938e+02
4.189344829355750335e+02
1.583863065783546062e+02
-9.274190364250866736e+00
-2.375742185811878642e+02
-4.924552658078873151e+02
-6.231585184402644018e+02
-8.416515645294454089e+02
-9.753313016783727107e+02
-1.118957225395877231e+03
-1.234386736298550431e+03
-1.282062469124358586e+03
-1.385779191319007168e+03
-1.351403226783036871e+03
-1.365883560721897993e+03
-1.326357366630988963e+03
-1.395496530389006921e+03
-1.289045581634501559e+03
-1.161602185156165433e+03
-1.027473128757620316e+03
-8.018627367318601955e+02
-5.803653067579078879e+02
-2.057291784434051181e+02
7.516970168816590103e+02
2.261967409253412370e+03
3.338009767493922027e+03
4.544052566925210158e+03
4.800654187887486842e+03
4.451427149531999930e+03
3.824252629386236094e+03
2.234743246674621787e+03
9.335296692692096485e+02
-6.049228468587126599e+02
-1.670636534584841911e+03
-2.585560238237989779e+03
-3.089001241362041583e+03
-3.192385849438148398e+03
-2.561214288959104124e+03
-1.787572550838099460e+03
-8.057625666927532393e+02
1.966760069306845935e+02
1.154018947860470234e+03
2.316898390251350065e+03
3.157908505746916489e+03
3.609154807842428909e+03
3.967876850921248661e+03
3.484654283062127433e+03
2.660489315777865613e+03
1.895408114370549811e+03
1.343414572470886014e+03
5.614608734338194296e+01
-2.667649509007738402e+02
-1.815511875957603252e+03
-1.908085137677418061e+03
-9.492227234785912060e+02
3.714702503174677304e+02
1.750268520132357935e+03
1.856895305770577352e+03
2.001610855319170923e+03
1.235974445373359686e+03
4.126527364178156176e+02
-1.005049959077389587e+02
-4.937546343181978727e+02
-4.085916777427328270e+02
-4.759698074280338460e+02
-4.654701361318929571e+02
-4.799729227119283337e+02
