1.053795373547747848e-02
2.067762973079709243e-02
3.579323624987808955e-02
4.913771950084578483e-02
7.971852203146620464e-02
9.891721925526228421e-02
1.234696332053308310e-01
1.603786647313574509e-01
1.797051689500870630e-01
2.292284149796714188e-01
2.703438940160868831e-01
3.278617280631145325e-01
3.718660264665904491e-01
4.252540359035217876e-01
8.711628034809782983e-01
1.042099478203409424e+00
1.226944559804177715e+00
1.447680232421731938e+00
1.608511664091144100e+00
1.900114099090522535e+00
2.127547582102387036e+00
2.359873264972089046e+00
2.580020198246297802e+00
2.940899899868179901e+00
3.176751942203570156e+00
3.702904793114090154e+00
4.055794469834943961e+00
4.484993502182385683e+00
5.012821725121161087e+00
5.707984934148620404e+00
6.592178281660920902e+00
7.437766616264831043e+00
8.460327529002674041e+00
9.394745385356030098e+00
1.057644342927312664e+01
1.191450104070011307e+01
1.302157165285744433e+01
1.363704773663817171e+01
1.482391950781284251e+01
1.579474016998170960e+01
1.584825238712896223e+01
1.381649732426705590e+01
1.036422263543983568e+01
3.696586050900852793e+00
-7.662347860358642571e+00
-2.396207256129985552e+01
-4.210612777180698885e+01
-6.590683134705700752e+01
-8.614712882182539033e+01
-1.051637549943992411e+02
-1.188139958712479967e+02
-1.306600733603141862e+02
-1.377836203881257120e+02
-1.373605517411764083e+02
-1.391784912083873564e+02
-1.381649438206317484e+02
-1.354161321791711146e+02
-1.324941121406080242e+02
-1.287275305895799420e+02
-1.272940963419365090e+02
-1.264220801145794724e+02
-1.278357434950420526e+02
-1.300211135449752646e+02
-1.311026678349878125e+02
-1.298093295364911910e+02
-1.366000320095410530e+02
-1.380436914124465488e+02
-1.420447813496282947e+02
-1.461447946340495321e+02
-1.535217254881779070e+02
-1.549882683177342813e+02
-1.589044302675448250e+02
-1.664512254723051115e+02
-1.715634746437859519e+02
-1.752912543747132474e+02
-1.810223702635393863e+02
-1.769998692982601938e+02
-1.686865963106671984e+02
-1.575225960180630693e+02
-1.425428424229363031e+02
-1.211458931261685592e+02
-1.061380860839647227e+02
-8.827937715932849017e+01
-6.809007299859061391e+01
-4.567361055512625967e+01
-2.931888391859563470e+01
-1.086664901218721191e+01
2.422147012581052916e+00
1.295110003203124549e+01
2.726110463666193340e+01
3.796820870287666594e+01
4.814878819496185969e+01
4.648424040072565333e+01
4.125071011399122511e+01
4.787272168327323385e+01
4.078857923669188068e+01
4.455429371608055789e+01
4.137614872833025004e+01
4.226433798520244522e+01
4.152875715722649375e+01
2.770694272016488569e+01
7.180705925247138133e+00
7.530800009380994586e-01
-2.382829326479529541e+01
-5.880974693898699712e+01
-1.210037232482719105e+02
-1.823845154229182697e+02
-2.748153228463149276e+02
-3.630804265093094045e+02
-4.435044185744139895e+02
-5.676864502433561483e+02
-6.870366633681747999e+02
-8.195986352906946877e+02
-9.025272567651757072e+02
-1.000830181756156435e+03
-1.086165154189118084e+03
-1.087779561692680772e+03
-1.090946324769279954e+03
-1.054409048512611434e+03
-9.916738917362717984e+02
-9.303441296996959409e+02
-8.689681838057193772e+02
-8.057952113841556638e+02
-7.336227103237811207e+02
-6.901610322779546323e+02
-6.373785005968983342e+02
-5.777567779618298118e+02
-5.269560380704222098e+02
-4.779753208129017708e+02
-5.106016788351746527e+02
-4.717283764090910267e+02
-4.798966180300140536e+02
-5.377090749724231955e+02
-5.402333237813537608e+02
-5.930782519946021694e+02
-6.478077463263851996e+02
-7.182085255154198649e+02
-8.005236261748515290e+02
-8.728099582142890540e+02
-9.921724617321274309e+02
-1.060642784534070643e+03
-1.119631049492783177e+03
-1.196170435192928153e+03
-1.233781410146162898e+03
-1.249439920233344992e+03
-1.161047857785281849e+03
-1.014171579935438785e+03
-8.357228362100562435e+02
-6.731593559856164575e+02
-3.661955859295014761e+02
-1.008978503513105380e+02
1.743358282578720662e+02
5.076073548322742113e+02
7.855864419424742664e+02
1.024641115406193194e+03
1.207686156559948813e+03
1.414988256500927719e+03
1.625471628303791704e+03
1.764498867652487206e+03
1.937036841392415909e+03
2.020477421513230638e+03
2.170687451642341330e+03
2.237116517902966280e+03
2.321672460586212765e+03
2.368704234464649744e+03
2.439488810410519363e+03
2.431469300050759102e+03
2.441851452482449986e+03
2.319791909455845598e+03
2.299563212546896466e+03
3.868869431128746783e+03
3.131692331695074699e+03
1.946021214587445456e+03
7.430477610200163099e+02
-4.544485809903956692e+02
-1.713084832331585631e+03
-2.044057589198135474e+03
-2.028483979800130101e+03
-1.341272720146708934e+03
-5.664318430329701641e+02
9.246117758213650859e+02
1.824306665666692197e+03
2.678588595753545633e+03
3.397753785546719428e+03
3.751242366028334345e+03
3.911017943535282029e+03
3.549815901453780043e+03
2.948405763325115458e+03
2.149149592020030468e+03
1.348294379838512214e+03
2.705221064324155122e+02
-7.046103131815700635e+02
-1.092846261889743346e+03
-1.475055934704813581e+03
-1.253933340020466630e+03
-1.283802972994104493e+03
-3.100984574843515134e+02
4.503199308866704200e+02
1.255016854977125149e+03
1.392672735078634787e+03
4.072404675146554837e+03
3.729175769603674325e+03
2.357910401921576977e+03
6.071178836534627408e+02
-1.378330705274169986e+03
-2.969188188900025125e+03
-3.440166340543972638e+03
-3.424757958575083649e+03
-3.017811505932186719e+03
-2.234068882785398728e+03
-2.128913984711097783e+03
-2.155733322940719518e+03
-1.911223560267683524e+03
-2.169797777350800970e+03
-2.022128127037178956e+03
