0.000000000000000000e+00
0.000000000000000000e+00
0.000000000000000000e+00
0.000000000000000000e+00
0.000000000000000000e+00
0.000000000000000000e+00
0.000000000000000000e+00
0.000000000000000000e+00
0.000000000000000000e+00
0.000000000000000000e+00
0.000000000000000000e+00
0.000000000000000000e+00
0.000000000000000000e+00
0.000000000000000000e+00
0.000000000000000000e+00
0.000000000000000000e+00
0.000000000000000000e+00
0.000000000000000000e+00
0.000000000000000000e+00
0.000000000000000000e+00
0.000000000000000000e+00
0.000000000000000000e+00
0.000000000000000000e+00
0.000000000000000000e+00
0.000000000000000000e+00
0.000000000000000000e+00
0.000000000000000000e+00
0.000000000000000000e+00
-3.178554773458382946e-03
-3.390458425022274593e-03
-3.609197678249518367e-03
-3.834772533140113401e-03
-4.067182989694060127e-03
-7.034568559411485608e-03
-7.436543905663570500e-03
-7.849685233755990602e-03
-8.273992543688745913e-03
-8.709465835461838168e-03
-1.042865663802400832e-02
-1.095008946992520951e-02
-1.148424017577521876e-02
-1.203110875557403953e-02
-1.259069520932167008e-02
-1.663967673188448612e-02
-1.737921791996824283e-02
-1.813483609040164243e-02
-1.890653124318469186e-02
-1.969430337831738764e-02
-2.318407751520175364e-02
-2.411144061580982462e-02
-2.505698730662589760e-02
-2.602071758764996912e-02
-2.700263145888204611e-02
-3.255055978620564200e-02
-3.373421650570403163e-02
-3.493900995233631401e-02
-3.616494012610250303e-02
-3.741200702700258479e-02
-4.132852031086126088e-02
-4.270613765455663624e-02
-4.410633888913226275e-02
-4.552912401458814734e-02
-4.697449303092428308e-02
-5.149427660683435909e-02
-5.307871588704464461e-02
-5.468716182301570222e-02
-5.631961441474751112e-02
-5.797607366224008518e-02
-6.359339280653036885e-02
-6.541034688671694408e-02
-6.725289186944136133e-02
-6.912102775470363447e-02
-7.101475454250373576e-02
-8.173589502521587391e-02
-8.391551889255496888e-02
-8.612382202130641762e-02
-8.836080441147022013e-02
-9.062646606304637642e-02
-9.036281754173978997e-02
-9.262188798028329895e-02
-9.490884817732732348e-02
-9.722369813287190521e-02
-9.956643784691698862e-02
-1.050093735592638605e-01
-1.074801823488936020e-01
-1.099797214732864681e-01
-1.125079909324424865e-01
-1.150649907263616434e-01
-1.258412983711461597e-01
-1.286377716682827466e-01
-1.314649754412120231e-01
-1.343229096899340447e-01
-1.372115744144487282e-01
-1.451113946198591964e-01
-1.481663713486983391e-01
-1.512531707517962287e-01
-1.543717928291528652e-01
-1.575222375807682207e-01
-1.586207280098940464e-01
-1.617931425700919190e-01
-1.649969671754402678e-01
-1.682322018259391205e-01
-1.714988465215884217e-01
-1.747969012623881990e-01
-1.781263660483384526e-01
-1.814872408794391545e-01
-1.848795257556903604e-01
-1.911589376681422925e-01
-1.946664411115944515e-01
-1.982058309499870885e-01
-2.017771071833201757e-01
-2.053802698115937408e-01
-2.090153188348078117e-01
-2.126822542529623050e-01
-2.163810760660573040e-01
-2.201117842740927810e-01
-2.257538930934193944e-01
-2.295802302644942838e-01
-2.334387215294438100e-01
-2.373293668882678620e-01
-2.412521663409664952e-01
-2.452071198875397096e-01
-2.491942275279875330e-01
-2.532134892623098543e-01
-2.572649050905068124e-01
-2.603098877596374261e-01
-2.644092560708128370e-01
-2.685406506969192919e-01
-2.727040716379567908e-01
-2.768995188939253893e-01
-2.811269924648249763e-01
-2.853864923506556628e-01
-2.896780185514173933e-01
-2.940015710671102234e-01
-3.032618317959266396e-01
-3.077215646164549456e-01
-3.122138502312937214e-01
-3.167386886404429114e-01
-3.212960798439025156e-01
-3.258860238416725896e-01
-3.305085206337530224e-01
-3.351635702201439249e-01
-3.398511726008452416e-01
-3.393326547944465199e-01
-3.440131052054044014e-01
-3.487256134958894305e-01
-3.534701796659014961e-01
-3.582468037154407092e-01
-3.630554856445070144e-01
-3.678962254531004672e-01
-3.727690231412210120e-01
-3.776738787088686489e-01
-3.765658070663181478e-01
-3.814562720931534145e-01
-3.863782885072586382e-01
-3.913318563086338187e-01
-3.963169754972787895e-01
-4.013336460731937172e-01
-4.063818680363785463e-01
-4.114616413868332767e-01
-4.165729661245579085e-01
-4.097444103766458290e-01
-4.147719491542734005e-01
-4.198301436561547306e-01
-4.249189938822899859e-01
-4.300384998326789998e-01
-4.351886615073218834e-01
-4.403694789062185255e-01
-4.455809520293690928e-01
-4.508230808767734188e-01
-4.518609400653532115e-01
-4.571151370428573335e-01
-4.623997051011562442e-01
-4.677146442402500548e-01
-4.730599544601385986e-01
-4.784356357608219867e-01
-4.838416881423002192e-01
-4.892781116045732404e-01
-4.947449061476411059e-01
-5.094206776950186422e-01
-5.150496354596044712e-01
-5.207095215635562102e-01
-5.264003360068737480e-01
-5.321220787895571958e-01
-5.378747499116064423e-01
-5.436583493730214878e-01
-5.494728771738025541e-01
-5.553183333139494193e-01
-5.666138415278857421e-01
-5.725781977544951440e-01
-5.785737809770553630e-01
-5.846005911955662881e-01
-5.906586284100281414e-01
-5.967478926204407008e-01
-6.028683838268042994e-01
-6.090201020291186040e-01
-6.152030472273837258e-01
-6.215902276021559869e-01
-6.278373655680067333e-01
-6.341157392236868029e-01
-6.404253485691961956e-01
-6.467661936045346893e-01
-6.531382743297025062e-01
-6.595415907446996462e-01
-6.659761428495259983e-01
-6.724419306441815625e-01
-6.904755951051902985e-01
-6.971147835196632725e-01
-7.037857383858800997e-01
-7.104884597038408911e-01
-7.172229474735455357e-01
-7.239892016949940334e-01
-7.307872223681864954e-01
-7.376170094931228105e-01
-7.444785630698029788e-01
-7.634189168846157170e-01
-7.704550359342434707e-01
-7.775234307593282823e-01
-7.846241013598701519e-01
-7.917570477358688574e-01
-7.989222698873247319e-01
-8.061197678142375533e-01
-8.133495415166074327e-01
-8.206115909944342590e-01
-8.710269229525823276e-01
-8.787351258105696727e-01
-8.864772855093412396e-01
-8.942534020488969171e-01
-9.020634754292365942e-01
-9.099075056503603820e-01
-9.177854927122682804e-01
-9.256974366149602895e-01
-9.336433373584361872e-01
-9.564437186913262723e-01
-9.645836652333801275e-01
-9.727581030743408519e-01
-9.809670322142087784e-01
-9.892104526529836850e-01
-9.974883643906654607e-01
-1.005800767427254216e+00
-1.014147661762750285e+00
-1.022529047397153112e+00
-1.084963924029601845e+00
-1.093857070947877208e+00
-1.102786516425002805e+00
-1.111752260460978414e+00
-1.120754303055804035e+00
-1.129792644209479890e+00
-1.138867283922005980e+00
-1.147978222193381859e+00
-1.157125459023608194e+00
-1.205556605812337478e+00
-1.215086697557889561e+00
-1.224654309349684000e+00
-1.234259441187720796e+00
-1.243902093071999948e+00
-1.253582265002521234e+00
-1.263299956979284877e+00
-1.273055169002291098e+00
-1.282847901071539454e+00
-1.400288945987169464e+00
-1.410978174582491418e+00
-1.421708046632548239e+00
-1.432478562137340372e+00
-1.443289721096867373e+00
-1.454141523511129686e+00
-1.465033969380126866e+00
-1.475967058703859136e+00
-1.486940791482326496e+00
-1.553544371251388556e+00
-1.565009643363944880e+00
-1.576517067212209078e+00
-1.588066642796181149e+00
-1.599658370115861539e+00
-1.611292249171249580e+00
-1.622968279962345495e+00
-1.634686462489149505e+00
-1.646446796751661390e+00
-1.736334534734635948e+00
-1.748736924268454729e+00
-1.761183450419831598e+00
-1.773674113188766777e+00
-1.786208912575259822e+00
-1.798787848579310733e+00
-1.811410921200919955e+00
-1.824078130440087486e+00
-1.836789476296812662e+00
-1.999908602572940231e+00
-2.013748800514621351e+00
-2.027636723276791564e+00
-2.041572370859449759e+00
-2.055555743262596380e+00
-2.069586840486231871e+00
-2.083665662530356233e+00
-2.097792209394968577e+00
-2.111966481080069791e+00
-2.145034438835925261e+00
-2.159430643123414484e+00
-2.173874995251330322e+00
-2.188367495219672332e+00
-2.202908143028440957e+00
-2.217496938677636198e+00
-2.232133882167257610e+00
-2.246818973497305194e+00
-2.261552212667779393e+00
-2.453371341689380092e+00
-2.469354216879539266e+00
-2.485388984521613942e+00
-2.501475644615605010e+00
-2.517614197161512024e+00
-2.533804642159335430e+00
-2.550046979609074782e+00
-2.566341209510730081e+00
-2.582687331864301328e+00
-2.757883267338705480e+00
-2.775338224726925151e+00
-2.792848245072205415e+00
-2.810413328374546271e+00
-2.828033474633947719e+00
-2.845708683850409759e+00
-2.863438956023932835e+00
-2.881224291154516060e+00
-2.899064689242160320e+00
-3.175233469112542561e+00
-3.194773367384004192e+00
-3.214373203993722505e+00
-3.234032978941696168e+00
-3.253752692227926069e+00
-3.273532343852411763e+00
-3.293371933815153696e+00
-3.313271462116151866e+00
-3.333230928755405831e+00
-3.560229232486583850e+00
-3.581547970405665193e+00
-3.602930346348385271e+00
-3.624376360314744527e+00
-3.645886012304742962e+00
-3.667459302318380576e+00
-3.689096230355657369e+00
-3.710796796416572896e+00
-3.732561000501127602e+00
-3.992541795061848031e+00
-4.015821922146757039e+00
-4.039169724019703089e+00
-4.062585200680686626e+00
-4.086068352129707648e+00
-4.109619178366767045e+00
-4.133237679391863040e+00
-4.156923855204997409e+00
-4.180677705806169264e+00
-4.634440954884207819e+00
-4.660773005764231591e+00
-4.687179651689241666e+00
-4.713660892659237156e+00
-4.740216728674218949e+00
-4.766847159734187045e+00
-4.793552185839139668e+00
-4.820331806989079482e+00
-4.847186023184004711e+00
-4.978541544193514135e+00
-5.006123491806774517e+00
-5.033781632645486503e+00
-5.061515966709649206e+00
-5.089326493999261736e+00
-5.117213214514326758e+00
-5.145176128254842496e+00
-5.173215235220808950e+00
-5.201330535412226119e+00
-5.408718251590560300e+00
-5.437954566464022754e+00
-5.467269685420701464e+00
-5.496663608460598205e+00
-5.526136335583711201e+00
-5.555687866790040452e+00
-5.585318202079587735e+00
-5.615027341452351273e+00
-5.644815284908332842e+00
-5.527920109540419347e+00
-5.557091191912664208e+00
-5.586339040291152358e+00
-5.615663654675882022e+00
-5.645065035066855863e+00
-5.674543181464072106e+00
-5.704098093867530750e+00
-5.733729772277231795e+00
-5.763438216693176130e+00
-5.725385466225321629e+00
-5.754897762442977793e+00
-5.784485925746026602e+00
-5.814149956134468056e+00
-5.843889853608301266e+00
-5.873705618167527120e+00
-5.903597249812146508e+00
-5.933564748542156764e+00
-5.963608114357559664e+00
-5.880794403614678423e+00
-5.910420571894853481e+00
-5.940121177783772133e+00
-5.969896221281434379e+00
-5.999745702387841995e+00
-6.029669621102993204e+00
-6.059667977426888896e+00
-6.089740771359528182e+00
-6.119888002900912838e+00
-6.052912382797005719e+00
-6.082729685175316092e+00
-6.112620248738831030e+00
-6.142584073487551422e+00
-6.172621159421476378e+00
-6.202731506540605899e+00
-6.232915114844939097e+00
-6.263171984334477749e+00
-6.293502115009220965e+00
-6.544098949002385091e+00
-6.575636775262638345e+00
-6.607250413605247452e+00
-6.638939864030211524e+00
-6.670705126537533225e+00
-6.702546201127211667e+00
-6.734463087799245962e+00
-6.766455786553636997e+00
-6.798524297390382998e+00
-6.672007001046381447e+00
-6.703478732183392630e+00
-6.735024514452490507e+00
-6.766644347853675967e+00
-6.798338232386949009e+00
-6.830106168052307858e+00
-6.861948154849754289e+00
-6.893864192779288302e+00
-6.925854281840909898e+00
-7.175420806071672430e+00
-7.208563627346830316e+00
-7.241782814569627469e+00
-7.275078367740062113e+00
-7.308450286858135136e+00
-7.341898571923847427e+00
-7.375423222937198986e+00
-7.409024239898188036e+00
-7.442701622806816353e+00
-7.226018996415247919e+00
-7.258715914951063830e+00
-7.291486641429398396e+00
-7.324331175850251618e+00
-7.357249518213622608e+00
-7.390241668519514029e+00
-7.423307626767923217e+00
-7.456447392958851061e+00
-7.489660967092298449e+00
-7.644218337756311321e+00
-7.678117310429288800e+00
-7.712091280829418416e+00
-7.746140248956700169e+00
-7.780264214811134948e+00
-7.814463178392722753e+00
-7.848737139701462695e+00
-7.883086098737354774e+00
-7.917510055500399879e+00
-7.843821142153321269e+00
-7.877924712336595192e+00
-7.912102259895540612e+00
-7.946353784830153089e+00
-7.980679287140433509e+00
-8.015078766826384538e+00
-8.049552223888003510e+00
-8.084099658325291315e+00
-8.118721070138247953e+00
-8.288355951361719320e+00
-8.323700752860062835e+00
-8.359120756063722624e+00
-8.394615960972698687e+00
-8.430186367586989249e+00
-8.465831975906596085e+00
-8.501552785931519196e+00
-8.537348797661756805e+00
-8.573220011097310689e+00
-8.393260800869461136e+00
-8.428379046898204052e+00
-8.463570608680658580e+00
-8.498835486216828272e+00
-8.534173679506711352e+00
-8.569585188550307819e+00
-8.605070013347617675e+00
-8.640628153898640917e+00
-8.676259610203377548e+00
-9.001268913579028919e+00
-9.038235110349376100e+00
-9.075277057522939117e+00
-9.112394755099717969e+00
-9.149588203079717985e+00
-9.186857401462935613e+00
-9.224202350249369076e+00
-9.261623049439021926e+00
-9.299119499031892389e+00
-9.245786055013585525e+00
-9.283067450396703890e+00
-9.320423858647796322e+00
-9.357855279766864598e+00
-9.395361713753905164e+00
-9.432943160608921573e+00
-9.470599620331910273e+00
-9.508331092922874817e+00
-9.546137578381813427e+00
-9.466581748282825615e+00
-9.504073161147312376e+00
-9.541638667713112198e+00
-9.579278267980225081e+00
-9.616991961948651024e+00
-9.654779749618390028e+00
-9.692641630989442092e+00
-9.730577606061807217e+00
-9.768587674835487178e+00
-9.332204004893274174e+00
-9.368516082733325590e+00
-9.404898669462387062e+00
-9.441351765080458591e+00
-9.477875369587538401e+00
-9.514469482983630044e+00
-9.551134105268729968e+00
-9.587869236442839949e+00
-9.624674876505961763e+00
-9.882494550695906099e+00
-9.920286116855354663e+00
-9.958149804324266441e+00
-9.996085613102644984e+00
-1.003409354319048852e+01
-1.007217359458779704e+01
-1.011032576729456878e+01
-1.014855006131080550e+01
-1.018684647663650544e+01
-1.027083241274896075e+01
-1.030944456467658910e+01
-1.034812915966599611e+01
-1.038688619771717825e+01
-1.042571567883013905e+01
-1.046461760300487853e+01
-1.050359197024139668e+01
-1.054263878053969172e+01
-1.058175803389976544e+01
-1.031669801237386785e+01
-1.035483737656009318e+01
-1.039304710857691916e+01
-1.043132720842434757e+01
-1.046967767610237843e+01
-1.050809851161101172e+01
-1.054658971495024566e+01
-1.058515128612008205e+01
-1.062378322512052087e+01
-1.056498026090059916e+01
-1.060339837094023885e+01
-1.064188620531751717e+01
-1.068044376403243589e+01
-1.071907104708499503e+01
-1.075776805447519280e+01
-1.079653478620303275e+01
-1.083537124226850956e+01
-1.087427742267162856e+01
-1.088068758167067607e+01
-1.091961669645303878e+01
-1.095861532751179901e+01
-1.099768347484695852e+01
-1.103682113845851376e+01
-1.107602831834646473e+01
-1.111530501451081498e+01
-1.115465122695155920e+01
-1.119406695566870447e+01
-1.085882664682991283e+01
-1.089706195192438543e+01
-1.093536445439160687e+01
-1.097373415423157716e+01
-1.101217105144429631e+01
-1.105067514602976608e+01
-1.108924643798798648e+01
-1.112788492731895396e+01
-1.116659061402267206e+01
-1.119381106107813828e+01
-1.123261109941809543e+01
-1.127147826585206936e+01
-1.131041256038005471e+01
-1.134941398300205506e+01
-1.138848253371806862e+01
-1.142761821252809717e+01
-1.146682101943213894e+01
-1.150609095443019392e+01
-1.093473670647554030e+01
-1.097205662697545669e+01
-1.100944012485271450e+01
-1.104688720010731728e+01
-1.108439785273926148e+01
-1.112197208274854709e+01
-1.115960989013517413e+01
-1.119731127489914435e+01
-1.123507623704045599e+01
-1.118290143106899315e+01
-1.122049101571124297e+01
-1.125814367012638151e+01
-1.129585939431440877e+01
-1.133363818827532654e+01
-1.137148005200913303e+01
-1.140938498551583002e+01
-1.144735298879541752e+01
-1.148538406184789373e+01
-1.133562278789418265e+01
-1.137315796268853418e+01
-1.141075517909411552e+01
-1.144841443711092843e+01
-1.148613573673897115e+01
-1.152391907797824366e+01
-1.156176446082874776e+01
-1.159967188529048165e+01
-1.163764135136344358e+01
-1.042454462797672576e+01
-1.045855619283146254e+01
-1.049262315111430155e+01
-1.052674550282524280e+01
-1.056092324796428628e+01
-1.059515638653143021e+01
-1.062944491852667817e+01
-1.066378884395002657e+01
-1.069818816280147900e+01
-1.040470357317778394e+01
-1.043815921167674787e+01
-1.047166855104007688e+01
-1.050523159126776918e+01
-1.053884833235982477e+01
-1.057251877431624720e+01
-1.060624291713703293e+01
-1.064002076082218196e+01
-1.067385230537169605e+01
-9.192379745664018387e+00
-9.221515656109865233e+00
-9.250697667679832037e+00
-9.279925780373922350e+00
-9.309199994192137950e+00
-9.338520309134475283e+00
-9.367886725200934350e+00
-9.397299242391518703e+00
-9.426757860706226566e+00
-8.099150153292534071e+00
-8.124459997521574550e+00
-8.149809326687007527e+00
-8.175198140788836554e+00
-8.200626439827059855e+00
-8.226094223801679206e+00
-8.251601492712691055e+00
-8.277148246560098954e+00
-8.302734485343901127e+00
-7.405455248647577982e+00
-7.428276374221222333e+00
-7.451132609218826808e+00
-7.474023953640389628e+00
-7.496950407485911683e+00
-7.519911970755393860e+00
-7.542908643448835271e+00
-7.565940425566236804e+00
-7.589007317107597572e+00
-7.099936455797328350e+00
-7.121516809766317735e+00
-7.143129910858172948e+00
-7.164775759072894878e+00
-7.186454354410482637e+00
-7.208165696870937111e+00
-7.229909786454258303e+00
-7.251686623160446210e+00
-7.273496206989499946e+00
-6.347713987034923733e+00
-6.366747612183454308e+00
-6.385809730782805005e+00
-6.404900342832978488e+00
-6.424019448333972093e+00
-6.443167047285787596e+00
-6.462343139688424110e+00
-6.481547725541881633e+00
-6.500780804846160166e+00
-5.852074542060017315e+00
-5.869388372066111970e+00
-5.886727776414903524e+00
-5.904092755106393753e+00
-5.921483308140579993e+00
-5.938899435517464021e+00
-5.956341137237045835e+00
-5.973808413299324549e+00
-5.991301263704300162e+00
-6.241906778601700623e+00
-6.260131323940683501e+00
-6.278382435672289041e+00
-6.296660113796516356e+00
-6.314964358313367221e+00
-6.333295169222839860e+00
-6.351652546524935161e+00
-6.370036490219653125e+00
-6.388447000306992862e+00
-6.388802163290025149e+00
-6.407213696901812305e+00
-6.425651721928867133e+00
-6.444116238371192296e+00
-6.462607246228785129e+00
-6.481124745501647411e+00
-6.499668736189777363e+00
-6.518239218293176762e+00
-6.536836191811844721e+00
-6.185712795466971947e+00
-6.203310840404290261e+00
-6.220933882564528616e+00
-6.238581921947690567e+00
-6.256254958553775225e+00
-6.273952992382781702e+00
-6.291676023434709997e+00
-6.309424051709560999e+00
-6.327197077207334708e+00
-8.214572922992539716e+00
-8.237647566034654645e+00
-8.260754571829982851e+00
-8.283893940378526111e+00
-8.307065671680284424e+00
-8.330269765735257792e+00
-8.353506222543444437e+00
-8.376775042104847913e+00
-8.400076224419464666e+00
-8.475821935038709398e+00
-8.499333230281536089e+00
-8.522877089645195525e+00
-8.546453513129693036e+00
-8.570062500735023292e+00
-8.593704052461188070e+00
-8.617378168308189146e+00
-8.641084848276024744e+00
-8.664824092364694863e+00
-1.028938126540105635e+01
-1.031757135105968892e+01
-1.034580000044699233e+01
-1.037406721356296835e+01
-1.040237299040761521e+01
-1.043071733098093290e+01
-1.045910023528292143e+01
-1.048752170331358258e+01
-1.051598173507291278e+01
-1.216394847252893818e+01
-1.219686849545865037e+01
-1.222983300490583680e+01
-1.226284200087049570e+01
-1.229589548335262528e+01
-1.232899345235222910e+01
-1.236213590786930538e+01
-1.239532284990385413e+01
-1.242855427845587357e+01
-1.334444018354160733e+01
-1.338012050488797477e+01
-1.341584846351251059e+01
-1.345162405941520767e+01
-1.348744729259607489e+01
-1.352331816305510692e+01
-1.355923667079230555e+01
-1.359520281580766898e+01
-1.363121659810119901e+01
-1.510133469626029346e+01
-1.514123254222135095e+01
-1.518118302386309715e+01
-1.522118614118552848e+01
-1.526124189418864852e+01
-1.530135028287245547e+01
-1.534151130723695111e+01
-1.538172496728213190e+01
-1.542199126300800138e+01
-1.557043068746955861e+01
-1.561108455349428326e+01
-1.565179142325567696e+01
-1.569255129675373972e+01
-1.573336417398846798e+01
-1.577423005495986530e+01
-1.581514893966793522e+01
-1.585612082811266887e+01
-1.589714572029407336e+01
-1.767241396424098809e+01
-1.771802019382612414e+01
-1.776368519432567439e+01
-1.780940896573964238e+01
-1.785519150806802102e+01
-1.790103282131081741e+01
-1.794693290546802444e+01
-1.799289176053964212e+01
-1.803890938652567755e+01
-1.795535958621665529e+01
-1.800116407495699988e+01
-1.804702691336453668e+01
-1.809294810143925503e+01
-1.813892763918115847e+01
-1.818496552659024701e+01
-1.823106176366652065e+01
-1.827721635040998294e+01
-1.832342928682062677e+01
-1.817854340999306828e+01
-1.822439093435622937e+01
-1.827029620119339981e+01
-1.831625921050457606e+01
-1.836227996228976522e+01
-1.840835845654896019e+01
-1.845449469328216807e+01
-1.850068867248938176e+01
-1.854694039417060480e+01
-1.935519972469012728e+01
-1.940346705567439400e+01
-1.945179449541455341e+01
-1.950018204391060905e+01
-1.954862970116256093e+01
-1.959713746717040905e+01
-1.964570534193415341e+01
-1.969433332545379045e+01
-1.974302141772932728e+01
-1.974564230540159571e+01
-1.979433686102527545e+01
-1.984309138531351380e+01
-1.989190587826631429e+01
-1.994078033988367693e+01
-1.998971477016559817e+01
-2.003870916911208511e+01
-2.008776353672313064e+01
-2.013687787299873477e+01
-2.036347570205877133e+01
-2.041314271596623442e+01
-2.046287022562754032e+01
-2.051265823104269259e+01
-2.056250673221169123e+01
-2.061241572913453624e+01
-2.066238522181122406e+01
-2.071241521024175825e+01
-2.076250569442614236e+01
-2.034025317475516559e+01
-2.038932495563515701e+01
-2.043845585914271012e+01
-2.048764588527783204e+01
-2.053689503404051919e+01
-2.058620330543076804e+01
-2.063557069944858924e+01
-2.068499721609397568e+01
-2.073448285536692737e+01
-2.090327057289739088e+01
-2.095315904681838859e+01
-2.100310698256765818e+01
-2.105311438014519609e+01
-2.110318123955101299e+01
-2.115330756078510177e+01
-2.120349334384746243e+01
-2.125373858873809496e+01
-2.130404329545700293e+01
-2.122984660235117360e+01
-2.127997611026700042e+01
-2.133016473316856931e+01
-2.138041247105589449e+01
-2.143071932392896883e+01
-2.148108529178779236e+01
-2.153151037463236150e+01
-2.158199457246268338e+01
-2.163253788527875798e+01
-2.052652727332291605e+01
-2.057448644919516667e+01
-2.062250158676621581e+01
-2.067057268603606701e+01
-2.071869974700471673e+01
-2.076688276967217206e+01
-2.081512175403842591e+01
-2.086341670010347826e+01
-2.091176760786733269e+01
-2.276950233284556546e+01
-2.282214858101399102e+01
-2.287485562161679553e+01
-2.292762345465397544e+01
-2.298045208012552720e+01
-2.303334149803145792e+01
-2.308629170837176048e+01
-2.313930271114643489e+01
-2.319237450635548470e+01
-2.068610800312174547e+01
-2.073344463470783339e+01
-2.078083536530145281e+01
-2.082828019490260019e+01
-2.087577912351126841e+01
-2.092333215112746814e+01
-2.097093927775119582e+01
-2.101860050338244790e+01
-2.106631582802122793e+01
-2.038534587737899884e+01
-2.043151880122357156e+01
-2.047774395688244908e+01
-2.052402134435562786e+01
-2.057035096364311144e+01
-2.061673281474490338e+01
-2.066316689766099302e+01
-2.070965321239139101e+01
-2.075619175893609025e+01
-2.038518197793237618e+01
-2.043088866398155190e+01
-2.047664653332977380e+01
-2.052245558597704544e+01
-2.056831582192336327e+01
-2.061422724116872729e+01
-2.066018984371314104e+01
-2.070620362955659743e+01
-2.075226859869910356e+01
-1.873306603012094129e+01
-1.877464886259624066e+01
-1.881627779577273074e+01
-1.885795282965040798e+01
-1.889967396422928303e+01
-1.894144119950934524e+01
-1.898325453549060171e+01
-1.902511397217305245e+01
-1.906701950955669389e+01
-1.833317631789750735e+01
-1.837346901310167624e+01
-1.841380593738949756e+01
-1.845418709076096420e+01
-1.849461247321608326e+01
-1.853508208475484764e+01
-1.857559592537726090e+01
-1.861615399508332658e+01
-1.865675629387303758e+01
-1.452877734063362958e+01
-1.456039600731618577e+01
-1.459204904211469689e+01
-1.462373644502917180e+01
-1.465545821605960342e+01
-1.468721435520599528e+01
-1.471900486246834561e+01
-1.475082973784665441e+01
-1.478268898134092346e+01
-1.005394750539686832e+01
-1.007561549571022397e+01
-1.009730681001745722e+01
-1.011902144831856987e+01
-1.014075941061356190e+01
-1.016252069690243154e+01
-1.018430530718518057e+01
-1.020611324146180898e+01
-1.022794449973231501e+01
-7.242442683949053439e+00
-7.257901473028987915e+00
-7.273376742694294350e+00
-7.288868492944973632e+00
-7.304376723781027536e+00
-7.319901435202454287e+00
-7.335442627209252997e+00
-7.351000299801425442e+00
-7.366574452978970733e+00
-4.817717274104186487e+00
-4.827902722886648235e+00
-4.838098927158847928e+00
-4.848305886920785568e+00
-4.858523602172462930e+00
-4.868752072913879125e+00
-4.878991299145033267e+00
-4.889241280865926242e+00
-4.899502018076557164e+00
-1.088093947097235059e+00
-1.090372677876496166e+00
-1.092653792265359192e+00
-1.094937290263823915e+00
-1.097223171871890335e+00
-1.099511437089558452e+00
-1.101802085916828489e+00
-1.104095118353700000e+00
-1.106390534400173431e+00
3.454582833133124087e+00
3.461750017434230386e+00
3.468924628869327176e+00
3.476106667438414899e+00
3.483296133141493556e+00
3.490493025978562702e+00
3.497697345949622783e+00
3.504909093054673352e+00
3.512128267293714856e+00
6.293098055043529371e+00
6.306033508394081721e+00
6.318982242497560797e+00
6.331944257353965710e+00
6.344919552963297349e+00
6.357908129325555713e+00
6.370909986440740802e+00
6.383925124308852617e+00
6.396953542929891157e+00
3.133655114216930659e+00
3.140037303858920215e+00
3.146425986064126601e+00
3.152821160832549818e+00
3.159222828164189423e+00
3.165630988059045414e+00
3.172045640517119125e+00
3.178466785538408335e+00
3.184894423122915263e+00
3.425994721162879841e+00
3.432908938561795686e+00
3.439830125937928695e+00
3.446758283291277536e+00
3.453693410621843984e+00
3.460635507929626264e+00
3.467584575214625708e+00
3.474540612476841428e+00
3.481503619716273867e+00
1.250924857180511163e+00
1.253426706894872344e+00
1.255931055959597309e+00
1.258437904374686500e+00
1.260947252140139474e+00
1.263459099255956231e+00
1.265973445722137436e+00
1.268490291538682424e+00
1.271009636705591417e+00
-2.193178153277722142e+00
-2.197525384503248080e+00
-2.201876919918106079e+00
-2.206232759522296138e+00
-2.210592903315818702e+00
-2.214957351298672883e+00
-2.219326103470859568e+00
-2.223699159832378758e+00
-2.228076520383230008e+00
-1.244844961166466746e+01
-1.247290629066597489e+01
-1.249738697033362023e+01
-1.252189165066760879e+01
-1.254642033166793702e+01
-1.257097301333460493e+01
-1.259554969566761606e+01
-1.262015037866696687e+01
-1.264477506233265913e+01
-2.220952207652205246e+01
-2.225277333665160029e+01
-2.229606666999139009e+01
-2.233940207654141830e+01
-2.238277955630169203e+01
-2.242619910927221127e+01
-2.246966073545297249e+01
-2.251316443484397212e+01
-2.255671020744522082e+01
-3.202195316787828006e+01
-3.208377161028730740e+01
-3.214564966546626579e+01
-3.220758733341513391e+01
-3.226958461413393309e+01
-3.233164150762264910e+01
-3.239375801388129616e+01
-3.245593413290986007e+01
-3.251816986470834081e+01
-4.195817789731440683e+01
-4.203848063013223424e+01
-4.211886013420514274e+01
-4.219931640953313945e+01
-4.227984945611621725e+01
-4.236045927395437616e+01
-4.244114586304762327e+01
-4.252190922339595858e+01
-4.260274935499936788e+01
-5.398639030839311204e+01
-5.408883127672023505e+01
-5.419136934549126750e+01
-5.429400451470620936e+01
-5.439673678436506776e+01
-5.449956615446784269e+01
-5.460249262501451994e+01
-5.470551619600511373e+01
-5.480863686743962404e+01
-6.067387107311030547e+01
-6.078802699234475426e+01
-6.090229020097698509e+01
-6.101666069900698375e+01
-6.113113848643477155e+01
-6.124572356326032008e+01
-6.136041592948365775e+01
-6.147521558510476325e+01
-6.159012253012365790e+01
-7.080006250483772590e+01
-7.093215217369004222e+01
-7.106436494568200146e+01
-7.119670082081363205e+01
-7.132915979908490556e+01
-7.146174188049585041e+01
-7.159444706504643818e+01
-7.172727535273669730e+01
-7.186022674356661355e+01
-7.296328733295044344e+01
-7.309827953893184826e+01
-7.323339650665631950e+01
-7.336863823612381452e+01
-7.350400472733439017e+01
-7.363949598028800381e+01
-7.377511199498465544e+01
-7.391085277142437349e+01
-7.404671830960714374e+01
-8.281103695792488395e+01
-8.296298381472843175e+01
-8.311506994454461505e+01
-8.326729534737344807e+01
-8.341966002321493079e+01
-8.357216397206907743e+01
-8.372480719393585957e+01
-8.387758968881530564e+01
-8.403051145670741562e+01
-8.387266642015380569e+01
-8.402530093593206573e+01
-8.417807421036103221e+01
-8.433098624344070515e+01
-8.448403703517108454e+01
-8.463722658555218459e+01
-8.479055489458397687e+01
-8.494402196226647561e+01
-8.509762778859969501e+01
-8.964485530691501936e+01
-8.980666912515854960e+01
-8.996862885306686053e+01
-9.013073449063995213e+01
-9.029298603787782440e+01
-9.045538349478049156e+01
-9.061792686134792518e+01
-9.078061613758015369e+01
-9.094345132347716287e+01
-9.114814400899210511e+01
-9.131134569924991240e+01
-9.147469336597487199e+01
-9.163818700916696969e+01
-9.180182662882619127e+01
-9.196561222495255095e+01
-9.212954379754604872e+01
-9.229362134660668460e+01
-9.245784487213445857e+01
-9.470346492577883168e+01
-9.487167711925268065e+01
-9.504003856933121597e+01
-9.520854927601443762e+01
-9.537720923930233141e+01
-9.554601845919489733e+01
-9.571497693569214960e+01
-9.588408466879407399e+01
-9.605334165850068473e+01
-9.116191183822515143e+01
-9.132254956833656934e+01
-9.148332870490054347e+01
-9.164424924791708804e+01
-9.180531119738617463e+01
-9.196651455330783165e+01
-9.212785931568205910e+01
-9.228934548450884279e+01
-9.245097305978819691e+01
-8.530649683957001628e+01
-8.545563407180701176e+01
-8.560490155490187192e+01
-8.575429928885458253e+01
-8.590382727366514359e+01
-8.605348550933355511e+01
-8.620327399585980288e+01
-8.635319273324391531e+01
-8.650324172148586399e+01
-8.771940933162788667e+01
-8.787156789074607843e+01
-8.802385830303505543e+01
-8.817628056849486029e+01
-8.832883468712546460e+01
-8.848152065892689677e+01
-8.863433848389912839e+01
-8.878728816204218788e+01
-8.894036969335606102e+01
-8.441730704872490776e+01
-8.456260361851619223e+01
-8.470802512086960689e+01
-8.485357155578519439e+01
-8.499924292326294051e+01
-8.514503922330284524e+01
-8.529096045590489439e+01
-8.543700662106911636e+01
-8.558317771879549696e+01
-7.413518988986299973e+01
-7.426180848916251875e+01
-7.438853512480955033e+01
-7.451536979680410866e+01
-7.464231250514619376e+01
-7.476936324983580562e+01
-7.489652203087294424e+01
-7.502378884825759542e+01
-7.515116370198978757e+01
-6.716679943807349673e+01
-6.728064147101937920e+01
-6.739457989857402254e+01
-6.750861472073742675e+01
-6.762274593750960605e+01
-6.773697354889053202e+01
-6.785129755488021885e+01
-6.796571795547866657e+01
-6.808023475068587516e+01
-5.908210349064881939e+01
-5.918148465715957940e+01
-5.928094933725564175e+01
-5.938049753093701355e+01
-5.948012923820368769e+01
-5.957984445905566417e+01
-5.967964319349294300e+01
-5.977952544151553127e+01
-5.987949120312341478e+01
-4.968017436050188707e+01
-4.976311288197184268e+01
-4.984612057652058326e+01
-4.992919744414811589e+01
-5.001234348485444059e+01
-5.009555869863956445e+01
-5.017884308550346617e+01
-5.026219664544616705e+01
-5.034561937846765289e+01
-3.663850421272569235e+01
-3.669921424456119041e+01
-3.675997453304556473e+01
-3.682078507817881530e+01
-3.688164587996092791e+01
-3.694255693839190968e+01
-3.700351825347176771e+01
-3.706452982520048778e+01
-3.712559165357808411e+01
-1.856247108772644694e+01
-1.859300146780494600e+01
-1.862355693447348415e+01
-1.865413748773206137e+01
-1.868474312758067768e+01
-1.871537385401933307e+01
-1.874602966704803109e+01
-1.877671056666676819e+01
-1.880741655287554437e+01
-6.631122235314573787e-01
-6.641948557331415204e-01
-6.652783709953488112e-01
-6.663627693180796951e-01
-6.674480507013338393e-01
-6.685342151451114656e-01
-6.696212626494124631e-01
-6.707091932142368318e-01
-6.717980068395846827e-01
1.796753613018746876e+01
1.799665693428825719e+01
1.802580131798751140e+01
1.805496928128522427e+01
1.808416082418140292e+01
1.811337594667604023e+01
1.814261464876914332e+01
1.817187693046070507e+01
1.820116279175073259e+01
2.752804998907441103e+01
2.757234290941081056e+01
2.761667143498864263e+01
2.766103556580790013e+01
2.770543530186858661e+01
2.774987064317070207e+01
2.779434158971424651e+01
2.783884814149921638e+01
2.788339029852561524e+01
4.947924374801608138e+01
4.955828407349215325e+01
4.963738747983451560e+01
4.971655396704318264e+01
4.979578353511815436e+01
4.987507618405942367e+01
4.995443191386699766e+01
5.003385072454086924e+01
5.011333261608104550e+01
6.439575802134288551e+01
6.449789245119434611e+01
6.460010781165581761e+01
6.470240410272732845e+01
6.480478132440885020e+01
6.490723947670041127e+01
6.500977855960199747e+01
6.511239857311359458e+01
6.521509951723523102e+01
7.872205251179073571e+01
7.884602424802977794e+01
7.897009352300700868e+01
7.909426033672242795e+01
7.921852468917603574e+01
7.934288658036783204e+01
7.946734601029783107e+01
7.959190297896600441e+01
7.971655748637236627e+01
7.871759813852156640e+01
7.884069055156069794e+01
7.896387913054751095e+01
7.908716387548200544e+01
7.921054478636419560e+01
7.933402186319406724e+01
7.945759510597163455e+01
7.958126451469686913e+01
7.970503008936981360e+01
7.927054737467125278e+01
7.939363828674372314e+01
7.951682469215371896e+01
7.964010659090124022e+01
7.976348398298630116e+01
7.988695686840887333e+01
8.001052524716898517e+01
8.013418911926662247e+01
8.025794848470177101e+01
7.298259080656568187e+01
7.309513142461744906e+01
7.320775874576477804e+01
7.332047277000768304e+01
7.343327349734614984e+01
7.354616092778019265e+01
7.365913506130981148e+01
7.377219589793500631e+01
7.388534343765576295e+01
5.967874566279084547e+01
5.977013731005391861e+01
5.986159888206624657e+01
5.995313037882780804e+01
6.004473180033862434e+01
6.013640314659868835e+01
6.022814441760798587e+01
6.031995561336653822e+01
6.041183673387433117e+01
4.626630878667919688e+01
4.633667579624069077e+01
4.640709627617418676e+01
4.647757022647969194e+01
4.654809764715719922e+01
4.661867853820671570e+01
4.668931289962824849e+01
4.676000073142177627e+01
4.683074203358731324e+01
1.749259692863451221e+01
1.751902079106447729e+01
1.754546459603211872e+01
1.757192834353744715e+01
1.759841203358045902e+01
1.762491566616115080e+01
1.765143924127952602e+01
1.767798275893558824e+01
1.770454621912932680e+01
-1.024307461869693459e+00
-1.025844307273849010e+00
-1.027382304736028873e+00
-1.028921454256232604e+00
-1.030461755834460424e+00
-1.032003209470712335e+00
-1.033545815164988557e+00
-1.035089572917288647e+00
-1.036634482727613049e+00
-2.624043776451847165e+01
-2.627954422914517707e+01
-2.631867981250950095e+01
-2.635784451461145039e+01
-2.639703833545102185e+01
-2.643626127502821532e+01
-2.647551333334303081e+01
-2.651479451039546831e+01
-2.655410480618552782e+01
-5.439459610944579282e+01
-5.447512104817184309e+01
-5.455570554676381079e+01
-5.463634960522171014e+01
-5.471705322354551271e+01
-5.479781640173525403e+01
-5.487863913979091279e+01
-5.495952143771248899e+01
-5.504046329549998973e+01
-6.883423394038192100e+01
-6.893546075500012194e+01
-6.903676194641086283e+01
-6.913813751461410106e+01
-6.923958745960986505e+01
-6.934111178139815479e+01
-6.944271047997895607e+01
-6.954438355535228311e+01
-6.964613100751812169e+01
-9.297261283141089905e+01
-9.310843841626321193e+01
-9.324436314387820346e+01
-9.338038701425584520e+01
-9.351651002739615137e+01
-9.365273218329913618e+01
-9.378905348196478542e+01
-9.392547392339309908e+01
-9.406199350758407718e+01
-1.077435792521618936e+02
-1.078999559999879523e+02
-1.080564461464709041e+02
-1.082130496916107063e+02
-1.083697666354074016e+02
-1.085265969778609474e+02
-1.086835407189713720e+02
-1.088405978587386755e+02
-1.089977683971628579e+02
-1.236143934409708010e+02
-1.237926405836398516e+02
-1.239710161464404763e+02
-1.241495201293727035e+02
-1.243281525324365617e+02
-1.245069133556320082e+02
-1.246858025989590715e+02
-1.248648202624177372e+02
-1.250439663460080055e+02
-1.363712792162919811e+02
-1.365666535418167484e+02
-1.367621677201156842e+02
-1.369578217511888170e+02
-1.371536156350361182e+02
-1.373495493716576163e+02
-1.375456229610532546e+02
-1.377418364032230897e+02
-1.379381896981670934e+02
-1.416435357733597868e+02
-1.418451635822898140e+02
-1.420469347964893814e+02
-1.422488494159584604e+02
-1.424509074406970512e+02
-1.426531088707051254e+02
-1.428554537059827112e+02
-1.430579419465298372e+02
-1.432605735923464181e+02
-1.531077979649494978e+02
-1.533243577923398107e+02
-1.535410706655445381e+02
-1.537579365845636516e+02
-1.539749555493972082e+02
-1.541921275600451509e+02
-1.544094526165075365e+02
-1.546269307187843083e+02
-1.548445618668754662e+02
-1.493151002318370786e+02
-1.495249598245733011e+02
-1.497349667906190689e+02
-1.499451211299743250e+02
-1.501554228426390694e+02
-1.503658719286133305e+02
-1.505764683878971084e+02
-1.507872122204904031e+02
-1.509981034263931861e+02
-1.509203368496627320e+02
-1.511311194430281830e+02
-1.513420491282243177e+02
-1.515531259052511075e+02
-1.517643497741086378e+02
-1.519757207347967949e+02
-1.521872387873156356e+02
-1.523989039316651883e+02
-1.526107161678453963e+02
-1.465580776464812800e+02
-1.467614892740267010e+02
-1.469650419637271739e+02
-1.471687357155826419e+02
-1.473725705295931334e+02
-1.475765464057586485e+02
-1.477806633440792154e+02
-1.479849213445548060e+02
-1.481893204071853916e+02
-1.542030266038285902e+02
-1.544157204336269729e+02
-1.546285608477326150e+02
-1.548415478461454313e+02
-1.550546814288655355e+02
-1.552679615958928707e+02
-1.554813883472274370e+02
-1.556949616828692058e+02
-1.559086816028182625e+02
-1.424449831610367880e+02
-1.426402470173233326e+02
-1.428356446159772020e+02
-1.430311759569983678e+02
-1.432268410403868870e+02
-1.434226398661427311e+02
-1.436185724342658432e+02
-1.438146387447563086e+02
-1.440108387976140989e+02
-1.283662546968883760e+02
-1.285411406024699659e+02
-1.287161455590424168e+02
-1.288912695666057573e+02
-1.290665126251599588e+02
-1.292418747347049930e+02
-1.294173558952409167e+02
-1.295929561067677014e+02
-1.297686753692853472e+02
-1.135476920715393163e+02
-1.137014465631730786e+02
-1.138553050835562601e+02
-1.140092676326888608e+02
-1.141633342105708806e+02
-1.143175048172023054e+02
-1.144717794525831351e+02
-1.146261581167133983e+02
-1.147806408095930664e+02
-8.861802876645427318e+01
-8.873729933006995907e+01
-8.885665010253809726e+01
-8.897608108385871617e+01
-8.909559227403180159e+01
-8.921518367305735353e+01
-8.933485528093535777e+01
-8.945460709766584273e+01
-8.957443912324877999e+01
-6.414126787705994559e+01
-6.422707559328343052e+01
-6.431294066760600003e+01
-6.439886310002765413e+01
-6.448484289054837859e+01
-6.457088003916820185e+01
-6.465697454588709547e+01
-6.474312641070505947e+01
-6.482933563362210805e+01
-1.197391114939502899e+01
-1.198983390358305456e+01
-1.200576723767419551e+01
-1.202171115166845006e+01
-1.203766564556581997e+01
-1.205363071936630703e+01
-1.206960637306990591e+01
-1.208559260667662194e+01
-1.210158942018644979e+01
-1.211759681359939655e+01
-1.213361478691545514e+01
-1.214964334013463088e+01
-1.216568247325692020e+01
-1.218173218628232490e+01
-1.219779247921084497e+01
-1.221386335204248041e+01
-1.222994480477723123e+01
4.375567623355850344e+01
4.381321163951978548e+01
4.387078484798171019e+01
4.392839585894425625e+01
4.398604467240743787e+01
4.404373128837124796e+01
4.410145570683569360e+01
4.415921792780076771e+01
4.421701795126647738e+01
4.427485577723282262e+01
4.433273140569978921e+01
4.439064483666739847e+01
4.444859607013562908e+01
4.450658510610449525e+01
4.456461194457398989e+01
4.462267658554412009e+01
4.468077902901487874e+01
1.316825463240639920e+02
1.318537850058898186e+02
1.320251349539156820e+02
1.321965961681415536e+02
1.323681686485674334e+02
1.325398523951933214e+02
1.327116474080192177e+02
1.328835536870451506e+02
1.330555712322711202e+02
1.332277000436970980e+02
1.333999401213230556e+02
1.335722914651490498e+02
1.337447540751750807e+02
1.339173279514010915e+02
1.340900130938271388e+02
1.342628095024532229e+02
1.344357171772793151e+02
1.943473741660808400e+02
1.945973386344616358e+02
1.948474637483876677e+02
1.950977495078589641e+02
1.953481959128754397e+02
1.955988029634372083e+02
1.958495706595441561e+02
1.961004990011963685e+02
1.963515879883938169e+02
1.966028376211364730e+02
1.968542478994243652e+02
1.971058188232575219e+02
1.973575503926358863e+02
1.976094426075594583e+02
1.978614954680282665e+02
1.981137089740423392e+02
1.983660831256016195e+02
2.645955648443767814e+02
2.649322004230592142e+02
2.652690500103739737e+02
2.656061136063211165e+02
2.659433912109005291e+02
2.662808828241123251e+02
2.666185884459565045e+02
2.669565080764330105e+02
2.672946417155418430e+02
2.676329893632830021e+02
2.679715510196565447e+02
2.683103266846624706e+02
2.686493163583007231e+02
2.689885200405713022e+02
2.693279377314742078e+02
2.696675694310094968e+02
2.700074151391771125e+02
2.795675417848354982e+02
2.799194203773903951e+02
2.802715202772361636e+02
2.806238414843728037e+02
2.809763839988004293e+02
2.813291478205189264e+02
2.816821329495284090e+02
2.820353393858287632e+02
2.823887671294199890e+02
2.827424161803022002e+02
2.830962865384752831e+02
2.834503782039392945e+02
2.838046911766942344e+02
2.841592254567400460e+02
2.845139810440767860e+02
2.848689579387044546e+02
2.852241561406230517e+02
2.592577280407124363e+02
2.595805894704020034e+02
2.599036518095064139e+02
2.602269150580257246e+02
2.605503792159598788e+02
2.608740442833088764e+02
2.611979102600727742e+02
2.615219771462515155e+02
2.618462449418451570e+02
2.621707136468535850e+02
2.624953832612769702e+02
2.628202537851151419e+02
2.631453252183682707e+02
2.634705975610361861e+02
2.637960708131190017e+02
2.641217449746167176e+02
2.644476200455292201e+02
2.227533099563259498e+02
2.230278057172086505e+02
2.233024705025746641e+02
2.235773043124239905e+02
2.238523071467566297e+02
2.241274790055725532e+02
2.244028198888717895e+02
2.246783297966543103e+02
2.249540087289201438e+02
2.252298566856692901e+02
2.255058736669017208e+02
2.257820596726174358e+02
2.260584147028164921e+02
2.263349387574988327e+02
2.266116318366645146e+02
2.268884939403134524e+02
2.271655250684456746e+02
1.301815513959890893e+02
1.303403093854963686e+02
1.304991641196651813e+02
1.306581155984954705e+02
1.308171638219872648e+02
1.309763087901405072e+02
1.311355505029552830e+02
1.312948889604315355e+02
1.314543241625692644e+02
1.316138561093684984e+02
1.317734848008292374e+02
1.319332102369514530e+02
1.320930324177351736e+02
1.322529513431803423e+02
1.324129670132870444e+02
1.325730794280552232e+02
1.327332885874849069e+02
5.438676735686821218e+01
5.445241221789037667e+01
5.451809667171171725e+01
5.458382071833222682e+01
5.464958435775190537e+01
5.471538758997074581e+01
5.478123041498876944e+01
5.484711283280595495e+01
5.491303484342230945e+01
5.497899644683782583e+01
5.504499764305251830e+01
5.511103843206637976e+01
5.517711881387941020e+01
5.524323878849160963e+01
5.530939835590297093e+01
5.537559751611350833e+01
5.544183626912321472e+01
-3.524581371893396664e+01
-3.528792341274392186e+01
-3.533005824666958716e+01
-3.537221822071096256e+01
-3.541440333486804093e+01
-3.545661358914082939e+01
-3.549884898352932083e+01
-3.554110951803352236e+01
-3.558339519265343398e+01
-3.562570600738904858e+01
-3.566804196224037327e+01
-3.571040305720740093e+01
-3.575278929229014580e+01
-3.579520066748858653e+01
-3.583763718280273736e+01
-3.588009883823260537e+01
-3.592258563377817637e+01
-9.734891390568250813e+01
-9.746405159214695857e+01
-9.757925732688944720e+01
-9.769453110990998823e+01
-9.780987294120858166e+01
-9.792528282078522750e+01
-9.804076074863992574e+01
-9.815630672477267638e+01
-9.827192074918347942e+01
-9.838760282187233486e+01
-9.850335294283924270e+01
-9.861917111208420295e+01
-9.873505732960722980e+01
-9.885101159540829485e+01
-9.896703390948741230e+01
-9.908312427184458215e+01
-9.919928268247979020e+01
-1.506761628489621501e+02
-1.508525986368414920e+02
-1.510291376639179646e+02
-1.512057799301915395e+02
-1.513825254356622452e+02
-1.515593741803300816e+02
-1.517363261641950487e+02
-1.519133813872571181e+02
-1.520905398495163183e+02
-1.522678015509726208e+02
-1.524451664916260540e+02
-1.526226346714765896e+02
-1.528002060905242843e+02
-1.529778807487690528e+02
-1.531556586462109806e+02
-1.533335397828500390e+02
-1.535115241586861714e+02
-1.800312628270870903e+02
-1.802399947260170450e+02
-1.804488475588397591e+02
-1.806578213255552612e+02
-1.808669160261635511e+02
-1.810761316606646290e+02
-1.812854682290584662e+02
-1.814949257313450630e+02
-1.817045041675244477e+02
-1.819142035375965918e+02
-1.821240238415615238e+02
-1.823339650794192437e+02
-1.825440272511697231e+02
-1.827542103568129619e+02
-1.829645143963490170e+02
-1.831749393697778032e+02
-1.833854852770994057e+02
-1.860734445334724114e+02
-1.862870765019379178e+02
-1.865008310360767041e+02
-1.867147081358887135e+02
-1.869287078013739460e+02
-1.871428300325324585e+02
-1.873570748293641941e+02
-1.875714421918692096e+02
-1.877859321200474483e+02
-1.880005446138989100e+02
-1.882152796734236517e+02
-1.884301372986216165e+02
-1.886451174894928329e+02
-1.888602202460373007e+02
-1.890754455682550201e+02
-1.892907934561459626e+02
-1.895062639097101567e+02
-1.492977818661560434e+02
-1.494675348870385392e+02
-1.496373843585010661e+02
-1.498073302805436811e+02
-1.499773726531662987e+02
-1.501475114763690044e+02
-1.503177467501517128e+02
-1.504880784745145093e+02
-1.506585066494573368e+02
-1.508290312749801956e+02
-1.509996523510831139e+02
-1.511703698777660634e+02
-1.513411838550291009e+02
-1.515120942828721695e+02
-1.516831011612952693e+02
-1.518542044902984003e+02
-1.520254042698816193e+02
-1.042098573678629236e+02
-1.043272108108447469e+02
-1.044446302940308442e+02
-1.045621158174212013e+02
-1.046796673810158183e+02
-1.047972849848147234e+02
-1.049149686288178742e+02
-1.050327183130253133e+02
-1.051505340374369979e+02
-1.052684158020529708e+02
-1.053863636068732035e+02
-1.055043774518976818e+02
-1.056224573371264484e+02
-1.057406032625594747e+02
-1.058588152281967609e+02
-1.059770932340383212e+02
-1.060954372800841554e+02
-4.697742234313608378e+01
-4.702982326041789207e+01
-4.708225338668368209e+01
-4.713471272193346806e+01
-4.718720126616724997e+01
-4.723971901938502072e+01
-4.729226598158678030e+01
-4.734484215277253583e+01
-4.739744753294228730e+01
-4.745008212209602760e+01
-4.750274592023375675e+01
-4.755543892735548184e+01
-4.760816114346119576e+01
-4.766091256855090563e+01
-4.771369320262459723e+01
-4.776650304568229899e+01
-4.781934209772398248e+01
1.146752660325756423e+01
1.148019790337166057e+01
1.149287620033838841e+01
1.150556149415774598e+01
1.151825378482973505e+01
1.153095307235435385e+01
1.154365935673160593e+01
1.155637263796148595e+01
1.156909291604399570e+01
1.158182019097913873e+01
1.159455446276690971e+01
1.160729573140731397e+01
1.162004399690034795e+01
1.163279925924601343e+01
1.164556151844430687e+01
1.165833077449523358e+01
1.167110702739879002e+01
6.729253944239640362e+01
6.736620396285879053e+01
6.743990878119889487e+01
6.751365389741671663e+01
6.758743931151225581e+01
6.766126502348551242e+01
6.773513103333648644e+01
6.780903734106516367e+01
6.788298394667155833e+01
6.795697085015567041e+01
6.803099805151749990e+01
6.810506555075703261e+01
6.817917334787428274e+01
6.825332144286926450e+01
6.832750983574193526e+01
6.840173852649233766e+01
6.847600751512045747e+01
1.351126197474152377e+02
1.352591627189416954e+02
1.354057851175530232e+02
1.355524869432491926e+02
1.356992681960301752e+02
1.358461288758959995e+02
1.359930689828466939e+02
1.361400885168821731e+02
1.362871874780025507e+02
1.364343658662077132e+02
1.365816236814977458e+02
1.367289609238726200e+02
1.368763775933323075e+02
1.370238736898768366e+02
1.371714492135062358e+02
1.373191041642204482e+02
1.374668385420195023e+02
1.841716509666838988e+02
1.843695785872821773e+02
1.845676125062803408e+02
1.847657527236783608e+02
1.849639992394763226e+02
1.851623520536741410e+02
1.853608111662718727e+02
1.855593765772694610e+02
1.857580482866669627e+02
1.859568262944643777e+02
1.861557106006616493e+02
1.863547012052588627e+02
1.865537981082559043e+02
1.867530013096528592e+02
1.869523108094497275e+02
1.871517266076464807e+02
1.873512487042431189e+02
2.105050117356233272e+02
2.107291917268220800e+02
2.109534910261587584e+02
2.111779096336334192e+02
2.114024475492459771e+02
2.116271047729965176e+02
2.118518813048850120e+02
2.120767771449114036e+02
2.123017922930757777e+02
2.125269267493780774e+02
2.127521805138183311e+02
2.129775535863965388e+02
2.132030459671126721e+02
2.134286576559667594e+02
2.136543886529588008e+02
2.138802389580887677e+02
2.141062085713566887e+02
2.314452124524434566e+02
2.316894818059552676e+02
2.319338799935142674e+02
2.321784070151205128e+02
2.324230628707739754e+02
2.326678475604746268e+02
2.329127610842224954e+02
2.331578034420175811e+02
2.334029746338598557e+02
2.336482746597493758e+02
2.338937035196860847e+02
2.341392612136699825e+02
2.343849477417011258e+02
2.346307631037794863e+02
2.348767072999050356e+02
2.351227803300778021e+02
2.353689821942977574e+02
2.032741785595839019e+02
2.034868084534746799e+02
2.036995494973361360e+02
2.039124016911682418e+02
2.041253650349710256e+02
2.043384395287444875e+02
2.045516251724886274e+02
2.047649219662034170e+02
2.049783299098888847e+02
2.051918490035450020e+02
2.054054792471718258e+02
2.056192206407692993e+02
2.058330731843374224e+02
2.060470368778762236e+02
2.062611117213857312e+02
2.064752977148658601e+02
2.066895948583166955e+02
1.552086653651525410e+02
1.553695867392999332e+02
1.555305914923976616e+02
1.556916796244456975e+02
1.558528511354440980e+02
1.560141060253928345e+02
1.561754442942918786e+02
1.563368659421412588e+02
1.564983709689410034e+02
1.566599593746910841e+02
1.568216311593914725e+02
1.569833863230422253e+02
1.571452248656432857e+02
1.573071467871947107e+02
1.574691520876964717e+02
1.576312407671485118e+02
1.577934128255509449e+02
1.105830469251808381e+02
1.106966985664194567e+02
1.108104085803551726e+02
1.109241769669879858e+02
1.110380037263178821e+02
1.111518888583448756e+02
1.112658323630689665e+02
1.113798342404901547e+02
1.114938944906084117e+02
1.116080131134237661e+02
1.117221901089362319e+02
1.118364254771457666e+02
1.119507192180524129e+02
1.120650713316561422e+02
1.121794818179569546e+02
1.122939506769548785e+02
1.124084779086498855e+02
7.838386968238017971e+01
7.846373098618290953e+01
7.854363295256396782e+01
7.862357558152331194e+01
7.870355887306097031e+01
7.878358282717695715e+01
7.886364744387122983e+01
7.894375272314383096e+01
7.902389866499473214e+01
7.910408526942396179e+01
7.918431253643147727e+01
7.926458046601733543e+01
7.934488905818147941e+01
7.942523831292393766e+01
7.950562823024471015e+01
7.958605881014379690e+01
7.966653005262119791e+01
3.276170098349157289e+00
3.279479361074762345e+00
3.282790294301491052e+00
3.286102898029343411e+00
3.289417172258318978e+00
3.292733116988417752e+00
3.296050732219640178e+00
3.299370017951986256e+00
3.302690974185455985e+00
3.306013600920049367e+00
3.309337898155765512e+00
3.312663865892605308e+00
3.315991504130569201e+00
3.319320812869655857e+00
3.322651792109866165e+00
3.325984441851200124e+00
3.329318762093657291e+00
-1.556702056569622528e+01
-1.558261097187118516e+01
-1.559820918105223519e+01
-1.561381519323938072e+01
-1.562942900843261995e+01
-1.564505062663195467e+01
-1.566068004783738132e+01
-1.567631727204890169e+01
-1.569196229926651398e+01
-1.570761512949022176e+01
-1.572327576272002148e+01
-1.573894419895591668e+01
-1.575462043819790559e+01
-1.577030448044598643e+01
-1.578599632570016098e+01
-1.580169597396042924e+01
-1.581740342522679299e+01
-5.415071049578011753e+01
-5.420448478624265931e+01
-5.425828576369798384e+01
-5.431211342814609822e+01
-5.436596777958699533e+01
-5.441984881802068230e+01
-5.447375654344715201e+01
-5.452769095586640447e+01
-5.458165205527844677e+01
-5.463563984168327181e+01
-5.468965431508087960e+01
-5.474369547547128434e+01
-5.479776332285445761e+01
-5.485185785723042784e+01
-5.490597907859918081e+01
-5.496012698696071652e+01
-5.501430158231504208e+01
-5.506850286466215039e+01
-5.512273083400204143e+01
-5.517698549033472233e+01
-5.523126683366018597e+01
-5.528557486397843945e+01
-5.533990958128947568e+01
-5.539427098559329465e+01
-5.544865907688990347e+01
-5.550307385517928793e+01
-5.555751532046146224e+01
-5.561198347273642639e+01
-5.566647831200418040e+01
-5.572099983826471004e+01
-5.577554805151802952e+01
-5.583012295176413176e+01
-5.588472453900302384e+01
-5.692636270423412981e+01
-5.698198201317818246e+01
-5.703762847998792296e+01
-5.709330210466336553e+01
-5.714900288720449595e+01
-5.720473082761132844e+01
-5.726048592588385588e+01
-5.731626818202207829e+01
-5.737207759602599566e+01
-5.742791416789560799e+01
-5.748377789763091528e+01
-5.753966878523191752e+01
-5.759558683069861473e+01
-5.765153203403100690e+01
-5.770750439522909403e+01
-5.776350391429288322e+01
-5.781953059122236027e+01
-5.787558442601753228e+01
-5.793166541867839925e+01
-5.798777356920496828e+01
-5.804390887759723228e+01
-5.810007134385518413e+01
-5.815626096797883804e+01
-5.821247774996817981e+01
-5.826872168982322364e+01
-5.832499278754396244e+01
-5.838129104313039619e+01
-5.843761645658251780e+01
-5.849396902790034147e+01
-5.855034875708386011e+01
-5.860675564413308081e+01
-5.866318968904798936e+01
-5.871965089182858577e+01
-2.832637069196302804e+01
-2.835360758685914462e+01
-2.838085757012378707e+01
-2.840812064175694829e+01
-2.843539680175863893e+01
-2.846268605012884834e+01
-2.848998838686758006e+01
-2.851730381197483410e+01
-2.854463232545061402e+01
-2.857197392729491625e+01
-2.859932861750774080e+01
-2.862669639608908412e+01
-2.865407726303895686e+01
-2.868147121835735192e+01
-2.870887826204426574e+01
-2.873629839409970543e+01
-2.876373161452366745e+01
-2.879117792331614822e+01
-2.881863732047715843e+01
-2.884610980600668739e+01
-2.887359537990474223e+01
-2.890109404217131583e+01
-2.892860579280641886e+01
-2.895613063181003710e+01
-2.898366855918218477e+01
-2.901121957492284764e+01
-2.903878367903203994e+01
-2.906636087150975456e+01
-2.909395115235598794e+01
-2.912155452157075075e+01
-2.914917097915402877e+01
-2.917680052510583266e+01
-2.920444315942616242e+01
1.108793396143761001e+01
1.109842892969263950e+01
1.110892886245488320e+01
1.111943375972434467e+01
1.112994362150102212e+01
1.114045844778491556e+01
1.115097823857602499e+01
1.116150299387435041e+01
1.117203271367989181e+01
1.118256739799264921e+01
1.119310704681262436e+01
1.120365166013981373e+01
1.121420123797422086e+01
1.122475578031584398e+01
1.123531528716468308e+01
1.124587975852073818e+01
1.125644919438400926e+01
1.126702359475449633e+01
1.127760295963220116e+01
1.128818728901712021e+01
1.129877658290925702e+01
1.130937084130860981e+01
1.131997006421517682e+01
1.133057425162896159e+01
1.134118340354996235e+01
1.135179751997818087e+01
1.136241660091361361e+01
1.137304064635626233e+01
1.138366965630612881e+01
1.139430363076321129e+01
1.140494256972750797e+01
1.141558647319902242e+01
1.142623534117775463e+01
5.225548402495596179e+01
5.230418438285433780e+01
5.235290742373263839e+01
5.240165314759086357e+01
5.245042155442901333e+01
5.249921264424708767e+01
5.254802641704508659e+01
5.259686287282301009e+01
5.264572201158085107e+01
5.269460383331863085e+01
5.274350833803632099e+01
5.279243552573394282e+01
5.284138539641148924e+01
5.289035795006896024e+01
5.293935318670636292e+01
5.298837110632367597e+01
5.303741170892092782e+01
5.308647499449809715e+01
5.313556096305519105e+01
5.318466961459220954e+01
5.323380094910915261e+01
5.328295496660602737e+01
5.333213166708281250e+01
5.338133105053953642e+01
5.343055311697617782e+01
5.347979786639274380e+01
5.352906529878924147e+01
5.357835541416565661e+01
5.362766821252199634e+01
5.367700369385826775e+01
5.372636185817445664e+01
5.377574270547057012e+01
5.382514623574661528e+01
5.545135629368029839e+01
5.550225244447762663e+01
5.555317194213310472e+01
5.560411478664675400e+01
5.565508097801856735e+01
5.570607051624853767e+01
5.575708340133667917e+01
5.580811963328298475e+01
5.585917921208745440e+01
5.591026213775008813e+01
5.596136841027088593e+01
5.601249802964984070e+01
5.606365099588696665e+01
5.611482730898224958e+01
5.616602696893570368e+01
5.621724997574731475e+01
5.626849632941709700e+01
5.631976602994503622e+01
5.637105907733114663e+01
5.642237547157541400e+01
5.647371521267784544e+01
5.652507830063844807e+01
5.657646473545720767e+01
5.662787451713413844e+01
5.667930764566922619e+01
5.673076412106247801e+01
5.678224394331390101e+01
5.683374711242348098e+01
5.688527362839122503e+01
5.693682349121714026e+01
5.698839670090121245e+01
5.703999325744344162e+01
5.709161316084384907e+01
5.978593982178103516e+01
5.983999582523652805e+01
5.989407625526385459e+01
5.994818111186300769e+01
6.000231039503399444e+01
6.005646410477680064e+01
6.011064224109144050e+01
6.016484480397790691e+01
6.021907179343619987e+01
6.027332320946632649e+01
6.032759905206827256e+01
6.038189932124205228e+01
6.043622401698765856e+01
6.049057313930509139e+01
6.054494668819435788e+01
6.059934466365545092e+01
6.065376706568837051e+01
6.070821389429310955e+01
6.076268514946968935e+01
6.081718083121809570e+01
6.087170093953832151e+01
6.092624547443038807e+01
6.098081443589426698e+01
6.103540782392998665e+01
6.109002563853752577e+01
6.114466787971690565e+01
6.119933454746810497e+01
6.125402564179113085e+01
6.130874116268599039e+01
6.136348111015266937e+01
6.141824548419118202e+01
6.147303428480152121e+01
6.152784751198369406e+01
3.692502405842231639e+01
3.695791940279507770e+01
3.699082939335856679e+01
3.702375403011277655e+01
3.705669331305771408e+01
3.708964724219337938e+01
3.712261581751977957e+01
3.715559903903690042e+01
3.718859690674474905e+01
3.722160942064331834e+01
3.725463658073262252e+01
3.728767838701265447e+01
3.732073483948340709e+01
3.735380593814489458e+01
3.738689168299709564e+01
3.741999207404003869e+01
3.745310711127370240e+01
3.748623679469809389e+01
3.751938112431321315e+01
3.755254010011905308e+01
3.758571372211562789e+01
3.761890199030292337e+01
3.765210490468095372e+01
3.768532246524970475e+01
3.771855467200918355e+01
3.775180152495939012e+01
3.778506302410031736e+01
3.781833916943197949e+01
3.785162996095436938e+01
3.788493539866748705e+01
3.791825548257132539e+01
3.795159021266589150e+01
3.798493958895119249e+01
1.233062959077191323e+01
1.234145542886741076e+01
1.235228601722095654e+01
1.236312135583255589e+01
1.237396144470220172e+01
1.238480628382989934e+01
1.239565587321564522e+01
1.240651021285944289e+01
1.241736930276128881e+01
1.242823314292118475e+01
1.243910173333913072e+01
1.244997507401512671e+01
1.246085316494917095e+01
1.247173600614126698e+01
1.248262359759141304e+01
1.249351593929960735e+01
1.250441303126585169e+01
1.251531487349014782e+01
1.252622146597249042e+01
1.253713280871288482e+01
1.254804890171132925e+01
1.255896974496782370e+01
1.256989533848236640e+01
1.258082568225495912e+01
1.259176077628560364e+01
1.260270062057429641e+01
1.261364521512103742e+01
1.262459455992583024e+01
1.263554865498867308e+01
1.264650750030956594e+01
1.265747109588850705e+01
1.266843944172549996e+01
1.267941253782054112e+01
-3.003826592594016631e+00
-3.006426182894833765e+00
-3.009026897585918903e+00
-3.011628736667273376e+00
-3.014231700138895853e+00
-3.016835788000786778e+00
-3.019441000252946594e+00
-3.022047336895374414e+00
-3.024654797928071126e+00
-3.027263383351036286e+00
-3.029873093164269893e+00
-3.032483927367771948e+00
-3.035095885961542894e+00
-3.037708968945582289e+00
-3.040323176319889686e+00
-3.042938508084465976e+00
-3.045554964239310713e+00
-3.048172544784423899e+00
-3.050791249719805975e+00
-3.053411079045456056e+00
-3.056032032761375028e+00
-3.058654110867562448e+00
-3.061277313364017871e+00
-3.063901640250742631e+00
-3.066527091527735394e+00
-3.069153667194997048e+00
-3.071781367252527151e+00
-3.074410191700325701e+00
-3.077040140538392698e+00
-3.079671213766728144e+00
-3.082303411385332037e+00
-3.084936733394204822e+00
-3.087571179793345610e+00
-1.475987374565059795e+01
-1.477246749458033293e+01
-1.478506661397869593e+01
-1.479767110384568518e+01
-1.481028096418130247e+01
-1.482289619498554600e+01
-1.483551679625841402e+01
-1.484814276799991184e+01
-1.486077411021003414e+01
-1.487341082288878447e+01
-1.488605290603616105e+01
-1.489870035965216388e+01
-1.491135318373679475e+01
-1.492401137829005187e+01
-1.493667494331193524e+01
-1.494934387880244664e+01
-1.496201818476158429e+01
-1.497469786118934643e+01
-1.498738290808573836e+01
-1.500007332545075656e+01
-1.501276911328439922e+01
-1.502547027158667170e+01
-1.503817680035756865e+01
-1.505088869959709363e+01
-1.506360596930524487e+01
-1.507632860948202413e+01
-1.508905662012742788e+01
-1.510179000124145965e+01
-1.511452875282411767e+01
-1.512727287487540195e+01
-1.514002236739531426e+01
-1.515277723038385282e+01
-1.516553746384101942e+01
-1.221639005595967475e+01
-1.222666888646531902e+01
-1.223695203943963783e+01
-1.224723951488263118e+01
-1.225753131279429731e+01
-1.226782743317463797e+01
-1.227812787602364963e+01
-1.228843264134133584e+01
-1.229874172912769659e+01
-1.230905513938273188e+01
-1.231937287210643817e+01
-1.232969492729881900e+01
-1.234002130495987259e+01
-1.235035200508960074e+01
-1.236068702768800165e+01
-1.237102637275507711e+01
-1.238137004029082533e+01
-1.239171803029524810e+01
-1.240207034276834186e+01
-1.241242697771011194e+01
-1.242278793512055302e+01
-1.243315321499967041e+01
-1.244352281734746057e+01
-1.245389674216392351e+01
-1.246427498944905921e+01
-1.247465755920286945e+01
-1.248504445142535424e+01
-1.249543566611651002e+01
-1.250583120327634035e+01
-1.251623106290484522e+01
-1.252663524500202286e+01
-1.253704374956787504e+01
-1.254745657660239821e+01
-1.423352463290321346e+01
-1.424533668654047780e+01
-1.425715363941193381e+01
-1.426897549151758327e+01
-1.428080224285742439e+01
-1.429263389343145541e+01
-1.430447044323968164e+01
-1.431631189228209777e+01
-1.432815824055870557e+01
-1.434000948806950859e+01
-1.435186563481450150e+01
-1.436372668079368609e+01
-1.437559262600706589e+01
-1.438746347045463381e+01
-1.439933921413639695e+01
-1.441121985705235176e+01
-1.442310539920249646e+01
-1.443499584058683460e+01
-1.444689118120536619e+01
-1.445879142105808768e+01
-1.447069656014500438e+01
-1.448260659846611098e+01
-1.449452153602140925e+01
-1.450644137281090096e+01
-1.451836610883458434e+01
-1.453029574409245939e+01
-1.454223027858452788e+01
-1.455416971231078804e+01
-1.456611404527123987e+01
-1.457806327746588515e+01
-1.459001740889472032e+01
-1.460197643955774893e+01
-1.461394036945496921e+01
-1.392202489561559808e+01
-1.393342237813349804e+01
-1.394482452410578510e+01
-1.395623133353245571e+01
-1.396764280641351341e+01
-1.397905894274895466e+01
-1.399047974253878301e+01
-1.400190520578299491e+01
-1.401333533248159391e+01
-1.402477012263457645e+01
-1.403620957624194787e+01
-1.404765369330370106e+01
-1.405910247381984135e+01
-1.407055591779036696e+01
-1.408201402521527790e+01
-1.409347679609457415e+01
-1.410494423042825396e+01
-1.411641632821632086e+01
-1.412789308945877487e+01
-1.413937451415561064e+01
-1.415086060230683529e+01
-1.416235135391244349e+01
-1.417384676897243700e+01
-1.418534684748681585e+01
-1.419685158945558001e+01
-1.420836099487873128e+01
-1.421987506375626609e+01
-1.423139379608818800e+01
-1.424291719187449345e+01
-1.425444525111518423e+01
-1.426597797381026211e+01
-1.427751535995972354e+01
-1.428905740956357207e+01
-1.435829229656495087e+01
-1.436989027095636118e+01
-1.438149292761437970e+01
-1.439310026653900820e+01
-1.440471228773024492e+01
-1.441632899118809163e+01
-1.442795037691254834e+01
-1.443957644490361325e+01
-1.445120719516128993e+01
-1.446284262768557305e+01
-1.447448274247646793e+01
-1.448612753953397281e+01
-1.449777701885808234e+01
-1.450943118044880542e+01
-1.452109002430613671e+01
-1.453275355043007799e+01
-1.454442175882062749e+01
-1.455609464947778697e+01
-1.456777222240155645e+01
-1.457945447759193414e+01
-1.459114141504892181e+01
-1.460283303477251771e+01
-1.461452933676272536e+01
-1.462623032101953946e+01
-1.463793598754296532e+01
-1.464964633633299940e+01
-1.466136136738964346e+01
-1.467308108071289752e+01
-1.468480547630275979e+01
-1.469653455415923204e+01
-1.470826831428231252e+01
-1.472000675667200298e+01
-1.473174988132830343e+01
