9.053094777095900000e-06
1.810618955419180000e-05
3.017698259031967005e-05
4.526547388547950339e-05
6.337166343967131016e-05
8.449555125289506666e-05
1.086371373251508000e-04
1.357964216564385102e-04
1.659734042467581972e-04
1.991680850961098203e-04
2.353804642044934068e-04
2.746105415719089565e-04
3.168583171983565508e-04
3.621237910838360271e-04
6.781736625234051829e-04
7.629453703388307901e-04
8.527036492022226988e-04
9.474484991135806921e-04
1.047179920072905095e-03
1.151897912080195475e-03
1.261602475135452373e-03
1.376293609238675138e-03
1.495971314389864422e-03
1.620635590589019574e-03
1.750286437836141027e-03
1.884923856131228998e-03
2.024547845474283271e-03
2.169158405865303195e-03
2.148341788661061163e-03
2.291564574571798400e-03
2.439407450350624187e-03
2.591870415997538091e-03
2.748953471512540544e-03
4.131739985109227423e-03
4.367839412829753985e-03
4.610497157986962781e-03
4.859713220580852942e-03
5.115487600611423602e-03
6.730453456369299946e-03
7.066976129187765507e-03
7.411706672074972607e-03
7.764645085030922982e-03
8.125791368055617497e-03
1.069148193679257154e-02
1.116665891176112958e-02
1.165216582096813454e-02
1.214800266441358814e-02
1.265416944209748693e-02
1.388385233064746808e-02
1.443920642387336653e-02
1.500544981304487331e-02
1.558258249816198322e-02
1.617060447922469973e-02
2.072549703387477002e-02
2.147915147147021545e-02
2.224626402402272302e-02
2.302683469153229273e-02
2.382086347399892112e-02
2.671261896753676299e-02
2.760303959978798599e-02
2.850805729158431556e-02
2.942767204292574476e-02
3.036188385381227706e-02
3.485360099044035320e-02
3.592601948245390669e-02
3.701468673949796784e-02
3.811960276157252969e-02
3.924076754867760614e-02
4.357924151695186793e-02
4.482436270315048876e-02
4.608702080746458069e-02
4.736721582989415757e-02
4.866494777043919862e-02
5.080073690164135791e-02
5.215542321901846939e-02
5.352793435636105795e-02
5.491827031366913747e-02
5.632643109094270795e-02
5.729827334495221636e-02
5.873073017857602385e-02
6.018087166446679098e-02
6.164869780262452470e-02
6.313420859304920418e-02
7.332639474294098958e-02
7.505172167806901939e-02
7.679711055430318845e-02
7.856256137164348285e-02
8.034807413008993038e-02
8.091767189774234925e-02
8.271584238435884806e-02
8.453377298621288227e-02
8.637146370330446576e-02
8.822891453563359854e-02
8.917126726764959543e-02
9.104855710486327303e-02
9.294540204454793120e-02
9.486180208670355607e-02
9.679775723133014764e-02
9.739198315929904759e-02
9.933982282248503271e-02
1.013069480268906780e-01
1.032933587725159974e-01
1.052990550593609631e-01
1.073240368874255890e-01
1.093683042567098890e-01
1.114318571672138491e-01
1.135146956189374695e-01
1.159753026472647025e-01
1.181032898518016572e-01
1.202506223945617042e-01
1.224173002755447881e-01
1.246033234947509366e-01
1.268086920521801775e-01
1.290334059478324413e-01
1.312774651817077975e-01
1.335408697538062184e-01
1.352194105358414666e-01
1.375112649517031826e-01
1.398223786483704656e-01
1.421527516258433155e-01
1.445023838841217045e-01
1.468712754232056605e-01
1.492594262430951835e-01
1.516668363437902456e-01
1.540935057252909024e-01
1.607693591317654325e-01
1.633011600629743487e-01
1.658527406889583056e-01
1.684241010097173585e-01
1.710152410252514799e-01
1.736261607355606418e-01
1.762568601406448998e-01
1.789073392405042262e-01
1.815775980351386210e-01
1.865022717537798969e-01
1.892449522207472479e-01
1.920076522531669050e-01
1.947903718510388960e-01
1.975931110143631930e-01
2.004158697431398239e-01
2.032586480373687610e-01
2.061214458970500041e-01
2.090042633221835811e-01
2.119749455141343997e-01
2.148987378660535130e-01
2.178425561929857590e-01
2.208064004949311099e-01
2.237902707718896489e-01
2.267941670238613205e-01
2.298180892508461526e-01
2.328620374528441173e-01
2.359260116298552146e-01
2.336378875436072311e-01
2.366721458233943254e-01
2.397259799630510335e-01
2.427993899625773555e-01
2.458923758219732358e-01
2.490049375412387023e-01
2.521370751203738103e-01
2.552887885593784767e-01
2.584600778582527014e-01
2.583094193596208732e-01
2.614788600879597857e-01
2.646676266743983041e-01
2.678757191189364839e-01
2.711031374215742695e-01
2.743498815823116610e-01
2.776159516011486583e-01
2.809013474780853725e-01
2.842060692131216926e-01
2.795037202859201320e-01
2.827537635450587117e-01
2.860225931814177613e-01
2.893102091949972809e-01
2.926166115857972705e-01
2.959418003538176745e-01
2.992857754990586039e-01
3.026485370215198922e-01
3.060300849212017060e-01
3.159507347423521906e-01
3.194419030820467298e-01
3.229522536653658960e-01
3.264817864923098001e-01
3.300305015628783867e-01
3.335983988770716557e-01
3.371854784348896072e-01
3.407917402363322967e-01
3.444171842813996687e-01
3.487549197003314561e-01
3.524260241182297082e-01
3.561163489781064562e-01
3.598258942799617000e-01
3.635546600237955506e-01
3.673026462096078415e-01
3.710698528373987393e-01
3.748562799071680773e-01
3.786619274189159667e-01
3.920424350400358304e-01
3.959825600153125680e-01
3.999423856154656898e-01
4.039219118404951958e-01
4.079211386904010861e-01
4.119400661651833606e-01
4.159786942648420194e-01
4.200370229893770624e-01
4.241150523387884896e-01
4.378467620627621293e-01
4.420568270825963597e-01
4.462870359542001619e-01
4.505373886775734804e-01
4.548078852527163707e-01
4.590985256796287772e-01
4.634093099583107556e-01
4.677402380887622502e-01
4.720913100709832610e-01
4.948466110484915359e-01
4.994074093070030029e-01
5.039891286584433638e-01
5.085917691028127852e-01
5.132153306401110449e-01
5.178598132703382539e-01
5.225252169934944124e-01
5.272115418095796313e-01
5.319187877185936886e-01
5.819436562021303994e-01
5.870936000623262485e-01
5.922662308998797309e-01
5.974615487147910686e-01
6.026795535070599286e-01
6.079202452766865328e-01
6.131836240236708813e-01
6.184696897480128630e-01
6.237784424497124780e-01
6.148411113563765351e-01
6.200738016657925122e-01
6.253286643917738141e-01
6.306056995343204408e-01
6.359049070934323922e-01
6.412262870691096683e-01
6.465698394613521582e-01
6.519355642701600839e-01
6.573234614955333344e-01
7.187094773599033148e-01
7.246005386497385015e-01
7.305156450876956198e-01
7.364547966737744478e-01
7.424179934079749854e-01
7.484052352902973437e-01
7.544165223207415227e-01
7.604518544993075224e-01
7.665112318259952318e-01
8.011743340064463315e-01
8.075077279511613249e-01
8.138660565177059381e-01
8.202493197060801711e-01
8.266575175162839129e-01
8.330906499483171634e-01
8.395487170021800338e-01
8.460317186778726350e-01
8.525396549753947451e-01
8.996194229526065511e-01
9.064867467919394128e-01
9.133801821287601541e-01
9.202997289630691080e-01
9.272453872948657194e-01
9.342171571241504324e-01
9.412150384509231360e-01
9.482390312751838302e-01
9.552891355969322928e-01
1.038047381701881822e+00
1.045708247987504613e+00
1.053397279222706651e+00
1.061114475407488378e+00
1.068859836541849795e+00
1.076633362625790458e+00
1.084435053659310588e+00
1.092264909642410409e+00
1.100122930575089475e+00
1.147496243434648067e+00
1.155692645173466815e+00
1.163918215601747796e+00
1.172172954719490789e+00
1.180456862526695572e+00
1.188769939023362365e+00
1.197112184209491170e+00
1.205483598085082209e+00
1.213884180650135036e+00
1.312853203255334611e+00
1.321938692551219097e+00
1.331055511120537993e+00
1.340203658963290856e+00
1.349383136079477685e+00
1.358593942469098703e+00
1.367836078132153910e+00
1.377109543068642861e+00
1.386414337278566222e+00
1.439782139766947688e+00
1.449445107147934175e+00
1.459140392145579002e+00
1.468867994759882833e+00
1.478627914990845671e+00
1.488420152838467070e+00
1.498244708302747474e+00
1.508101581383686662e+00
1.517990772081284412e+00
1.546630073735332456e+00
1.556705839688005799e+00
1.566814319166499159e+00
1.576955512170813201e+00
1.587129418700947481e+00
1.597336038756901999e+00
1.607575372338676978e+00
1.617847419446272417e+00
1.628152180079688094e+00
1.696000841982661989e+00
1.706735024526855993e+00
1.717503068845637415e+00
1.728304974939006478e+00
1.739140742806962514e+00
1.750010372449505969e+00
1.760913863866636841e+00
1.771851217058355132e+00
1.782822432024660619e+00
1.817641705829558640e+00
1.828827193250048389e+00
1.840046991981643787e+00
1.851301102024345058e+00
1.862589523378151979e+00
1.873912256043064772e+00
1.885269300019083216e+00
1.896660655306207754e+00
1.908086321904437943e+00
1.707256296113548899e+00
1.717479387707043337e+00
1.727732995991861475e+00
1.738017120968003315e+00
1.748331762635469300e+00
1.758676920994258985e+00
1.769052596044372594e+00
1.779458787785810125e+00
1.789895496218571580e+00
1.680195812451177773e+00
1.689992872582088301e+00
1.699818412538960821e+00
1.709672432321795554e+00
1.719554931930592057e+00
1.729465911365350550e+00
1.739405370626070813e+00
1.749373309712753288e+00
1.759369728625397755e+00
1.216326854754077980e+00
1.223237802792453532e+00
1.230168328587311510e+00
1.237118432138652357e+00
1.244088113446475852e+00
1.251077372510781771e+00
1.258086209331570560e+00
1.265114623908841773e+00
1.272162616242595856e+00
4.973732718464551339e-01
5.001288024384021869e-01
5.028919449933105801e-01
5.056626995111800360e-01
5.084410659920106657e-01
5.112270444358024690e-01
5.140206348425555571e-01
5.168218372122698190e-01
5.196306515449451435e-01
-7.090955357082568966e-01
-7.129284845499230805e-01
-7.167717647900844202e-01
-7.206253764287408048e-01
-7.244893194658922342e-01
-7.283635939015387084e-01
-7.322481997356802275e-01
-7.361431369683167913e-01
-7.400484055994485111e-01
-2.452056546652989777e+00
-2.464996159036382917e+00
-2.477969823031310970e+00
-2.490977538637774824e+00
-2.504019305855773592e+00
-2.517095124685307717e+00
-2.530204995126376755e+00
-2.543348917178981150e+00
-2.556526890843120903e+00
-4.526035857635005044e+00
-4.549365939375391577e+00
-4.572755995618966729e+00
-4.596206026365731390e+00
-4.619716031615683782e+00
-4.643286011368824795e+00
-4.666915965625155316e+00
-4.690605894384673569e+00
-4.714355797647380442e+00
-7.016417810226077911e+00
-7.051765003224698347e+00
-7.087201008266028168e+00
-7.122725825350068263e+00
-7.158339454476818631e+00
-7.194041895646279272e+00
-7.229833148858449299e+00
-7.265713214113330487e+00
-7.301682091410921061e+00
-9.344692976222081171e+00
-9.390725946548299063e+00
-9.436872019995711014e+00
-9.483131196564317023e+00
-9.529503476254118866e+00
-9.575988859065114767e+00
-9.622587344997304726e+00
-9.669298934050688743e+00
-9.716123626225268595e+00
-1.121916680785507658e+01
-1.127323508162787213e+01
-1.132743332721262242e+01
-1.138176154460932565e+01
-1.143621973381798185e+01
-1.149080789483859277e+01
-1.154552602767115665e+01
-1.160037413231567704e+01
-1.165535220877214861e+01
-1.302058588111841964e+01
-1.308200373904822200e+01
-1.314356610958491878e+01
-1.320527299272851174e+01
-1.326712438847899733e+01
-1.332912029683637378e+01
-1.339126071780064642e+01
-1.345354565137181169e+01
-1.351597509754987314e+01
-1.399164246740375717e+01
-1.405626899150261977e+01
-1.412104442464318588e+01
-1.418596876682545194e+01
-1.425104201804942150e+01
-1.431626417831509457e+01
-1.438163524762247114e+01
-1.444715522597154767e+01
-1.451282411336232769e+01
-1.469930581072357967e+01
-1.476581850669970564e+01
-1.483248134420173514e+01
-1.489929432322967173e+01
-1.496625744378351186e+01
-1.503337070586325730e+01
-1.510063410946890983e+01
-1.516804765460046767e+01
-1.523561134125793259e+01
-1.520925547626848129e+01
-1.527670228547588138e+01
-1.534429831328772131e+01
-1.541204355970400286e+01
-1.547993802472472424e+01
-1.554798170834988902e+01
-1.561617461057949363e+01
-1.568451673141353808e+01
-1.575300807085202592e+01
-1.522644191113903744e+01
-1.529264383249181591e+01
-1.535898935888006811e+01
-1.542547849030379048e+01
-1.549211122676298480e+01
-1.555888756825765462e+01
-1.562580751478779284e+01
-1.569287106635340834e+01
-1.576007822295449223e+01
-1.464986228644414368e+01
-1.471233504672748715e+01
-1.477494072777739120e+01
-1.483767932959385583e+01
-1.490055085217688280e+01
-1.496355529552646679e+01
-1.502669265964261314e+01
-1.508996294452531828e+01
-1.515336615017458399e+01
-1.461246988645822142e+01
-1.467360992782415607e+01
-1.473487761019502784e+01
-1.479627293357084206e+01
-1.485779589795159339e+01
-1.491944650333728539e+01
-1.498122474972791451e+01
-1.504313063712348608e+01
-1.510516416552399477e+01
-1.433065718756240337e+01
-1.438950998915403723e+01
-1.444848339074893140e+01
-1.450757739234708410e+01
-1.456679199394850244e+01
-1.462612719555318108e+01
-1.468558299716112003e+01
-1.474515939877232107e+01
-1.480485640038678419e+01
-1.413328056672815514e+01
-1.419026960127141557e+01
-1.424737330188015250e+01
-1.430459166855436948e+01
-1.436192470129406651e+01
-1.441937240009924359e+01
-1.447693476496989717e+01
-1.453461179590603258e+01
-1.459240349290764804e+01
-1.361469284475359132e+01
-1.366861242037637858e+01
-1.372263855642529684e+01
-1.377677125290034610e+01
-1.383101050980152991e+01
-1.388535632712884293e+01
-1.393980870488229051e+01
-1.399436764306186731e+01
-1.404903314166758044e+01
-1.359163955995963313e+01
-1.364452531700227667e+01
-1.369751376483529448e+01
-1.375060490345868658e+01
-1.380379873287245296e+01
-1.385709525307659540e+01
-1.391049446407111034e+01
-1.396399636585599779e+01
-1.401760095843126308e+01
-1.359289635959173737e+01
-1.364487684280241275e+01
-1.369695652540852748e+01
-1.374913540741008511e+01
-1.380141348880708208e+01
-1.385379076959952016e+01
-1.390626724978739581e+01
-1.395884292937071258e+01
-1.401151780834947047e+01
-1.351608090124693895e+01
-1.356689323546215320e+01
-1.361780090238696594e+01
-1.366880390202137363e+01
-1.371990223436537804e+01
-1.377109589941898093e+01
-1.382238489718218055e+01
-1.387376922765497511e+01
-1.392524889083736994e+01
-1.357530856830017818e+01
-1.362549455191681602e+01
-1.367577312959916469e+01
-1.372614430134722774e+01
-1.377660806716100517e+01
-1.382716442704049520e+01
-1.387781338098569783e+01
-1.392855492899661485e+01
-1.397938907107324447e+01
-1.406973549671778123e+01
-1.412089817125130153e+01
-1.417215370000357488e+01
-1.422350208297460306e+01
-1.427494332016438428e+01
-1.432647741157292032e+01
-1.437810435720021118e+01
-1.442982415704625332e+01
-1.448163681111105205e+01
-1.451828604810693157e+01
-1.457022982645436215e+01
-1.462226636154884041e+01
-1.467439565339037166e+01
-1.472661770197894882e+01
-1.477893250731457542e+01
-1.483134006939725147e+01
-1.488384038822697519e+01
-1.493643346380375014e+01
-1.525469358702595635e+01
-1.530840729683943024e+01
-1.536221540684589471e+01
-1.541611791704535328e+01
-1.547011482743780597e+01
-1.552420613802325278e+01
-1.557839184880169547e+01
-1.563267195977312873e+01
-1.568704647093755788e+01
-1.590845704659514759e+01
-1.596359901209460830e+01
-1.601883637891846845e+01
-1.607416914706671562e+01
-1.612959731653936046e+01
-1.618512088733639942e+01
-1.624073985945782894e+01
-1.629645423290365258e+01
-1.635226400767387389e+01
-1.638114006283817758e+01
-1.643704839069769363e+01
-1.649305196272732843e+01
-1.654915077892708197e+01
-1.660534483929695426e+01
-1.666163414383694175e+01
-1.671801869254705153e+01
-1.677449848542727651e+01
-1.683107352247762378e+01
-1.701099398234140025e+01
-1.706817379404674995e+01
-1.712544954503348649e+01
-1.718282123530160277e+01
-1.724028886485110590e+01
-1.729785243368199588e+01
-1.735551194179426915e+01
-1.741326738918792927e+01
-1.747111877586296913e+01
-1.721934692213619655e+01
-1.727636462717638111e+01
-1.733347657635712835e+01
-1.739068276967844184e+01
-1.744798320714031448e+01
-1.750537788874274980e+01
-1.756286681448574782e+01
-1.762044998436930854e+01
-1.767812739839342839e+01
-1.773121135337751042e+01
-1.778906196138200357e+01
-1.784700678861777590e+01
-1.790504583508482739e+01
-1.796317910078315450e+01
-1.802140658571275722e+01
-1.807972828987364267e+01
-1.813814421326580373e+01
-1.819665435588924041e+01
-1.858470517398941269e+01
-1.864446306843953849e+01
-1.870431688246342361e+01
-1.876426661606106094e+01
-1.882431226923245760e+01
-1.888445384197761001e+01
-1.894469133429651819e+01
-1.900502474618917859e+01
-1.906545407765560185e+01
-1.890493472483568027e+01
-1.896485527863864462e+01
-1.902487064344446210e+01
-1.908498081925313272e+01
-1.914518580606466003e+01
-1.920548560387903336e+01
-1.926588021269626338e+01
-1.932636963251634654e+01
-1.938695386333928283e+01
-1.988878946624210187e+01
-1.995094193332410626e+01
-2.001319136213323091e+01
-2.007553775266947227e+01
-2.013798110493282678e+01
-2.020052141892330511e+01
-2.026315869464089303e+01
-2.032589293208560477e+01
-2.038872413125742966e+01
-2.092314560398375178e+01
-2.098762371062160881e+01
-2.105220101434659696e+01
-2.111687751515872336e+01
-2.118165321305798088e+01
-2.124652810804437664e+01
-2.131150220011790708e+01
-2.137657548927857221e+01
-2.144174797552637202e+01
-1.966021781420308301e+01
-1.971997531515810920e+01
-1.977982349517376548e+01
-1.983976235425004830e+01
-1.989979189238696122e+01
-1.995991210958450424e+01
-2.002012300584267734e+01
-2.008042458116148410e+01
-2.014081683554091384e+01
-1.908965616798692722e+01
-1.914689651631672263e+01
-1.920422255379072496e+01
-1.926163428040893422e+01
-1.931913169617134685e+01
-1.937671480107796640e+01
-1.943438359512879643e+01
-1.949213807832382983e+01
-1.954997825066307016e+01
-1.789899708997561234e+01
-1.795195270266784604e+01
-1.800498653635371937e+01
-1.805809859103322879e+01
-1.811128886670637428e+01
-1.816455736337315940e+01
-1.821790408103357706e+01
-1.827132901968763434e+01
-1.832483217933532771e+01
-1.453851503026640302e+01
-1.458096324933287491e+01
-1.462347334626970508e+01
-1.466604532107689352e+01
-1.470867917375444556e+01
-1.475137490430235232e+01
-1.479413251272062091e+01
-1.483695199900924777e+01
-1.487983336316823291e+01
-1.163414158057877223e+01
-1.166766936611358219e+01
-1.170124539306642752e+01
-1.173486966143730825e+01
-1.176854217122622437e+01
-1.180226292243317587e+01
-1.183603191505816277e+01
-1.186984914910118682e+01
-1.190371462456224627e+01
-1.023460882489161961e+01
-1.026372577745176606e+01
-1.029288408931952681e+01
-1.032208376049490184e+01
-1.035132479097788938e+01
-1.038060718076849298e+01
-1.040993092986670732e+01
-1.043929603827253771e+01
-1.046870250598598240e+01
-8.477189370131412716e+00
-8.501001699822793967e+00
-8.524847426891019708e+00
-8.548726551336093493e+00
-8.572639073158011769e+00
-8.596584992356778088e+00
-8.620564308932388897e+00
-8.644577022884847750e+00
-8.668623134214151094e+00
-7.179931718221560288e+00
-7.199848311059899864e+00
-7.219792489206880326e+00
-7.239764252662501676e+00
-7.259763601426763024e+00
-7.279790535499663484e+00
-7.299845054881205719e+00
-7.319927159571387953e+00
-7.340036849570210187e+00
-5.812131636817779778e+00
-5.828055285137828001e+00
-5.844000716834512055e+00
-5.859967931907830163e+00
-5.875956930357783214e+00
-5.891967712184371209e+00
-5.908000277387594146e+00
-5.924054625967452026e+00
-5.940130757923943960e+00
-4.714833145049296625e+00
-4.727593180624531932e+00
-4.740370459491083821e+00
-4.753164981648954956e+00
-4.765976747098143562e+00
-4.778805755838649638e+00
-4.791652007870474961e+00
-4.804515503193616865e+00
-4.817396241808076240e+00
-3.454600568028537211e+00
-3.463837467943052140e+00
-3.473086700167199226e+00
-3.482348264700978024e+00
-3.491622161544389424e+00
-3.500908390697432981e+00
-3.510206952160109140e+00
-3.519517845932417011e+00
-3.528841072014357039e+00
-6.643745569217345270e-01
-6.661298397669702664e-01
-6.678874382887829420e-01
-6.696473524871723315e-01
-6.714095823621385462e-01
-6.731741279136815859e-01
-6.749409891418015617e-01
-6.767101660464982515e-01
-6.784816586277717665e-01
-3.397579715084673713e-01
-3.406450680398210862e-01
-3.415333211507463052e-01
-3.424227308412430282e-01
-3.433132971113113108e-01
-3.442050199609510419e-01
-3.450978993901623326e-01
-3.459919353989451274e-01
-3.468871279872994817e-01
1.020926696374406806e+00
1.023561345913437615e+00
1.026199390619400020e+00
1.028840830492294245e+00
1.031485665532120288e+00
1.034133895738877928e+00
1.036785521112567388e+00
1.039440541653188443e+00
1.042098957360741318e+00
2.668203536676911458e+00
2.675010178352107637e+00
2.681825490908418708e+00
2.688649474345845114e+00
2.695482128664385524e+00
2.702323453864041714e+00
2.709173449944811907e+00
2.716032116906697880e+00
2.722899454749698300e+00
3.626397761987961044e+00
3.635543784086291641e+00
3.644701325104141354e+00
3.653870385041510183e+00
3.663050963898398571e+00
3.672243061674805631e+00
3.681446678370732695e+00
3.690661813986178874e+00
3.699888468521144169e+00
5.465840948257597809e+00
5.479471474313102775e+00
5.493118974871790350e+00
5.506783449933660535e+00
5.520464899498713329e+00
5.534163323566947845e+00
5.547878722138365859e+00
5.561611095212965594e+00
5.575360442790747939e+00
5.860193348872015484e+00
5.874645120385880048e+00
5.889114689647914069e+00
5.903602056658117547e+00
5.918107221416491370e+00
5.932630183923034650e+00
5.947170944177748275e+00
5.961729502180631357e+00
5.976305857931683896e+00
6.096689932511830889e+00
6.111559907956982229e+00
6.126447995430689630e+00
6.141354194932953980e+00
6.156278506463775280e+00
6.171220930023153528e+00
6.186181465611088726e+00
6.201160113227579984e+00
6.216156872872629080e+00
6.553039201762180355e+00
6.568848705264622723e+00
6.584677256361645803e+00
6.600524855053250484e+00
6.616391501339435877e+00
6.632277195220201982e+00
6.648181936695550576e+00
6.664105725765479882e+00
6.680048562429990788e+00
6.682318940733612322e+00
6.698267195962094078e+00
6.714234459838047009e+00
6.730220732361470226e+00
6.746226013532365506e+00
6.762250303350732850e+00
6.778293601816570479e+00
6.794355908929880172e+00
6.810437224690661040e+00
6.012706767994023593e+00
6.026904422700031461e+00
6.041118819923379846e+00
6.055349959664071413e+00
6.069597841922104386e+00
6.083862466697479654e+00
6.098143833990196327e+00
6.112441943800256183e+00
6.126756796127656557e+00
5.306862628962904616e+00
5.319261840712817602e+00
5.331675520621131703e+00
5.344103668687847808e+00
5.356546284912965028e+00
5.369003369296483363e+00
5.381474921838403702e+00
5.393960942538725156e+00
5.406461431397446837e+00
5.258428857140362567e+00
5.270587074151091400e+00
5.282759330673380660e+00
5.294945626707229458e+00
5.307145962252637794e+00
5.319360337309605669e+00
5.331588751878133969e+00
5.343831205958221808e+00
5.356087699549868297e+00
5.006272792450603859e+00
5.017728794263992320e+00
5.029197888650880799e+00
5.040680075611271960e+00
5.052175355145162250e+00
5.063683727252555222e+00
5.075205191933448212e+00
5.086739749187842108e+00
5.098287399015737797e+00
2.570420588166700160e+00
2.576242605353940895e+00
2.582071208533474493e+00
2.587906397705301842e+00
2.593748172869422053e+00
2.599596534025835570e+00
2.605451481174542394e+00
2.611313014315542524e+00
2.617181133448835961e+00
7.082819166395604160e-01
7.098699926858373921e-01
7.114598470927486762e-01
7.130514798602939353e-01
7.146448909884733913e-01
7.162400804772869334e-01
7.178370483267346724e-01
7.194357945368164975e-01
7.210363191075324085e-01
-1.498270090312002978e+00
-1.501595884075181742e+00
-1.504925364971135604e+00
-1.508258532999864565e+00
-1.511595388161368625e+00
-1.514935930455648005e+00
-1.518280159882702263e+00
-1.521628076442531841e+00
-1.524979680135136517e+00
-5.608776999867594704e+00
-5.621103982284886058e+00
-5.633444495967180110e+00
-5.645798540914476860e+00
-5.658166117126775418e+00
-5.670547224604077563e+00
-5.682941863346380629e+00
-5.695350033353687280e+00
-5.707771734625996629e+00
-9.330019414756566931e+00
-9.350324136007397868e+00
-9.370650927607414360e+00
-9.390999789556616406e+00
-9.411370721855004007e+00
-9.431763724502577162e+00
-9.452178797499335872e+00
-9.472615940845280136e+00
-9.493075154540409955e+00
-1.600923827347387274e+01
-1.604374094216670699e+01
-1.607828075043832428e+01
-1.611285769828872816e+01
-1.614747178571792219e+01
-1.618212301272589926e+01
-1.621681137931266292e+01
-1.625153688547821673e+01
-1.628629953122255358e+01
-2.469065025862245477e+01
-2.474335175330467962e+01
-2.479610943294925107e+01
-2.484892329755617268e+01
-2.490179334712544090e+01
-2.495471958165705928e+01
-2.500770200115102426e+01
-2.506074060560733230e+01
-2.511383539502599405e+01
-3.408666730326937966e+01
-3.415873213900567862e+01
-3.423087307277338454e+01
-3.430309010457247609e+01
-3.437538323440298171e+01
-3.444775246226488008e+01
-3.452019778815817830e+01
-3.459271921208288347e+01
-3.466531673403898850e+01
-4.610425236759254375e+01
-4.620080577569220992e+01
-4.629746018108068739e+01
-4.639421558375796906e+01
-4.649107198372406202e+01
-4.658802938097895918e+01
-4.668508777552266764e+01
-4.678224716735518030e+01
-4.687950755647650425e+01
-5.729852145590794521e+01
-5.741739805643887706e+01
-5.753639784515688405e+01
-5.765552082206197326e+01
-5.777476698715413761e+01
-5.789413634043338419e+01
-5.801362888189970590e+01
-5.813324461155310985e+01
-5.825298352939358182e+01
-7.099574764362250789e+01
-7.114167929345522623e+01
-7.128776077044385318e+01
-7.143399207458834610e+01
-7.158037320588873342e+01
-7.172690416434500094e+01
-7.187358494995716285e+01
-7.202041556272520495e+01
-7.216739600264912724e+01
-8.685595824137442378e+01
-8.703285428667253143e+01
-8.720993028725580132e+01
-8.738718624312420502e+01
-8.756462215427775675e+01
-8.774223802071645650e+01
-8.792003384244030428e+01
-8.809800961944928588e+01
-8.827616535174342971e+01
-9.856751287310106591e+01
-9.876643822703265130e+01
-9.896556411055489377e+01
-9.916489052366777912e+01
-9.936441746637134997e+01
-9.956414493866556370e+01
-9.976407294055043451e+01
-9.996420147202596240e+01
-1.001645305330921332e+02
-1.123188603681399940e+02
-1.125434980888762908e+02
-1.127683602229199948e+02
-1.129934467702711345e+02
-1.132187577309297097e+02
-1.134442931048956922e+02
-1.136700528921691244e+02
-1.138960370927499781e+02
-1.141222457066382532e+02
-1.172646052297753556e+02
-1.174970425047600457e+02
-1.177297099156605640e+02
-1.179626074624768961e+02
-1.181957351452090705e+02
-1.184290929638570589e+02
-1.186626809184208753e+02
-1.188964990089005340e+02
-1.191305472352960066e+02
-1.249961207424586291e+02
-1.252416926889074773e+02
-1.254875056284342776e+02
-1.257335595610390442e+02
-1.259798544867217913e+02
-1.262263904054824906e+02
-1.264731673173211846e+02
-1.267201852222378164e+02
-1.269674441202324289e+02
-1.218979504103665903e+02
-1.221353368765990410e+02
-1.223729542635184941e+02
-1.226108025711249354e+02
-1.228488817994183790e+02
-1.230871919483988250e+02
-1.233257330180662734e+02
-1.235645050084206957e+02
-1.238035079194621346e+02
-1.208673893405616440e+02
-1.211007240690183266e+02
-1.213342838068563623e+02
-1.215680685540757224e+02
-1.218020783106764640e+02
-1.220363130766585158e+02
-1.222707728520219490e+02
-1.225054576367667067e+02
-1.227403674308928174e+02
-1.162250808587283615e+02
-1.164475212048694743e+02
-1.166701742090852747e+02
-1.168930398713757910e+02
-1.171161181917410232e+02
-1.173394091701809430e+02
-1.175629128066955644e+02
-1.177866291012849160e+02
-1.180105580539489409e+02
-1.043134678383838150e+02
-1.045114061075268665e+02
-1.047095319958823580e+02
-1.049078455034503179e+02
-1.051063466302307319e+02
-1.053050353762236142e+02
-1.055039117414289365e+02
-1.057029757258467271e+02
-1.059022273294769860e+02
-1.003119454118920402e+02
-1.005006790815287019e+02
-1.006895901324338354e+02
-1.008786785646074264e+02
-1.010679443780494609e+02
-1.012573875727599528e+02
-1.014470081487389024e+02
-1.016368061059863095e+02
-1.018267814445021742e+02
-9.187483582606822097e+01
-9.204624410186312389e+01
-9.221781212442017761e+01
-9.238953989373939635e+01
-9.256142740982078010e+01
-9.273347467266431465e+01
-9.290568168227000001e+01
-9.307804843863785038e+01
-9.325057494176786577e+01
-8.858846447930766033e+01
-8.875236543116577081e+01
-8.891641786264668212e+01
-8.908062177375035162e+01
-8.924497716447685036e+01
-8.940948403482610729e+01
-8.957414238479815083e+01
-8.973895221439300940e+01
-8.990391352361064037e+01
-8.030573463089933739e+01
-8.045308460269916395e+01
-8.060056963405149588e+01
-8.074818972495634739e+01
-8.089594487541373269e+01
-8.104383508542363757e+01
-8.119186035498604781e+01
-8.134002068410097763e+01
-8.148831607276844124e+01
-7.455025594356865781e+01
-7.468592519915294758e+01
-7.482171779042413107e+01
-7.495763371738220826e+01
-7.509367298002719338e+01
-7.522983557835905799e+01
-7.536612151237783053e+01
-7.550253078208348256e+01
-7.563906338747604252e+01
-6.794019793232426707e+01
-6.806283366866421147e+01
-6.818557998727315805e+01
-6.830843688815113524e+01
-6.843140437129811460e+01
-6.855448243671412456e+01
-6.867767108439913670e+01
-6.880097031435317945e+01
-6.892438012657623858e+01
-6.298432243660131036e+01
-6.309709651437498934e+01
-6.320997146341680661e+01
-6.332294728372675507e+01
-6.343602397530484183e+01
-6.354920153815105976e+01
-6.366247997226540889e+01
-6.377585927764789631e+01
-6.388933945429851491e+01
-5.816993180924117013e+01
-5.827325318012792366e+01
-5.837666622924971449e+01
-5.848017095660653553e+01
-5.858376736219840097e+01
-5.868745544602530373e+01
-5.879123520808723669e+01
-5.889510664838421405e+01
-5.899906976691622162e+01
-5.552793454960864494e+01
-5.562578113031280225e+01
-5.572371384357040114e+01
-5.582173268938142741e+01
-5.591983766774589526e+01
-5.601802877866379760e+01
-5.611630602213513441e+01
-5.621466939815991282e+01
-5.631311890673811860e+01
-5.314582736158032361e+01
-5.323873964717748919e+01
-5.333173307887561521e+01
-5.342480765667470166e+01
-5.351796338057474145e+01
-5.361120025057574878e+01
-5.370451826667770945e+01
-5.379791742888062345e+01
-5.389139773718449788e+01
-5.160761905673828664e+01
-5.169713791026256189e+01
-5.178673433645018775e+01
-5.187640833530118556e+01
-5.196615990681554109e+01
-5.205598905099326856e+01
-5.214589576783436087e+01
-5.223588005733882511e+01
-5.232594191950665419e+01
-5.185617085983317764e+01
-5.194542416596026158e+01
-5.203475421611668850e+01
-5.212416101030245130e+01
-5.221364454851757131e+01
-5.230320483076202009e+01
-5.239284185703581898e+01
-5.248255562733896085e+01
-5.257234614167145281e+01
-5.026166785628915079e+01
-5.034751186629134878e+01
-5.043342912203588213e+01
-5.051941962352272242e+01
-5.060548337075189096e+01
-5.069162036372338775e+01
-5.077783060243719859e+01
-5.086411408689333769e+01
-5.095047081709179793e+01
-5.466931882637302209e+01
-5.476197868879060593e+01
-5.485471701002479961e+01
-5.494753379007560312e+01
-5.504042902894301648e+01
-5.513340272662703967e+01
-5.522645488312767270e+01
-5.531958549844492268e+01
-5.541279457257878960e+01
-6.864302194829268444e+01
-6.875848539984575325e+01
-6.887404587950935309e+01
-6.898970338728351237e+01
-6.910545792316821689e+01
-6.922130948716346666e+01
-6.933725807926926166e+01
-6.945330369948561611e+01
-6.956944634781251580e+01
-6.909075011002362032e+01
-6.920609359935586724e+01
-6.932153328842902340e+01
-6.943706917724307459e+01
-6.955270126579802081e+01
-6.966842955409386207e+01
-6.978425404213059835e+01
-6.990017472990821545e+01
-7.001619161742672759e+01
-7.711252922884671079e+01
-7.724030475366666337e+01
-7.736818605292771167e+01
-7.749617312662982727e+01
-7.762426597477301016e+01
-7.775246459735727456e+01
-7.788076899438262046e+01
-7.800917916584903367e+01
-7.813769511175652838e+01
-8.807382908798091137e+01
-8.821868735950720009e+01
-8.836366466001584286e+01
-8.850876098950683968e+01
-8.865397634798017634e+01
-8.879931073543588127e+01
-8.894476415187394025e+01
-8.909033659729436749e+01
-8.923602807169713458e+01
-9.656950048117224128e+01
-9.672716497175375139e+01
-9.688495806306167424e+01
-9.704287975509599562e+01
-9.720093004785674395e+01
-9.735910894134389082e+01
-9.751741643555746464e+01
-9.767585253049745120e+01
-9.783441722616383629e+01
-9.879175157266206497e+01
-9.895186786370365439e+01
-9.911211380356391487e+01
-9.927248939224281798e+01
-9.943299462974037795e+01
-9.959362951605659475e+01
-9.975439405119148262e+01
-9.991528823514501312e+01
-1.000763120679172147e+02
-1.064072150305411242e+02
-1.065784253523923581e+02
-1.067497733031196674e+02
-1.069212588827230803e+02
-1.070928820912025685e+02
-1.072646429285581462e+02
-1.074365413947898134e+02
-1.076085774898975558e+02
-1.077807512138814019e+02
-1.168925952111355286e+02
-1.170793245964568285e+02
-1.172662030076243695e+02
-1.174532304446381090e+02
-1.176404069074981038e+02
-1.178277323962043113e+02
-1.180152069107567456e+02
-1.182028304511553927e+02
-1.183906030174002808e+02
-1.230146974446043515e+02
-1.232098040226291005e+02
-1.234050652017457850e+02
-1.236004809819544050e+02
-1.237960513632549606e+02
-1.239917763456474660e+02
-1.241876559291319069e+02
-1.243836901137082691e+02
-1.245798788993765953e+02
-1.126787024498952690e+02
-1.128561492254069094e+02
-1.130337356128583792e+02
-1.132114616122496642e+02
-1.133893272235807785e+02
-1.135673324468516938e+02
-1.137454772820624527e+02
-1.139237617292130125e+02
-1.141021857883034016e+02
-1.173114350867196833e+02
-1.174948775184424647e+02
-1.176784632645650248e+02
-1.178621923250873920e+02
-1.180460647000095236e+02
-1.182300803893314338e+02
-1.184142393930531370e+02
-1.185985417111746187e+02
-1.187829873436958792e+02
-9.826966484511697786e+01
-9.842225749239200638e+01
-9.857496852030882906e+01
-9.872779792886743166e+01
-9.888074571806785684e+01
-9.903381188791006196e+01
-9.918699643839407543e+01
-9.934029936951986883e+01
-9.949372068128747060e+01
-8.737562594237408575e+01
-8.751036090913179066e+01
-8.764519967786696952e+01
-8.778014224857963654e+01
-8.791518862126974909e+01
-8.805033879593733559e+01
-8.818559277258241025e+01
-8.832095055120494465e+01
-8.845641213180495299e+01
-6.418251657497593499e+01
-6.428080526804633621e+01
-6.437916916287119307e+01
-6.447760825945050556e+01
-6.457612255778427368e+01
-6.467471205787249744e+01
-6.477337675971516262e+01
-6.487211666331229765e+01
-6.497093176866387410e+01
-4.196708297955777311e+01
-4.203091124264455658e+01
-4.209478800745100813e+01
-4.215871327397712776e+01
-4.222268704222292257e+01
-4.228670931218838547e+01
-4.235078008387352355e+01
-4.241489935727832261e+01
-4.247906713240279686e+01
-1.216103336819820413e+01
-1.217940350923777793e+01
-1.219778751453474186e+01
-1.221618538408909238e+01
-1.223459711790083126e+01
-1.225302271596995851e+01
-1.227146217829647412e+01
-1.228991550488037987e+01
-1.230838269572167221e+01
2.063830613517504631e+01
2.066927133567793362e+01
2.070025974847505523e+01
2.073127137356640404e+01
2.076230621095198003e+01
2.079336426063179033e+01
2.082444552260582782e+01
2.085554999687409605e+01
2.088667768343659503e+01
4.841487455665253492e+01
4.848702787193816022e+01
4.855923491270053205e+01
4.863149567893967884e+01
4.870381017065557216e+01
4.877617838784822624e+01
4.884860033051763395e+01
4.892107599866380241e+01
4.899360539228673161e+01
7.673939052900104230e+01
7.685299436398105399e+01
7.696668222546624349e+01
7.708045411345658238e+01
7.719431002795208485e+01
7.730824996895276513e+01
7.742227393645859479e+01
7.753638193046957383e+01
7.765057395098573068e+01
9.994945011358494469e+01
1.000964345990460913e+02
1.002435270819249382e+02
1.003907275622214286e+02
1.005380360399356334e+02
1.006854525150674959e+02
1.008329769876170587e+02
1.009806094575842792e+02
1.011283499249691857e+02
1.356897721450726237e+02
1.358880040985351059e+02
1.360863807468541324e+02
1.362849020900297035e+02
1.364835681280618189e+02
1.366823788609504788e+02
1.368813342886956832e+02
1.370804344112974036e+02
1.372796792287556968e+02
1.598394654646176889e+02
1.600714530777738958e+02
1.603036089198011211e+02
1.605359329906993651e+02
1.607684252904686844e+02
1.610010858191089937e+02
1.612339145766203501e+02
1.614669115630027818e+02
1.617000767782562036e+02
1.703237877134915550e+02
1.705693879841671219e+02
1.708151652002826495e+02
1.710611193618381094e+02
1.713072504688335584e+02
1.715535585212689682e+02
1.718000435191443671e+02
1.720467054624597267e+02
1.722935443512150471e+02
1.868383477166149191e+02
1.871060244325413180e+02
1.873738927567110011e+02
1.876419526891240537e+02
1.879102042297803905e+02
1.881786473786800968e+02
1.884472821358230874e+02
1.887161085012094475e+02
1.889851264748390918e+02
2.058764240235799718e+02
2.061694865488804282e+02
2.064627575112543809e+02
2.067562369107018014e+02
2.070499247472226898e+02
2.073438210208170176e+02
2.076379257314848701e+02
2.079322388792261620e+02
2.082267604640409218e+02
2.155442212984154366e+02
2.158490928985546304e+02
2.161541799556550814e+02
2.164594824697167326e+02
2.167650004407396409e+02
2.170707338687237495e+02
2.173766827536690869e+02
2.176828470955756814e+02
2.179892268944434761e+02
2.284241191574764116e+02
2.287451650030947974e+02
2.290664363022564771e+02
2.293879330549613655e+02
2.297096552612095479e+02
2.300316029210010242e+02
2.303537760343357661e+02
2.306761746012137735e+02
2.309987986216350748e+02
2.455910702665082965e+02
2.459340745545899836e+02
2.462773182036543460e+02
2.466208012137012702e+02
2.469645235847308413e+02
2.473084853167429742e+02
2.476526864097377540e+02
2.479971268637151240e+02
2.483418066786751126e+02
2.505246813724242259e+02
2.508723908538571834e+02
2.512203414653049549e+02
2.515685332067675972e+02
2.519169660782451388e+02
2.522656400797374943e+02
2.526145552112447490e+02
2.529637114727668745e+02
2.533131088643038140e+02
2.501327495060883166e+02
2.504777601950622454e+02
2.508230086584599974e+02
2.511684948962815440e+02
2.515142189085269422e+02
2.518601806951961635e+02
2.522063802562892363e+02
2.525528175918061038e+02
2.528994927017467944e+02
2.580525335870028698e+02
2.584062724952783583e+02
2.587602536904773842e+02
2.591144771725998908e+02
2.594689429416458779e+02
2.598236509976152888e+02
2.601786013405081803e+02
2.605337939703246093e+02
2.608892288870644620e+02
2.467267173561970139e+02
2.470628572980992033e+02
2.473992260622899266e+02
2.477358236487692409e+02
2.480726500575371176e+02
2.484097052885935568e+02
2.487469893419385301e+02
2.490845022175721226e+02
2.494222439154942492e+02
2.376546812844987073e+02
2.379764885712752687e+02
2.382985135896396400e+02
2.386207563395918214e+02
2.389432168211318412e+02
2.392658950342596142e+02
2.395887909789751973e+02
2.399119046552786187e+02
2.402352360631698218e+02
2.266562542624599530e+02
2.269613097863663711e+02
2.272665704585739661e+02
2.275720362790828233e+02
2.278777072478928858e+02
2.281835833650041252e+02
2.284896646304166268e+02
2.287959510441303337e+02
2.291024426061452175e+02
2.208681436145166685e+02
2.211636193919273694e+02
2.214592926798844985e+02
2.217551634783880274e+02
2.220512317874379278e+02
2.223474976070342564e+02
2.226439609371769563e+02
2.229406217778660846e+02
2.232374801291015842e+02
1.973631442677949508e+02
1.976255952575127424e+02
1.978882206332702367e+02
1.981510203950674054e+02
1.984139945429042768e+02
1.986771430767807942e+02
1.989404659966969859e+02
1.992039633026529089e+02
1.994676349946484493e+02
1.997314810726837209e+02
1.999955015367586384e+02
2.002596963868732587e+02
2.005240656230275249e+02
2.007886092452214939e+02
2.010533272534551372e+02
2.013182196477284833e+02
2.015832864280415038e+02
1.333019352495705050e+02
1.334772172157106240e+02
1.336526143474001174e+02
1.338281266446389850e+02
1.340037541074272269e+02
1.341794967357648432e+02
1.343553545296518337e+02
1.345313274890881701e+02
1.347074156140738808e+02
1.348836189046089942e+02
1.350599373606934250e+02
1.352363709823272586e+02
1.354129197695104665e+02
1.355895837222430202e+02
1.357663628405249483e+02
1.359432571243562506e+02
1.361202665737369273e+02
5.671421046064497062e+01
5.678796105942343786e+01
5.686175957931872915e+01
5.693560602033083029e+01
5.700950038245974838e+01
5.708344266570547632e+01
5.715743287006802120e+01
5.723147099554739015e+01
5.730555704214356894e+01
5.737969100985656468e+01
5.745387289868637026e+01
5.752810270863299280e+01
5.760238043969643229e+01
5.767670609187668163e+01
5.775107966517374791e+01
5.782550115958763115e+01
5.789997057511833134e+01
-1.784651010041134711e+01
-1.786946381115142657e+01
-1.789243227363362365e+01
-1.791541548785794546e+01
-1.793841345382438490e+01
-1.796142617153294907e+01
-1.798445364098363086e+01
-1.800749586217643738e+01
-1.803055283511136153e+01
-1.805362455978840686e+01
-1.807671103620757336e+01
-1.809981226436886459e+01
-1.812292824427227345e+01
-1.814605897591779993e+01
-1.816920445930545114e+01
-1.819236469443521997e+01
-1.821553968130711354e+01
-6.839832708422873964e+01
-6.848534785660054069e+01
-6.857242395050593586e+01
-6.865955536594496778e+01
-6.874674210291757959e+01
-6.883398416142382814e+01
-6.892128154146368502e+01
-6.900863424303715021e+01
-6.909604226614422373e+01
-6.918350561078490557e+01
-6.927102427695920994e+01
-6.935859826466712263e+01
-6.944622757390865786e+01
-6.953391220468378719e+01
-6.962165215699253906e+01
-6.970944743083489925e+01
-6.979729802621086776e+01
-1.044032075448316448e+02
-1.045346149803821021e+02
-1.046661050621184188e+02
-1.047976777900406233e+02
-1.049293331641487157e+02
-1.050610711844426959e+02
-1.051928918509225497e+02
-1.053247951635882913e+02
-1.054567811224398923e+02
-1.055888497274773812e+02
-1.057210009787007721e+02
-1.058532348761100224e+02
-1.059855514197051605e+02
-1.061179506094861864e+02
-1.062504324454530718e+02
-1.063829969276058591e+02
-1.065156440559445201e+02
-1.259464556933263992e+02
-1.261033005945634216e+02
-1.262602430968590852e+02
-1.264172832002133759e+02
-1.265744209046263222e+02
-1.267316562100979098e+02
-1.268889891166281387e+02
-1.270464196242170232e+02
-1.272039477328645205e+02
-1.273615734425706734e+02
-1.275192967533354675e+02
-1.276771176651589030e+02
-1.278350361780409798e+02
-1.279930522919816980e+02
-1.281511660069810716e+02
-1.283093773230390582e+02
-1.284676862401557003e+02
-1.238411457653856758e+02
-1.239937534619542419e+02
-1.241464551287793086e+02
-1.242992507658608901e+02
-1.244521403731989579e+02
-1.246051239507935549e+02
-1.247582014986446524e+02
-1.249113730167522505e+02
-1.250646385051163776e+02
-1.252179979637370053e+02
-1.253714513926141194e+02
-1.255249987917477483e+02
-1.256786401611378921e+02
-1.258323755007845506e+02
-1.259862048106877239e+02
-1.261401280908473836e+02
-1.262941453412635440e+02
-9.017242379665245267e+01
-9.028239016713618526e+01
-9.039242354942398094e+01
-9.050252394351583973e+01
-9.061269134941179004e+01
-9.072292576711180345e+01
-9.083322719661589417e+01
-9.094359563792404799e+01
-9.105403109103627912e+01
-9.116453355595258756e+01
-9.127510303267297331e+01
-9.138573952119742216e+01
-9.149644302152594832e+01
-9.160721353365853759e+01
-9.171805105759521837e+01
-9.182895559333594804e+01
-9.193992714088076923e+01
-1.992389537688289636e+01
-1.994794353062686909e+01
-1.997200618868552624e+01
-1.999608335105886781e+01
-2.002017501774689023e+01
-2.004428118874959353e+01
-2.006840186406698479e+01
-2.009253704369905336e+01
-2.011668672764580990e+01
-2.014085091590724375e+01
-2.016502960848336201e+01
-2.018922280537416469e+01
-2.021343050657964824e+01
-2.023765271209981620e+01
-2.026188942193466502e+01
-2.028614063608419826e+01
-2.031040635454841592e+01
5.140569967026041809e+01
5.146711627679597711e+01
5.152856954996229888e+01
5.159005948975939049e+01
5.165158609618724483e+01
5.171314936924587613e+01
5.177474930893527016e+01
5.183638591525542694e+01
5.189805918820636066e+01
5.195976912778805712e+01
5.202151573400052342e+01
5.208329900684375247e+01
5.214511894631775135e+01
5.220697555242251298e+01
5.226886882515804444e+01
5.233079876452435286e+01
5.239276537052141691e+01
1.169135891127095022e+02
1.170518665687860533e+02
1.171902257491274071e+02
1.173286666537335776e+02
1.174671892826045791e+02
1.176057936357403833e+02
1.177444797131410184e+02
1.178832475148064844e+02
1.180220970407367531e+02
1.181610282909318528e+02
1.183000412653917692e+02
1.184391359641165167e+02
1.185783123871060809e+02
1.187175705343604619e+02
1.188569104058796739e+02
1.189963320016636885e+02
1.191358353217125199e+02
1.763141539319802007e+02
1.765206107867014964e+02
1.767271884470721091e+02
1.769338869130920671e+02
1.771407061847613704e+02
1.773476462620800476e+02
1.775547071450480132e+02
1.777618888336653526e+02
1.779691913279320090e+02
1.781766146278480107e+02
1.783841587334133578e+02
1.785918236446280218e+02
1.787996093614920596e+02
1.790075158840054144e+02
1.792155432121681429e+02
1.794236913459801883e+02
1.796319602854415507e+02
2.173171382285633797e+02
2.175691001279587908e+02
2.178212080075972210e+02
2.180734618674786418e+02
2.183258617076030532e+02
2.185784075279704268e+02
2.188310993285807911e+02
2.190839371094341459e+02
2.193369208705304914e+02
2.195900506118697990e+02
2.198433263334521541e+02
2.200967480352774430e+02
2.203503157173457510e+02
2.206040293796570211e+02
2.208578890222112818e+02
2.211118946450085332e+02
2.213660462480487752e+02
2.458487955650472543e+02
2.461310559503113780e+02
2.464134782749818555e+02
2.466960625390586586e+02
2.469788087425418155e+02
2.472617168854313263e+02
2.475447869677271626e+02
2.478280189894293812e+02
2.481114129505379537e+02
2.483949688510528233e+02
2.486786866909741036e+02
2.489625664703016810e+02
2.492466081890356122e+02
2.495308118471759258e+02
2.498151774447225648e+02
2.500997049816755293e+02
2.503843944580348762e+02
2.369447139054387605e+02
2.372141223351208907e+02
2.374836838377744357e+02
2.377533984133994238e+02
2.380232660619957699e+02
2.382932867835635591e+02
2.385634605781027346e+02
2.388337874456133534e+02
2.391042673860953300e+02
2.393749003995487499e+02
2.396456864859735845e+02
2.399166256453698054e+02
2.401877178777374695e+02
2.404589631830765484e+02
2.407303615613870136e+02
2.410019130126688935e+02
2.412736175369221883e+02
2.294044354318411365e+02
2.296627737600301487e+02
2.299212574671320226e+02
2.301798865531468152e+02
2.304386610180744412e+02
2.306975808619149859e+02
2.309566460846683924e+02
2.312158566863347176e+02
2.314752126669138761e+02
2.317347140264059249e+02
2.319943607648108923e+02
2.322541528821286647e+02
2.325140903783593842e+02
2.327741732535029655e+02
2.330344015075594086e+02
2.332947751405287704e+02
2.335552941524109656e+02
1.891038518240495421e+02
1.893147875204511763e+02
1.895258407952788673e+02
1.897370116485326719e+02
1.899483000802125332e+02
1.901597060903185081e+02
1.903712296788505682e+02
1.905828708458087135e+02
1.907946295911929440e+02
1.910065059150032596e+02
1.912184998172396888e+02
1.914306112979021748e+02
1.916428403569907459e+02
1.918551869945054307e+02
1.920676512104461722e+02
1.922802330048130273e+02
1.924929323776059675e+02
1.604768750081555027e+02
1.606541975219766698e+02
1.608316179499412897e+02
1.610091362920493907e+02
1.611867525483009729e+02
1.613644667186960078e+02
1.615422788032345238e+02
1.617201888019164926e+02
1.618981967147419425e+02
1.620763025417108736e+02
1.622545062828232290e+02
1.624328079380790939e+02
1.626112075074784116e+02
1.627897049910212104e+02
1.629683003887074335e+02
1.631469937005371662e+02
1.633257849265103516e+02
7.562602909495865333e+01
7.570881620945777968e+01
7.579164861231276973e+01
7.587452630352360927e+01
7.595744928309029831e+01
7.604041755101283684e+01
7.612343110729123907e+01
7.620648995192549080e+01
7.628959408491559202e+01
7.637274350626155694e+01
7.645593821596337136e+01
7.653917821402102106e+01
7.662246350043453447e+01
7.670579407520391158e+01
7.678916993832913818e+01
7.687259108981020006e+01
7.695605752964713986e+01
2.592979311833385836e+01
2.595791653820189993e+01
2.598605520111593847e+01
2.601420910707597756e+01
2.604237825608201717e+01
2.607056264813405377e+01
2.609876228323209091e+01
2.612697716137612147e+01
2.615520728256615612e+01
2.618345264680218776e+01
2.621171325408421993e+01
2.623998910441225263e+01
2.626828019778628232e+01
2.629658653420630898e+01
2.632490811367233619e+01
2.635324493618436392e+01
2.638159700174238864e+01
-1.074608556433608442e+01
-1.075763428606025229e+01
-1.076918921010542896e+01
-1.078075033647161796e+01
-1.079231766515881930e+01
-1.080389119616703297e+01
-1.081547092949625899e+01
-1.082705686514649379e+01
-1.083864900311774448e+01
-1.085024734341000574e+01
-1.086185188602327756e+01
-1.087346263095756171e+01
-1.088507957821285821e+01
-1.089670272778916704e+01
-1.090833207968648821e+01
-1.091996763390481995e+01
-1.093160939044416402e+01
-5.334655540903484194e+01
-5.340336750212220807e+01
-5.346020983049061215e+01
-5.351708239414007551e+01
-5.357398519307057683e+01
-5.363091822728212321e+01
-5.368788149677472887e+01
-5.374487500154837250e+01
-5.380189874160306829e+01
-5.385895271693880204e+01
-5.391603692755559507e+01
-5.397315137345342606e+01
-5.403029605463230922e+01
-5.408747097109223745e+01
-5.414467612283321785e+01
-5.420191150985523620e+01
-5.425917713215829963e+01
-9.203317086836436545e+01
-9.213030350252621759e+01
-9.222748736698035543e+01
-9.232472246172677899e+01
-9.242200878676548825e+01
-9.251934634209646902e+01
-9.261673512771972128e+01
-9.271417514363527346e+01
-9.281166638984308292e+01
-9.290920886634317810e+01
-9.300680257313555899e+01
-9.310444751022021137e+01
-9.320214367759714946e+01
-9.329989107526635905e+01
-9.339768970322785435e+01
-9.349553956148163536e+01
-9.359344065002768787e+01
-5.576713151062226359e+01
-5.582546533019404222e+01
-5.588382964313726831e+01
-5.594222444945193473e+01
-5.600064974913804861e+01
-5.605910554219560282e+01
-5.611759182862460449e+01
-5.617610860842504650e+01
-5.623465588159693596e+01
-5.629323364814025865e+01
-5.635184190805503590e+01
-5.641048066134125349e+01
-5.646914990799891143e+01
-5.652784964802801682e+01
-5.658657988142856965e+01
-5.664534060820055572e+01
-5.670413182834398924e+01
-3.539904067476216909e+01
-3.543574263502630828e+01
-3.547246361185017349e+01
-3.550920360523375052e+01
-3.554596261517706068e+01
-3.558274064168008977e+01
-3.561953768474283777e+01
-3.565635374436531180e+01
-3.569318882054750475e+01
-3.573004291328942372e+01
-3.576691602259106162e+01
-3.580380814845242554e+01
-3.584071929087351549e+01
-3.587764944985431725e+01
-3.591459862539485215e+01
-3.595156681749509886e+01
-3.598855402615507870e+01
-6.210636251203536240e+00
-6.217019227823477934e+00
-6.223405482808401779e+00
-6.229795016158307774e+00
-6.236187827873195921e+00
-6.242583917953066219e+00
-6.248983286397917780e+00
-6.255385933207751492e+00
-6.261791858382567355e+00
-6.268201061922365369e+00
-6.274613543827145534e+00
-6.281029304096906962e+00
-6.287448342731651429e+00
-6.293870659731377160e+00
-6.300296255096084153e+00
-6.306725128825775073e+00
-6.313157280920446368e+00
3.199391243479211155e+01
3.202650939091518012e+01
3.205912294426642006e+01
3.209175309484582783e+01
3.212439984265340343e+01
3.215706318768914684e+01
3.218974312995305098e+01
3.222243966944513716e+01
3.225515280616538405e+01
3.228788254011379877e+01
3.232062887129038842e+01
3.235339179969514589e+01
3.238617132532806409e+01
3.241896744818915721e+01
3.245178016827841816e+01
3.248460948559584693e+01
3.251745540014144353e+01
7.998322595564508219e+01
8.006401709297401226e+01
8.014484901331019273e+01
8.022572171665359519e+01
8.030663520300421965e+01
8.038758947236208030e+01
8.046858452472717715e+01
8.054962036009952442e+01
8.063069697847909367e+01
8.071181437986588492e+01
8.079297256425992657e+01
8.087417153166119022e+01
8.095541128206969006e+01
8.103669181548541189e+01
8.111801313190838414e+01
8.119937523133859258e+01
8.128077811377600881e+01
8.892869705043295880e+01
8.901775934091912745e+01
8.910686620712624517e+01
8.919601764905432617e+01
8.928521366670338466e+01
8.937445426007340643e+01
8.946373942916439148e+01
8.955306917397633981e+01
8.964244349450925142e+01
8.973186239076311210e+01
8.982132586273795027e+01
8.991083391043376594e+01
9.000038653385053067e+01
9.008998373298825868e+01
9.017962550784694997e+01
9.026931185842660454e+01
9.035904278472723661e+01
1.198291141934347337e+02
1.199481103346397362e+02
1.200671655310016490e+02
1.201862797825205007e+02
1.203054530891962770e+02
1.204246854510289921e+02
1.205439768680186177e+02
1.206633273401651536e+02
1.207827368674686426e+02
1.209022054499290562e+02
1.210217330875463659e+02
1.211413197803206430e+02
1.212609655282518162e+02
1.213806703313399140e+02
1.215004341895849507e+02
1.216202571029869119e+02
1.217401390715457978e+02
1.218600800952616083e+02
1.219800801741343435e+02
1.221001393081639890e+02
1.222202574973505733e+02
1.223404347416940965e+02
1.224606710411945301e+02
1.225809663958518883e+02
1.227013208056661853e+02
1.228217342706373927e+02
1.229422067907655247e+02
1.230627383660505814e+02
1.231833289964925910e+02
1.233039786820914969e+02
1.234246874228473416e+02
1.235454552187600967e+02
1.236662820698298049e+02
1.160559875651164674e+02
1.161693788573149249e+02
1.162828255163552740e+02
1.163963275422375148e+02
1.165098849349616472e+02
1.166234976945276713e+02
1.167371658209356013e+02
1.168508893141854088e+02
1.169646681742771221e+02
1.170785024012107272e+02
1.171923919949862238e+02
1.173063369556036264e+02
1.174203372830629064e+02
1.175343929773640781e+02
1.176485040385071414e+02
1.177626704664921249e+02
1.178768922613189716e+02
1.179911694229877241e+02
1.181055019514983684e+02
1.182198898468509185e+02
1.183343331090453603e+02
1.184488317380816795e+02
1.185633857339599047e+02
1.186779950966800214e+02
1.187926598262420299e+02
1.189073799226459300e+02
1.190221553858917360e+02
1.191369862159794195e+02
1.192518724129090089e+02
1.193668139766804899e+02
1.194818109072938626e+02
1.195968632047491269e+02
1.197119708690462829e+02
6.873673344051408662e+01
6.880282645343766035e+01
6.886895122657887214e+01
6.893510775993775042e+01
6.900129605351426676e+01
6.906751610730842117e+01
6.913376792132022786e+01
6.920005149554967261e+01
6.926636682999678385e+01
6.933271392466153316e+01
6.939909277954392053e+01
6.946550339464396018e+01
6.953194576996165210e+01
6.959841990549699631e+01
6.966492580124997858e+01
6.973146345722059891e+01
6.979803287340888573e+01
6.986463404981481062e+01
6.993126698643838779e+01
6.999793168327960302e+01
7.006462814033847053e+01
7.013135635761497610e+01
7.019811633510913396e+01
7.026490807282094408e+01
7.033173157075040649e+01
7.039858682889749275e+01
7.046547384726224550e+01
7.053239262584463631e+01
7.059934316464467940e+01
7.066632546366237477e+01
7.073333952289770821e+01
7.080038534235069392e+01
7.086746292202131769e+01
2.322804749727794160e+01
2.325003334441213809e+01
2.327202959166323737e+01
2.329403623903124299e+01
2.331605328651614784e+01
2.333808073411795903e+01
2.336011858183667300e+01
2.338216682967228977e+01
2.340422547762480932e+01
2.342629452569423520e+01
2.344837397388056388e+01
2.347046382218379534e+01
2.349256407060392959e+01
2.351467471914097018e+01
2.353679576779491356e+01
2.355892721656575972e+01
2.358106906545350867e+01
2.360322131445816041e+01
2.362538396357971848e+01
2.364755701281817935e+01
2.366974046217354299e+01
2.369193431164580943e+01
2.371413856123497865e+01
2.373635321094105421e+01
2.375857826076403612e+01
2.378081371070391725e+01
2.380305956076070473e+01
2.382531581093439144e+01
2.384758246122498448e+01
2.386985951163248032e+01
2.389214696215687894e+01
2.391444481279818390e+01
2.393675306355639520e+01
-4.491560967261324322e+01
-4.495746951387383206e+01
-4.499934885203300894e+01
-4.504124768709076676e+01
-4.508316601904710552e+01
-4.512510384790203943e+01
-4.516706117365554718e+01
-4.520903799630764297e+01
-4.525103431585832681e+01
-4.529305013230759158e+01
-4.533508544565543730e+01
-4.537714025590187106e+01
-4.541921456304689286e+01
-4.546130836709048850e+01
-4.550342166803267929e+01
-4.554555446587345102e+01
-4.558770676061280369e+01
-4.562987855225074441e+01
-4.567206984078727317e+01
-4.571428062622237576e+01
-4.575651090855607350e+01
-4.579876068778835219e+01
-4.584102996391920470e+01
-4.588331873694865237e+01
-4.592562700687668809e+01
-4.596795477370329763e+01
-4.601030203742850233e+01
-4.605266879805228086e+01
-4.609505505557464744e+01
-4.613746080999560206e+01
-4.617988606131513762e+01
-4.622233080953325413e+01
-4.626479505464996578e+01
-8.349329305621716912e+01
-8.356992756108749631e+01
-8.364659721940041948e+01
-8.372330203115593861e+01
-8.380004199635406792e+01
-8.387681711499479320e+01
-8.395362738707812866e+01
-8.403047281260404588e+01
-8.410735339157258750e+01
-8.418426912398372508e+01
-8.426122000983745863e+01
-8.433820604913378816e+01
-8.441522724187272786e+01
-8.449228358805424932e+01
-8.456937508767839518e+01
-8.464650174074513700e+01
-8.472366354725447479e+01
-8.480086050720640856e+01
-8.487809262060095250e+01
-8.495535988743809241e+01
-8.503266230771784251e+01
-8.510999988144018857e+01
-8.518737260860513061e+01
-8.526478048921268282e+01
-8.534222352326281680e+01
-8.541970171075556095e+01
-8.549721505169091529e+01
-8.557476354606886559e+01
-8.565234719388942608e+01
-8.572996599515258254e+01
-8.580761994985833496e+01
-8.588530905800668336e+01
-8.596303331959764193e+01
-1.045269420753066356e+02
-1.046214510645248055e+02
-1.047160027600191796e+02
-1.048105971617897438e+02
-1.049052342698365123e+02
-1.049999140841594709e+02
-1.050946366047586196e+02
-1.051894018316339583e+02
-1.052842097647855013e+02
-1.053790604042132486e+02
-1.054739537499171718e+02
-1.055688898018972992e+02
-1.056638685601536167e+02
-1.057588900246861243e+02
-1.058539541954948220e+02
-1.059490610725797382e+02
-1.060442106559408302e+02
-1.061394029455781123e+02
-1.062346379414915987e+02
-1.063299156436812893e+02
-1.064252360521471559e+02
-1.065205991668892267e+02
-1.066160049879074734e+02
-1.067114535152019386e+02
-1.068069447487725796e+02
-1.069024786886194391e+02
-1.069980553347424745e+02
-1.070936746871417142e+02
-1.071893367458171440e+02
-1.072850415107687638e+02
-1.073807889819965737e+02
-1.074765791595005879e+02
-1.075724120432807922e+02
-1.031538788829982849e+02
-1.032457754343417093e+02
-1.033377129013357916e+02
-1.034296912839804889e+02
-1.035217105822758441e+02
-1.036137707962218428e+02
-1.037058719258184851e+02
-1.037980139710657710e+02
-1.038901969319637004e+02
-1.039824208085122734e+02
-1.040746856007114758e+02
-1.041669913085613359e+02
-1.042593379320618396e+02
-1.043517254712129869e+02
-1.044441539260147493e+02
-1.045366232964671838e+02
-1.046291335825702475e+02
-1.047216847843239691e+02
-1.048142769017283200e+02
-1.049069099347833145e+02
-1.049995838834889526e+02
-1.050922987478452342e+02
-1.051850545278521594e+02
-1.052778512235097281e+02
-1.053706888348179405e+02
-1.054635673617767964e+02
-1.055564868043862816e+02
-1.056494471626464247e+02
-1.057424484365571971e+02
-1.058354906261186272e+02
-1.059285737313306868e+02
-1.060216977521934041e+02
-1.061148626887067508e+02
-9.093861054706844982e+01
-9.101845129381740662e+01
-9.109832707380319050e+01
-9.117823788702584409e+01
-9.125818373348529633e+01
-9.133816461318161828e+01
-9.141818052611475309e+01
-9.149823147228472919e+01
-9.157831745169154658e+01
-9.165843846433519104e+01
-9.173859451021567679e+01
-9.181878558933300383e+01
-9.189901170168715794e+01
-9.197927284727815334e+01
-9.205956902610599002e+01
-9.213990023817063957e+01
-9.222026648347214461e+01
-9.230066776201049095e+01
-9.238110407378565014e+01
-9.246157541879766484e+01
-9.254208179704650661e+01
-9.262262320853218966e+01
-9.270319965325469980e+01
-9.278381113121405122e+01
-9.286445764241024392e+01
-9.294513918684327791e+01
-9.302585576451312477e+01
-9.310660737541981291e+01
-9.318739401956335655e+01
-9.326821569694372727e+01
-9.334907240756092506e+01
-9.342996415141496414e+01
-9.351089092850584450e+01
-7.604587251168796058e+01
-7.611168460386598156e+01
-7.617752516148176767e+01
-7.624339418453537576e+01
-7.630929167302674898e+01
-7.637521762695594418e+01
-7.644117204632291873e+01
-7.650715493112768684e+01
-7.657316628137024850e+01
-7.663920609705058951e+01
-7.670527437816873828e+01
-7.677137112472468061e+01
-7.683749633671841650e+01
-7.690365001414994595e+01
-7.696983215701926895e+01
-7.703604276532637130e+01
-7.710228183907128141e+01
-7.716854937825398508e+01
-7.723484538287448231e+01
-7.730116985293275889e+01
-7.736752278842884323e+01
-7.743390418936272113e+01
-7.750031405573437837e+01
-7.756675238754384338e+01
-7.763321918479108774e+01
-7.769971444747613987e+01
-7.776623817559898555e+01
-7.783279036915961058e+01
-7.789937102815804337e+01
-7.796598015259425551e+01
-7.803261774246827542e+01
-7.809928379778007468e+01
-7.816597831852966749e+01
-6.124242170787406536e+01
-6.129467633390466830e+01
-6.134695324335789479e+01
-6.139925243623373063e+01
-6.145157391253218293e+01
-6.150391767225325168e+01
-6.155628371539692978e+01
-6.160867204196323144e+01
-6.166108265195214244e+01
-6.171351554536366280e+01
-6.176597072219779960e+01
-6.181844818245455286e+01
-6.187094792613391547e+01
-6.192346995323589454e+01
-6.197601426376049005e+01
-6.202858085770770202e+01
-6.208116973507753045e+01
-6.213378089586996822e+01
-6.218641434008502245e+01
-6.223907006772268602e+01
-6.229174807878296605e+01
-6.234444837326586253e+01
-6.239717095117137546e+01
-6.244991581249950485e+01
-6.250268295725024359e+01
-6.255547238542359167e+01
-6.260828409701955621e+01
-6.266111809203813721e+01
-6.271397437047934176e+01
-6.276685293234314855e+01
-6.281975377762957180e+01
-6.287267690633861150e+01
-6.292562231847026766e+01
-6.526547223389553665e+01
-6.532038638806793074e+01
-6.537532363481987829e+01
-6.543028397415137931e+01
-6.548526740606243379e+01
-6.554027393055304174e+01
-6.559530354762318893e+01
-6.565035625727288959e+01
-6.570543205950215793e+01
-6.576053095431096551e+01
-6.581565294169931235e+01
-6.587079802166722686e+01
-6.592596619421468063e+01
-6.598115745934168785e+01
-6.603637181704826276e+01
-6.609160926733437691e+01
-6.614686981020003032e+01
-6.620215344564525140e+01
-6.625746017367001173e+01
-6.631278999427433973e+01
-6.636814290745819278e+01
-6.642351891322162771e+01
-6.647891801156460190e+01
-6.653434020248711533e+01
-6.658978548598918223e+01
-6.664525386207080260e+01
-6.670074533073199063e+01
-6.675625989197270371e+01
-6.681179754579298447e+01
-6.686735829219281868e+01
-6.692294213117219215e+01
-6.697854906273111908e+01
-6.703417908686959947e+01
-5.723413114630880472e+01
-5.728162835057960223e+01
-5.732914525505955083e+01
-5.737668185974865764e+01
-5.742423816464691555e+01
-5.747181416975432455e+01
-5.751940987507089176e+01
-5.756702528059661006e+01
-5.761466038633148656e+01
-5.766231519227552127e+01
-5.770998969842870707e+01
-5.775768390479103687e+01
-5.780539781136253197e+01
-5.785313141814317817e+01
-5.790088472513298257e+01
-5.794865773233193806e+01
-5.799645043974004466e+01
-5.804426284735730235e+01
-5.809209495518372535e+01
-5.813994676321929234e+01
-5.818781827146402463e+01
-5.823570947991790092e+01
-5.828362038858093541e+01
-5.833155099745312100e+01
-5.837950130653446479e+01
-5.842747131582496678e+01
-5.847546102532461276e+01
-5.852347043503342405e+01
-5.857149954495137933e+01
-5.861954835507849282e+01
-5.866761686541475740e+01
-5.871570507596018018e+01
-5.876381298671475406e+01
-6.260067876007446586e+01
-6.265192778075402202e+01
-6.270319777075464174e+01
-6.275448873007631789e+01
-6.280580065871906470e+01
-6.285713355668286795e+01
-6.290848742396774185e+01
-6.295986226057367219e+01
-6.301125806650068029e+01
-6.306267484174873772e+01
-6.311411258631786581e+01
-6.316557130020805744e+01
-6.321705098341931262e+01
-6.326855163595162423e+01
-6.332007325780500651e+01
-6.337161584897945232e+01
-6.342317940947495458e+01
-6.347476393929152749e+01
-6.352636943842917105e+01
-6.357799590688786395e+01
-6.362964334466763461e+01
-6.368131175176845460e+01
-6.373300112819034524e+01
-6.378471147393329943e+01
-6.383644278899731717e+01
-6.388819507338239845e+01
-6.393996832708854328e+01
-6.399176255011575165e+01
-6.404357774246402357e+01
-6.409541390413335193e+01
-6.414727103512375095e+01
-6.419914913543522061e+01
-6.425104820506774672e+01
-5.052489218636005575e+01
-5.056570389248797426e+01
-5.060653207487996497e+01
-5.064737673353604919e+01
-5.068823786845619850e+01
-5.072911547964044132e+01
-5.077000956708876345e+01
-5.081092013080115777e+01
-5.085184717077764560e+01
-5.089279068701820563e+01
-5.093375067952284496e+01
-5.097472714829157070e+01
-5.101572009332436863e+01
-5.105672951462126008e+01
-5.109775541218222372e+01
-5.113879778600726667e+01
-5.117985663609639602e+01
-5.122093196244960467e+01
-5.126202376506689262e+01
-5.130313204394825988e+01
-5.134425679909371354e+01
-5.138539803050323940e+01
-5.142655573817685166e+01
-5.146772992211454323e+01
-5.150892058231632120e+01
-5.155012771878216427e+01
-5.159135133151210084e+01
-5.163259142050611672e+01
-5.167384798576421190e+01
-5.171512102728638638e+01
-5.175641054507264016e+01
-5.179771653912298035e+01
-5.183903900943739984e+01
