8.868058461334725473e-03
1.640703065536068886e-02
1.986847256590916488e-02
3.384856615437530081e-02
4.846192754480254522e-02
6.671289644834600685e-02
9.127200663581364060e-02
1.152093019027629756e-01
1.553388865252438300e-01
1.731292104181297031e-01
1.810936061863830104e-01
2.431641012821802728e-01
2.567166296904728751e-01
3.130626812773648071e-01
6.135352224937687948e-01
6.839814321054243917e-01
8.343933685406534906e-01
9.544267071143834880e-01
1.114337787189088713e+00
1.235014388866618296e+00
1.285640124563856679e+00
1.426489301180638547e+00
1.357755304596807377e+00
1.571025180982171143e+00
1.847762805899959782e+00
2.189867006848283726e+00
2.737338107746973392e+00
3.364819558347462269e+00
4.190140217017817470e+00
4.408900473051146740e+00
5.427587915904167559e+00
6.058063061830524454e+00
6.531169501179923564e+00
7.025355860958023335e+00
7.155532589541918398e+00
6.861601672450286848e+00
5.653051221636689050e+00
3.539477704094518007e+00
2.375529174354471973e+00
4.282328391329241757e-02
-3.149131474557217647e+00
-6.919478090352403576e+00
-1.032308419122862730e+01
-1.423268526122782163e+01
-2.032891433483412413e+01
-2.763244693931921958e+01
-3.201200900299063079e+01
-4.129194634382766793e+01
-4.862349097926016839e+01
-5.237572683691438868e+01
-6.033628460190276854e+01
-6.584068146837036295e+01
-6.888847200816375960e+01
-7.525857474885935972e+01
-7.671130035648496914e+01
-7.437271012043542839e+01
-7.654694023060885399e+01
-7.617324963504093205e+01
-7.687326389398938886e+01
-7.675354433352772787e+01
-7.568332836231957117e+01
-7.798323779210716111e+01
-7.775904531348258786e+01
-8.179858782367189463e+01
-8.498832014316798222e+01
-8.718156404986167729e+01
-9.275148391562058237e+01
-9.642521179576596069e+01
-9.949102605829075685e+01
-1.018856891686952082e+02
-1.019004207618177702e+02
-1.025144513804674773e+02
-1.100190933057500757e+02
-1.111064772518342494e+02
-1.192170728867421161e+02
-1.264988806915357173e+02
-1.179041976734652906e+02
-1.189619997274339340e+02
-1.076738444516481792e+02
-8.420310248510928375e+01
-5.958399559633966902e+01
-4.620540825678148167e+01
-2.927815500995430398e+01
-5.173550781520089181e+00
9.001128197349915538e+00
2.844918528329920804e+01
4.322650472344123074e+01
7.170276610820499741e+01
7.705416789758599805e+01
8.295990596354690183e+01
8.642290545309816707e+01
8.607112080421453015e+01
9.429695898550394872e+01
8.371334042301941736e+01
7.053064655399127503e+01
5.994258315821028305e+01
5.528497185317786489e+01
3.367185873250423356e+01
1.974509504648196767e+01
-3.071961634148630438e+00
-4.488104672366149295e+00
-4.683252806284884429e+01
-5.659766918910924005e+01
-7.830235938307491494e+01
-1.116610029893254534e+02
-1.418736006762476904e+02
-1.755838223174736470e+02
-2.333918632799167767e+02
-2.601063915649456817e+02
-3.335155479434333756e+02
-3.988704645383701859e+02
-4.327380922769819449e+02
-5.231693460139656509e+02
-5.564209481903474170e+02
-6.266516642397298256e+02
-6.523432340675566365e+02
-6.901628429680196177e+02
-6.484748067895686745e+02
-6.278508629695172658e+02
-6.103361671465211202e+02
-5.413077629677028426e+02
-4.909526885885115348e+02
-4.500643407898353416e+02
-4.182274095114527768e+02
-4.019504602663221817e+02
-3.625065085183392171e+02
-3.073884949085726817e+02
-2.896518701362716683e+02
-2.885746568075642244e+02
-2.763024660007542366e+02
-2.819148751349845838e+02
-2.853541191371739956e+02
-2.828520562092231216e+02
-2.775965779279538310e+02
-3.166476234856801284e+02
-4.179162520405993178e+02
-4.323192704507532085e+02
-4.886039641214509288e+02
-5.646533051999160762e+02
-5.870028679613170652e+02
-6.556327609892779265e+02
-6.710540061829507295e+02
-7.204285919335428616e+02
-7.477288379261671025e+02
-7.133104465646715653e+02
-6.856165801531527677e+02
-5.776461242869239641e+02
-4.953480473668719242e+02
-4.040291408009660472e+02
-2.395468709205657092e+02
-7.034548795372843699e+01
1.135587484327768095e+02
3.798226525730689787e+02
5.967763055356936093e+02
6.793196750410305640e+02
8.429338458369201135e+02
1.000563556027099594e+03
1.065975483617518648e+03
1.205968955691438623e+03
1.236228391477804962e+03
1.315377469964584407e+03
1.446788342568753933e+03
1.501981309817946794e+03
1.509615581538486140e+03
1.495833629539681624e+03
1.539028845847738467e+03
1.491787226905307762e+03
1.374590907525839157e+03
1.323269413690900592e+03
1.217262745953537660e+03
2.072535568237181451e+03
1.324372166998675539e+03
4.589606548227081930e+02
-3.361820655419645050e+02
-8.971393233906857176e+02
-1.260437598387132539e+03
-1.364364573103754537e+03
-1.387227177804837538e+03
-1.054691786636925372e+03
-4.021096402144040667e+02
6.057893429861467212e+02
1.439972711836026974e+03
2.016525390033164513e+03
2.551931837493321382e+03
2.559704291612138604e+03
2.588056883976834342e+03
2.358713183676026802e+03
1.990852394001965877e+03
1.714348556566225170e+03
7.897402127928958180e+02
1.397031017945303688e+02
-2.622632943635969696e+02
-8.451996499698802836e+02
-1.199783195863538367e+03
-7.692737607735243728e+02
-5.322339358403332881e+02
-2.075737165299221942e+01
3.161691912094433405e+02
1.139829755172661862e+03
9.872462522274043977e+02
2.682586135632935111e+03
2.423084494519499913e+03
1.428191502204151675e+03
4.080939867842413378e+02
-1.063362190123250002e+03
-1.681296878745839877e+03
-2.236558689030209734e+03
-2.128600704018360830e+03
-1.976877656098569560e+03
-1.655514561688800541e+03
-1.344103943771589229e+03
-1.448288743726468056e+03
-1.174701082541810592e+03
-1.273306130582723199e+03
-9.741005723478272103e+02
-7.472053893506537189e-03
-6.551156059315244029e-01
-6.177802839841156635e-01
-2.334100883134227478e-01
-4.849817802926534860e-01
-1.066397067846411195e+00
-1.899051798480024589e+00
-1.364510682099029593e+00
-5.576631099084762289e-01
-7.626688726475898683e-01
-2.135656148957625788e+00
-4.344855662766994864e-01
-1.105229757108897815e+00
1.397485942517184554e-01
-1.561110216035695109e+00
-1.164633007870612191e+00
2.332294056778290159e+00
2.381200518570486313e+00
-8.476643961311535191e-01
-6.446079183865615292e+00
-1.510563548144699730e+01
-2.299641232929441159e+01
-3.838208874753821931e+01
-5.314741987794835865e+01
-6.543915526245787362e+01
-8.959217780439476542e+01
-9.211117431874698980e+01
-1.088783821051826379e+02
-1.152561651062623298e+02
-1.051146872256569509e+02
-8.254654332465636912e+01
-6.281708115703013817e+01
-1.381545482586394691e+01
3.562250864504864012e+01
9.301567310706974467e+01
1.645471802956500085e+02
2.532081875596409475e+02
3.236502253060145335e+02
4.053050735718055648e+02
4.780242549768435083e+02
5.549445870016801337e+02
6.278202211766426899e+02
6.865623602159402026e+02
7.325845628091816479e+02
7.543869723811160384e+02
7.775014865942250708e+02
7.801238443670285960e+02
7.655893662945002234e+02
7.429373528754006202e+02
6.771206275795641432e+02
6.117258198806922564e+02
5.598456753619534538e+02
4.842342767952767417e+02
3.897740239372496376e+02
3.416368631781139129e+02
3.168777423093853827e+02
2.510802539078041775e+02
2.574769286272796194e+02
2.545269850391556758e+02
2.303095591750378048e+02
2.590171734282251919e+02
2.735844534291871923e+02
2.696794301143613097e+02
3.144076527840837798e+02
2.988205212871149570e+02
2.478785418333134487e+02
2.674151345803195454e+02
2.207476600132768283e+02
1.861984697178643557e+02
1.481647316100942362e+02
1.306036491147851279e+02
8.408641611926547910e+01
4.599369389116179718e+01
2.916451709089369260e+01
-2.990251369810178872e+01
-5.214492271577663729e+01
-9.828477359644148237e+01
-9.604081363655900816e+01
-1.812417381417210152e+02
-1.773805808775318269e+02
-7.508611846836663517e+01
4.252423303725495174e+01
7.333547291529777112e+01
2.983175434159088013e+02
3.782180037711328850e+02
6.591449898181544995e+02
8.989831810087916892e+02
1.099174128629303368e+03
1.341141888869579816e+03
1.535519236374728052e+03
1.611649490582925182e+03
1.815194724045153180e+03
1.921871461235299194e+03
1.919491399996558812e+03
2.002396472291097098e+03
1.950340367971378782e+03
2.064827244480125046e+03
1.961982736413004204e+03
1.993592193375352281e+03
2.042221629284270875e+03
2.029560565214559347e+03
2.255965139390451441e+03
2.099737650741964899e+03
2.176239026196007217e+03
2.222791401657671486e+03
2.223654835092795565e+03
2.285819240548444668e+03
2.230827644832211718e+03
2.275683268963367937e+03
2.280587093493960765e+03
2.294670939711392293e+03
2.248848827912402612e+03
2.096811685305443461e+03
1.843667053715098973e+03
1.429770228741687561e+03
1.284941592508933809e+03
1.239279315379686750e+03
1.237780157634578472e+03
1.171453601609560110e+03
1.117812252770660734e+03
1.282751924001674070e+03
1.325646678344004158e+03
1.359063535307031316e+03
1.549637738884742930e+03
1.573037355548050755e+03
1.688618987848855568e+03
1.689846148400893298e+03
1.794448239910143457e+03
1.995387870973540430e+03
1.927976123913337460e+03
1.932648253757274006e+03
1.997628924369613742e+03
2.062461118397463451e+03
2.048695724827194226e+03
2.020962140930499572e+03
1.964310463543392643e+03
1.759014629332732056e+03
1.706916378690718602e+03
1.723981442753844476e+03
1.546749648888346883e+03
1.419952067135660400e+03
1.436679804815317311e+03
1.165775906940816867e+03
1.143134715572422920e+03
1.101167195309587214e+03
8.208428769379877394e+02
9.206175486836840491e+02
7.458046299483988832e+02
7.030536076279970530e+02
5.827777575065260862e+02
6.950379185775465203e+02
6.884179383202972531e+02
8.785148041375045977e+02
1.021662967077784288e+03
1.062185615801386803e+03
1.172871129297974903e+03
1.363614908148958875e+03
1.523625816242732526e+03
1.603986015818313263e+03
1.670817759391209393e+03
1.834358955520929385e+03
1.923621456687196087e+03
1.961267030046584523e+03
1.897051733010887574e+03
2.019291339033640497e+03
2.132759690043593764e+03
2.058901873220226207e+03
2.325125914106331038e+03
2.111864746179449867e+03
2.042719580864288218e+03
3.916197849989827773e+03
3.788466477786992073e+03
3.419032139017344434e+03
3.167875309306594772e+03
2.529791184936167610e+03
2.047979531069779568e+03
1.416465921679457324e+03
1.183988116386793536e+03
3.962928700633544850e+02
4.218990065819741062e+02
6.900087258403710848e+02
6.057865197748711807e+02
1.036838246555451633e+03
1.051498388623565234e+03
1.052584699096343229e+03
1.219180504598679590e+03
1.153357007478286732e+03
1.317734950002349933e+03
1.207481938649476206e+03
1.060908775213928038e+03
9.735507627759358229e+02
7.678757193634487521e+02
7.007282811448820894e+02
3.820770440219108650e+02
4.421844266821475458e+02
2.446462903599075673e+02
4.855006304751063340e+01
-1.292001438489258760e+02
1.490470019764690335e+02
-1.135289143411896573e+00
1.343107223011196005e+01
-3.419898922794935903e+00
5.936958199424597460e+00
2.131049776714779398e+01
2.539059045763205802e+01
3.001755799874444719e+01
1.950538660016944803e+01
7.026552577453587745e+00
3.653924458987911095e+01
3.205564857002764256e+01
6.680814407772201946e+01
6.231299453746328965e+01
5.189997545621725550e+01
1.540352509112303778e+02
1.497444725782773105e+02
1.757918278176172464e+02
2.933941947620348287e+02
2.510426652376009429e+02
2.769650251980334588e+02
2.549737197504819335e+02
1.675968674084400618e+02
5.712719635835429521e+00
-1.554672267215592001e+02
-1.698651848619808220e+02
-6.674680229807710248e+02
-9.856849004909901169e+02
-1.085825017619072014e+03
-1.494098584984586068e+03
-2.145642562041477504e+03
-2.664673875656038035e+03
-3.294992530819977219e+03
-3.754180429060444567e+03
-4.152257416033047775e+03
-4.522698362598834137e+03
-4.725600705818236747e+03
-5.039944623172698812e+03
-5.099359100523284724e+03
-5.161701243568190876e+03
-4.899967481346827299e+03
-4.904110233556539242e+03
-4.688432867160150636e+03
-4.308702527656246275e+03
-4.102114119698401737e+03
-3.630001597144158040e+03
-3.334489439072489859e+03
-3.012446985643052813e+03
-2.740153572789367900e+03
-2.361756140280408999e+03
-2.264565343253319043e+03
-2.171966079015025116e+03
-2.075454005447392319e+03
-2.088491351815006965e+03
-2.030125044096574811e+03
-2.168195821191638515e+03
-2.208814613973004271e+03
-2.344327643543600516e+03
-2.270662756214054298e+03
-2.279606714117669981e+03
-3.177539977687873034e+03
-2.974277066256701346e+03
-3.046038195483131403e+03
-3.088509399745549672e+03
-2.909446540295805789e+03
-3.162122771952104358e+03
-3.245101971692337429e+03
-3.224582073275404127e+03
-2.964490936481020981e+03
-3.493366359784597535e+03
-3.551569170077299987e+03
-3.596097011938906235e+03
-3.812362972073848141e+03
-3.749143336583828386e+03
-4.026838677180670857e+03
-3.846607738506346323e+03
-4.241329007546190041e+03
-4.235152392235609113e+03
-4.407725394917237281e+03
-4.533715930360341190e+03
-4.806259833677909228e+03
-4.801590928705617443e+03
-4.912397917545419659e+03
-5.037956874842140678e+03
-4.697520114504355661e+03
-4.636973914933442757e+03
-4.337807953165151957e+03
-4.032532811551680879e+03
-3.521057376081305392e+03
-3.173867162886056121e+03
-2.977756860102870633e+03
-2.507645318411121480e+03
-2.087054407138393344e+03
-1.811851590007061986e+03
-1.788353724972081409e+03
-1.390378037769644379e+03
-1.400421645190642266e+03
-1.061177083548479231e+03
-1.238912259546201085e+03
-1.148650818503276241e+03
-1.063604602728334385e+03
-1.297414348769251774e+03
-1.217876403932953735e+03
-1.162492820728474271e+03
-1.319735702089948973e+03
-1.527181621492737349e+03
-1.368986493261080795e+03
-1.663791260968112056e+03
-1.571674377004344706e+03
-1.613350387972244334e+03
-1.621673178904339693e+03
-1.550275665178115105e+03
-1.693041082035052113e+03
-1.512209531834694189e+03
-1.626608955439420924e+03
-1.288617635694517048e+03
-1.341319392907484371e+03
-1.067127757089966735e+03
-1.176744164308051495e+03
-1.173326633806487280e+03
-1.121364202585248449e+03
-1.067063522156634917e+03
-8.836243067066626509e+02
-8.463262543763988788e+02
-5.876937930660360507e+02
-6.154667000523851357e+02
-6.021608599596256681e+02
-3.181947063765400117e+02
-5.274069581893661507e+02
-3.075399976682317629e+02
-1.274732035145251245e+02
-1.636915404515122248e+02
-2.589494401040897742e+02
-2.179609928343831768e+02
-6.684355018531363157e+01
-4.167590757249828926e+01
4.159306813818747628e+01
-5.299251619432647686e+01
1.309790274872888745e+02
1.111662579990037472e+02
6.188410876131075611e+01
9.497011094269238640e+01
1.553896677559598913e+02
9.639288119214788253e+01
-8.569639173534714871e+01
-8.351846658060095763e+01
-1.265258694105321702e+01
-3.260534557746125728e+01
-1.002484882684480425e+02
-2.413907069896453095e+02
-1.995913191157260087e+02
-1.275218111609331686e+02
-1.787358056280669700e+02
-2.492178942063175953e+02
-1.345908523428969659e+02
-2.824818852991049312e+02
-7.954489363166365479e+01
-1.743526591798724326e+02
-1.199272283423659147e+01
-1.700310031345883885e+02
-4.148309894348937377e+01
-1.336732758822453775e+02
2.181970451233675945e+01
6.043548656976722810e+01
-2.168656156090231946e+01
1.248296737715501479e+02
3.576023560546770597e+01
1.210417405733115892e+01
2.621809764722204505e+01
9.940676622878312685e+01
1.487168587740759733e+02
2.499356601241939018e+02
9.897031870051405633e+01
1.489649294587728434e+02
3.448271143184262399e+01
1.659939211794654454e+02
2.560922490174459085e+02
1.825288057250034228e+02
8.558899912946462507e+01
7.355452890494836993e+01
-4.276188684397645545e+00
2.409237915366727023e+01
-3.355181233016711673e+01
5.568274537710861694e+01
-3.610927170764028915e+01
-3.236842786962850216e+00
8.550761738817256230e+01
1.991040578288535556e+01
6.954400231776450880e+01
-1.830082353930035266e+00
1.475872410752561734e+02
3.788472246700987967e+01
7.361946848070988381e+01
3.806069671865794390e+01
1.017247312495243250e+02
7.272775290702051620e+01
1.220209896524051452e+01
-1.449267047108952333e+01
2.735726585954838086e+00
-9.399401186049519907e+00
