8.231938966492394205e-03
1.285572099722001940e-02
2.878469972604822194e-02
3.629403532264333793e-02
4.856932886845610059e-02
6.888758722208276897e-02
8.220885117696025146e-02
1.124838413543254173e-01
1.033045143550360145e-01
1.376154854357949375e-01
1.742673928253027638e-01
2.045227237116871155e-01
2.374091049121719588e-01
2.591730831985095684e-01
5.531879139726288974e-01
7.283270044068489435e-01
7.786595857116703767e-01
9.532131525158221708e-01
9.860913019638027910e-01
1.111473310361541733e+00
1.301384627403377348e+00
1.413790062463987640e+00
1.438226803537622001e+00
1.688591816378823385e+00
1.896063714059741390e+00
2.354567969294036001e+00
2.697530902339570602e+00
3.241396926954944302e+00
3.946533792980253086e+00
4.721702394333393116e+00
5.452269876178803543e+00
6.282667726730245761e+00
6.838528195432237666e+00
7.234531341303327423e+00
6.885222594078171277e+00
6.716119077064773180e+00
5.406999770416838658e+00
4.105082611577233642e+00
2.031271719075502968e+00
-2.808075159737417614e-01
-2.846599868441031411e+00
-6.163381612790135300e+00
-1.004828499969114652e+01
-1.435118675172556379e+01
-2.067301746747358848e+01
-2.794314912966945030e+01
-3.332871022300310671e+01
-4.260308753002291837e+01
-5.074121810515315190e+01
-5.663725214721270618e+01
-6.216640102856825223e+01
-7.017029737812853796e+01
-7.453279310345322983e+01
-7.514313543827068997e+01
-7.718578798776674432e+01
-7.936380316532860490e+01
-8.074949643182509362e+01
-7.946786862456607992e+01
-7.928175733661697677e+01
-7.839635462946360178e+01
-7.938048454012711375e+01
-7.950506125312364247e+01
-8.456693872618427577e+01
-8.610422638667566275e+01
-8.692262434861754627e+01
-9.297120468026272988e+01
-9.569713947395322862e+01
-9.647725442829597853e+01
-9.906249135972770148e+01
-1.072078312228808841e+02
-1.032072564054414556e+02
-1.062996856070233207e+02
-1.118933731971323482e+02
-1.158146151275520737e+02
-1.163274824920971184e+02
-1.218105068438428447e+02
-1.221435471352020841e+02
-1.131975308189297920e+02
-1.035705642342987431e+02
-9.138338465403084854e+01
-7.588149176454722067e+01
-5.783786327073721623e+01
-3.945054538151745760e+01
-7.554266899393687673e+00
1.736882220861123827e+01
3.969231486289383071e+01
5.812912180063567291e+01
7.285833999653117132e+01
8.656054940844090595e+01
9.203198464743601903e+01
1.006749863809264696e+02
9.831383596719007301e+01
8.918154771639112255e+01
7.546091112273525425e+01
6.338020638458424827e+01
4.735319231094593562e+01
3.342434199353972701e+01
2.146131148656623111e+01
1.341234237893388581e+01
4.707607729681257069e+00
-2.550403169435991302e+01
-4.696175568515985788e+01
-5.196219721675497993e+01
-7.984363306128055626e+01
-1.134967185211662155e+02
-1.684146883806022288e+02
-2.034374549526743010e+02
-2.750749925030718259e+02
-3.112717036636448142e+02
-3.602193603058398139e+02
-4.246898586247394292e+02
-4.777012993906655538e+02
-5.334092808025518480e+02
-5.867160547357789255e+02
-6.482444581241142032e+02
-6.744799118807846980e+02
-6.551601253947202395e+02
-6.512124301084746776e+02
-6.187305912809073334e+02
-5.776683019684650162e+02
-5.161925507174305494e+02
-4.922000740426101970e+02
-4.505872952455617337e+02
-4.096751736059775340e+02
-3.808904486552154367e+02
-3.411683910094789667e+02
-3.082774153789006846e+02
-2.994805864277632850e+02
-2.645768986562794112e+02
-3.066160219992256089e+02
-2.666592682387991999e+02
-2.966492500296066623e+02
-3.538600667012443637e+02
-3.524264468647076001e+02
-4.123818497499908062e+02
-4.386596664360984619e+02
-4.967455545966289492e+02
-5.686829099650454964e+02
-6.064662250170139259e+02
-7.145758068423822351e+02
-7.635300553965727204e+02
-7.771368158872732010e+02
-8.632112522061981963e+02
-8.538471175019453767e+02
-8.384505844501828733e+02
-7.904753970071576532e+02
-7.188856377727807967e+02
-5.453760814775545214e+02
-4.643342517641218024e+02
-2.180353304118837912e+02
-4.412759997881843788e+01
1.370961042065036395e+02
3.451913367772174865e+02
5.862999916330884389e+02
7.749101473297597522e+02
8.663643338477901352e+02
1.004522162543800391e+03
1.161106677881191899e+03
1.249484120840092146e+03
1.329356794998540181e+03
1.448736353198898087e+03
1.547800974734146166e+03
1.543202520900268155e+03
1.550777103020560389e+03
1.542080056033183610e+03
1.583511638471579090e+03
1.627240694125907794e+03
1.602332818048691479e+03
1.450891953227903059e+03
1.477619386093069807e+03
2.415471015825889936e+03
1.857387193940403222e+03
1.058567477808448984e+03
2.551021956613227246e+02
-4.180761598203355902e+02
-1.290176430719362770e+03
-1.484627001777874511e+03
-1.291232780659298669e+03
-8.325463347108344578e+02
-2.480272357852537937e+02
6.591112685759476335e+02
9.978077523990580175e+02
1.815942558459766133e+03
2.282691201264363826e+03
2.400427543628498825e+03
2.501219021608682397e+03
2.259804838679388467e+03
1.841724504724089911e+03
1.355543426769108692e+03
6.602656598522379454e+02
1.621651928520725150e+01
-6.450622528087146748e+02
-7.458238136051157881e+02
-1.150033934935037905e+03
-9.179138887082310703e+02
-8.602262398200030020e+02
-3.534647970613891630e+02
3.230239320959566953e+02
8.968740025945886600e+02
8.781189426005197447e+02
2.777689552453463875e+03
2.619716056734607264e+03
1.748593671933331507e+03
5.044124941692208495e+02
-8.871764794303404642e+02
-1.867665910312682399e+03
-2.214412077971567214e+03
-2.335194467537916353e+03
-1.825787735208990853e+03
-1.361718477460521854e+03
-1.369622860615277432e+03
-1.447814368330493153e+03
-1.298392059507432123e+03
-1.376269027640225204e+03
-1.196493517433610805e+03
-5.023802357892971360e-01
-1.025132634081486804e+00
-1.621461238315164533e+00
-9.772420860938216824e-01
-1.053965635099051834e+00
-2.866037826061542115e-01
-2.083647121154503346e+00
-1.686770766089779272e+00
-1.886178108966218181e+00
2.857813698726760498e-01
-2.666326676090665648e-01
-1.162017216444080958e+00
1.467481515972034689e+00
-2.762193706309872265e+00
-1.429152077087665118e+00
4.291946455541015837e+00
1.320077584719871015e-02
2.269614445852083051e+00
-4.985001687753999988e+00
-7.152627787303405427e+00
-9.421435377017948198e+00
-1.655065475944611819e+01
-3.444081316593209863e+01
-4.475616278378905832e+01
-6.160570333298434065e+01
-8.300802765818087892e+01
-9.727619875931495130e+01
-1.013764874614346496e+02
-1.148592508093665572e+02
-1.079265892704532916e+02
-8.309238411690940040e+01
-6.485737083743525488e+01
-2.589900873229627365e+01
3.061534962652264014e+01
9.241610958178115709e+01
1.615586040254149793e+02
2.318000472965054257e+02
3.064953807995482293e+02
3.894066119151333965e+02
4.721672133413912888e+02
5.320602882574056594e+02
5.956209426822562136e+02
6.594821447688040053e+02
7.079397559293458926e+02
7.472367823767991695e+02
7.632338075129453046e+02
7.493715347955937887e+02
7.505153294993825739e+02
7.209672788449893233e+02
6.660813853958856043e+02
5.995128226321986631e+02
5.013080190619601808e+02
4.381793605160355014e+02
3.943404773027543797e+02
3.287711937149552455e+02
3.148349080857324225e+02
2.516060470964397666e+02
2.604101045057833517e+02
2.595604043982240228e+02
2.611992860573188864e+02
2.271581365741653258e+02
2.994218798796627539e+02
3.041744006317042022e+02
2.418342645849601240e+02
2.501850064479012303e+02
2.449501911647322174e+02
2.035710503649378609e+02
2.111304267544815048e+02
2.051893331817481965e+02
2.028516733736136075e+02
1.297403039488375782e+02
1.259748912340094762e+02
9.998392980457710166e+01
7.149743484077966116e+01
3.674678718146718204e+00
-3.430085106959118946e+01
-9.284940410050539583e+01
-1.274196463772989034e+02
-1.139439448357076117e+02
-1.360094493433830110e+02
-4.350212954913832419e+01
2.109375768499568338e+01
1.278909690749265593e+02
2.930780305417839031e+02
4.867295672724007431e+02
6.948531192164712138e+02
9.378164005436283333e+02
1.093609101360182194e+03
1.293700848144441352e+03
1.472416836425070187e+03
1.643432603422055308e+03
1.738874514601019428e+03
1.861598500983719987e+03
1.862553615568975374e+03
1.933254108139368327e+03
1.901991773408098425e+03
1.928890550110422964e+03
1.934647264622588409e+03
1.914396897730907540e+03
1.923549743804944001e+03
1.967164456899197148e+03
2.051840000004795911e+03
2.052827625135140352e+03
1.994026164065371177e+03
1.983786776632889769e+03
2.050613883208820425e+03
2.069541757535930174e+03
2.167253577581430363e+03
2.134607936517005783e+03
2.210097377358868471e+03
2.045944515725816473e+03
2.011233787203485917e+03
1.950129435496948190e+03
1.763171172997286703e+03
1.458051943294983857e+03
1.262998595807686343e+03
1.214244203227276557e+03
1.108848971752982607e+03
1.091764080625346423e+03
1.181050026438570058e+03
1.224557526280550064e+03
1.167667724404268711e+03
1.275450894152850879e+03
1.385682483160733227e+03
1.451519519062396512e+03
1.515308923873521735e+03
1.595950626877072409e+03
1.684938099695177698e+03
1.821070249317742082e+03
1.789611395717019150e+03
1.812731777127888790e+03
1.908179517550104720e+03
1.918130884534909228e+03
1.896626066795011184e+03
1.827115472991345314e+03
1.784066914367920390e+03
1.719188385324315277e+03
1.716359839830086457e+03
1.575825898756706465e+03
1.517868772264738254e+03
1.611119691437723532e+03
1.309780457548013146e+03
1.156045064143100035e+03
1.021293020197875308e+03
9.376825688553593636e+02
9.001795964432507162e+02
6.570677137456392529e+02
5.654555665522866548e+02
5.230256056036673726e+02
5.288563168092421165e+02
7.055183400542813388e+02
6.766929310029871658e+02
6.967552397126349888e+02
9.149361004481743294e+02
1.106140526666496044e+03
1.127413555091140552e+03
1.253051480737518887e+03
1.284021253822618974e+03
1.457649772871692448e+03
1.646772381728100072e+03
1.777760592905125122e+03
1.833463598569358510e+03
1.754032058674899417e+03
1.880686693188472191e+03
1.905181923359652501e+03
2.007273841119812687e+03
2.011757081953533316e+03
1.998047663393708035e+03
2.066235687347464591e+03
2.097931155246956678e+03
3.474209326564618550e+03
3.593291126354771222e+03
3.305420966712324571e+03
2.818409988024099675e+03
2.411546954151660884e+03
1.993555156843023724e+03
1.350652944804174012e+03
1.209670739588169681e+03
1.061220483225598173e+03
8.697402253654327069e+02
7.753689434379475642e+02
8.956855380949817800e+02
9.849812040402491675e+02
1.085816337765982780e+03
1.129515975843605929e+03
1.341029026152404413e+03
1.259800776443975337e+03
1.356701199268527262e+03
1.192870255201861937e+03
1.133465873137853123e+03
9.758680192264541802e+02
6.859857534847237730e+02
4.425494210490673481e+02
5.410159256379006365e+02
3.155565811355338042e+02
7.327208459979286204e+01
1.364349687210223010e+02
2.858829010495430012e+01
-6.473931526978455508e+01
4.262446029205662512e+01
7.088321714220812453e+01
7.934889372663522522e+01
7.875905969597148726e+01
6.220236383387476309e+01
8.592457019613605951e+01
7.690950124677071642e+01
9.647934632945339217e+01
9.765965667820078977e+01
1.350614144009300333e+02
9.458300302139075200e+01
1.183114040594225997e+02
1.434475875492063039e+02
8.320678246243730314e+01
1.944719390684561233e+02
2.778685882426617013e+02
1.819036527844962734e+02
2.971318867150312713e+02
2.461661355274119671e+02
2.543312320464771403e+02
2.420373274721312100e+02
2.269457194520008443e+02
1.937651835415248911e+02
1.045940723816940761e+02
-8.480220270559139806e+01
-4.285428429802065580e+02
-7.309764186726955586e+02
-1.007179905736837100e+03
-1.492368180277262809e+03
-1.965001823907901326e+03
-2.377920475294023618e+03
-2.878797030149293732e+03
-3.251748595432647107e+03
-3.856158718532806688e+03
-4.168646157251384466e+03
-4.573465946857550989e+03
-4.708035477563141285e+03
-4.846377055514099993e+03
-4.806878616459053774e+03
-4.848285307686384840e+03
-4.638156937338588250e+03
-4.424233890625676395e+03
-4.155714127307378476e+03
-3.954750138583518947e+03
-3.605233601803578040e+03
-3.312835679576059647e+03
-2.928962819840322027e+03
-2.587079432135752086e+03
-2.333355982631499046e+03
-2.145484658315480374e+03
-2.039247791560781479e+03
-1.987861537184224517e+03
-2.071731709873848558e+03
-2.036568558775566089e+03
-2.103379203821893498e+03
-2.056016395375209868e+03
-2.163697018816632863e+03
-1.990722918260085180e+03
-1.901212309930550191e+03
-2.848027815038335575e+03
-2.750090049617119348e+03
-2.658564829152430775e+03
-2.496154425478776375e+03
-2.756171855000291089e+03
-2.575666754266708267e+03
-2.968508652906932639e+03
-3.041394528714008629e+03
-3.082675590709165135e+03
-3.108391300497402881e+03
-3.432252727284383582e+03
-3.353013760339941200e+03
-3.454168204642696310e+03
-3.632429155660746346e+03
-3.807600020397064327e+03
-3.685550269526794636e+03
-3.869012954301634636e+03
-4.033706107218880334e+03
-4.253022677181049403e+03
-4.356844372071363978e+03
-4.530464072647144349e+03
-4.416974962186599441e+03
-4.667776069498529978e+03
-4.547820792978430291e+03
-4.392926999848106789e+03
-4.164397227438405025e+03
-3.990072063289143898e+03
-3.707688023769086158e+03
-3.418375452156021765e+03
-3.131387504431677826e+03
-2.721756731112060152e+03
-2.356350886626304145e+03
-2.063446308681269784e+03
-1.575719663950256518e+03
-1.351218032741505112e+03
-1.082477954521530137e+03
-1.298235503677039105e+03
-1.041836585480770736e+03
-8.611063677766411502e+02
-7.712005062011231757e+02
-9.574919525467377071e+02
-9.768186087852961919e+02
-1.059105591597499370e+03
-1.344891134997159497e+03
-1.150669244867632415e+03
-1.264735164710002891e+03
-1.385076455453842982e+03
-1.487374632267928519e+03
-1.450268778219581009e+03
-1.647872374513743807e+03
-1.489528144434223350e+03
-1.620225881655061812e+03
-1.481551960717715019e+03
-1.467135201713664856e+03
-1.331505860187073267e+03
-9.702511737113328536e+02
-1.101393416494782286e+03
-1.031394451613193496e+03
-9.514819000092473971e+02
-1.081656776640825683e+03
-8.142278168398556772e+02
-8.105380262693017812e+02
-8.801804094245943588e+02
-5.736613496920047055e+02
-7.283534594738671331e+02
-5.462136105545723694e+02
-6.549306500470131596e+02
-4.119789737189864240e+02
-3.792983126644767822e+02
-3.257014959933860609e+02
-2.841837226849584397e+01
-3.515683242255501568e+02
-1.175365823637997380e+02
6.103197861187404527e+01
-3.625575861121013332e+01
-9.063500711491825257e+01
4.683588162969524404e+01
4.986322327081975203e+01
1.338317794117725441e+02
1.085136300137317420e+02
1.133379222838456712e+02
3.780987784062239676e+00
1.870472629135671305e-01
-5.088241662639970286e+01
-7.056422862296058440e+01
-2.636224014464174203e+01
-8.068342439282137946e+01
-1.844490417602565557e+01
-8.143026072498221879e+01
-2.700236105900001462e+02
-6.657309337911871694e+01
-9.813237640053206690e+01
-1.633114114106955412e+02
-1.898000815498612042e+02
-1.515057900931988684e+02
-2.323396243251504814e+02
-1.283432891458140546e+02
-3.803698775087566020e+01
-1.485900543061247561e+02
-1.031156419726374622e+02
-1.441931200414049670e+02
-4.056118520834975527e+01
-7.150477969031442171e+00
-9.614083994654563980e+01
2.849109142433927389e+01
1.280119163839094085e+02
1.282983274225706225e+02
-2.477722934361425544e+01
1.748236165018825261e+01
1.056525024823756240e+02
6.920048432189231846e+01
2.229504336751552671e+02
2.039347260040242134e+02
1.951194919597330681e+02
6.997093480516760167e+01
1.530897651725113917e+02
2.024447247860619257e+02
1.406538885341728360e+02
5.687292601045469809e+01
2.189661572440399482e+02
-3.623307396740948150e+01
4.905987171563212712e+01
-6.498932439499148472e+01
-2.598316920413406095e+01
-1.000218725501802908e+02
2.322564398208263015e+01
9.296140945641280950e+01
-2.408222948679500419e+01
2.631495980125061607e+01
5.118835794118827209e+01
3.033121677888102496e+01
-3.678996125483116053e+00
8.475696945828279638e+01
6.064687192108380032e+01
1.489334290504115366e+01
9.154300327030610163e+01
5.340899841875592813e+01
2.803811889505609400e+01
-4.032176874449370985e+01
2.954011465451162266e+01
