2.407613346763511422e-03
2.351160160830185336e-02
1.053541199103690505e-02
2.067291161769157018e-02
3.578668193033489320e-02
4.912727675967380053e-02
7.970141817754045066e-02
9.889698305829432157e-02
1.234457714751280716e-01
1.603462326029795604e-01
1.796689864385212498e-01
2.291860337460235320e-01
2.702898085233932934e-01
3.277953195670546549e-01
3.717928341478305976e-01
4.251730006617076563e-01
8.709916854975231493e-01
1.041893598940597299e+00
1.226717692555266304e+00
1.447406784404682289e+00
1.608199689911036456e+00
1.899757022394017225e+00
2.127147354751653729e+00
2.359444944080125950e+00
2.579554019292511491e+00
2.940367436671360135e+00
3.176201769425972543e+00
3.702278262644167928e+00
4.055122008664802991e+00
4.484260174026542423e+00
5.012073902564726957e+00
5.707150887362851144e+00
6.591299602708860839e+00
7.436767986063719249e+00
8.459308916028971836e+00
9.393715127252178831e+00
1.057534257501246167e+01
1.191341673573901261e+01
1.302063424705800010e+01
1.363634544287062056e+01
1.482341535595803172e+01
1.579446905637285248e+01
1.584868296706662605e+01
1.381770979707691538e+01
1.036643212115874135e+01
3.700036300492199448e+00
-7.656838293699094855e+00
-2.395457313566103608e+01
-4.209665765742720112e+01
-6.589504065816470302e+01
-8.613384109538789346e+01
-1.051495168713971111e+02
-1.187998197781134024e+02
-1.306455673824576138e+02
-1.377693772516348076e+02
-1.373470773065490107e+02
-1.391647772316196665e+02
-1.381514215985350233e+02
-1.354024421212837410e+02
-1.324801409309606584e+02
-1.287133191039630162e+02
-1.272795610650425999e+02
-1.264065227115286092e+02
-1.278185197632824099e+02
-1.300022005585730938e+02
-1.310820255456997643e+02
-1.297871347118667416e+02
-1.365744463932184942e+02
-1.380154637861800211e+02
-1.420141055739773037e+02
-1.461117625428266535e+02
-1.534852269589937350e+02
-1.549500493702931578e+02
-1.588641597614014813e+02
-1.664087205468421189e+02
-1.715222064367004577e+02
-1.752514459244337957e+02
-1.809851856754980872e+02
-1.769678497472873744e+02
-1.686622333968317946e+02
-1.575076191908169392e+02
-1.425365144036417462e+02
-1.211493778990681847e+02
-1.061499580406183725e+02
-8.829889644469420773e+01
-6.811589350226583406e+01
-4.570424252681457489e+01
-2.935327811749911575e+01
-1.090283783534601980e+01
2.387591410555439886e+00
1.291739479205094732e+01
2.722945089767665294e+01
3.793899781445322361e+01
4.812400962533514104e+01
4.646582482779189149e+01
4.124100438579668548e+01
4.786932609211229561e+01
4.079466378054019060e+01
4.456971186872505086e+01
4.140542806741555637e+01
4.230285245203477018e+01
4.158170228059223206e+01
2.777678029544080829e+01
7.269095352758271567e+00
8.626329037346648354e-01
-2.369541494544054672e+01
-5.865267391905651806e+01
-1.208161272325265401e+02
-1.821712761237952805e+02
-2.745700103520999278e+02
-3.628153366961606139e+02
-4.432260437361738923e+02
-5.674005550407775900e+02
-6.867575048330998015e+02
-8.193312543296557351e+02
-9.022941235162439853e+02
-1.000635191961859391e+03
-1.086015276259361144e+03
-1.087682110753368079e+03
-1.090896118151029896e+03
-1.054403449317447439e+03
-9.917050774770700627e+02
-9.304020902442862280e+02
-8.690415484096995442e+02
-8.058713137016088695e+02
-7.336967243820595286e+02
-6.902265386034208632e+02
-6.374259510207776884e+02
-5.777881676542817786e+02
-5.269599595705842603e+02
-4.779504663049251008e+02
-5.105279046124631463e+02
-4.716161156949605697e+02
-4.797360738126619708e+02
-5.374881328786567565e+02
-5.399611931960772608e+02
-5.927444758046290190e+02
-6.474193049147995680e+02
-7.177611897891373474e+02
-8.000164088763788186e+02
-8.722609550191484686e+02
-9.915761769504604217e+02
-1.060018450297232221e+03
-1.119004650130838627e+03
-1.195563170847711262e+03
-1.233211108563534481e+03
-1.248952939925839019e+03
-1.160660641506179218e+03
-1.013926609168298455e+03
-8.356271571165258365e+02
-6.732028247814959059e+02
-3.664197035449683995e+02
-1.012599386138178232e+02
1.738303585792334900e+02
5.070086247078808697e+02
7.848976167662840453e+02
1.023894915041014087e+03
1.206929913016611863e+03
1.414232425009607596e+03
1.624720212065682517e+03
1.763790669747362699e+03
1.936372483015754597e+03
2.019885481257308356e+03
2.170160705279554350e+03
2.236693846169391691e+03
2.321341356563909812e+03
2.368480935339264761e+03
2.439378726208385615e+03
2.431497044895320869e+03
2.442013422502275262e+03
2.320108866933579975e+03
2.300020475366620303e+03
3.870123897535386732e+03
3.133423857214355394e+03
1.948150975130124607e+03
7.453028686002579661e+02
-4.523855383734458542e+02
-1.711429384836279951e+03
-2.043206194545110520e+03
-2.028533676917717912e+03
-1.342157803372384251e+03
-5.679930592445834918e+02
9.225939349929215041e+02
1.822149287728488389e+03
2.676542419300050824e+03
3.396015199248006411e+03
3.749932723223739231e+03
3.910196423095246701e+03
3.549487262156404086e+03
2.948632375509915619e+03
2.149749662587745661e+03
1.349159569198218151e+03
2.714901216645523618e+02
-7.037044870382621866e+02
-1.092179859563563696e+03
-1.474822652896563341e+03
-1.254139278992702657e+03
-1.284357174082647134e+03
-3.111105644335831926e+02
4.490350470089604187e+02
1.253582460752271118e+03
1.391452651727916646e+03
4.070344790857714088e+03
3.727913843886613904e+03
2.357587519401627105e+03
6.073922796330566598e+02
-1.377721227934091075e+03
-2.968576628039652405e+03
-3.439785305370352944e+03
-3.424624551337866706e+03
-3.017824591385271560e+03
-2.234202386482922975e+03
-2.128945303017707374e+03
-2.155580836558593091e+03
-1.911033669292035256e+03
-2.169524806396752410e+03
-2.021916853632409357e+03
