1.015138866409153322e-05
2.030277732818306643e-05
3.383796221363843953e-05
5.075694332045766269e-05
7.105972064864072234e-05
9.474629419818763883e-05
1.218166639690983850e-04
1.522708299613729881e-04
1.861087921750114208e-04
2.233305506100137104e-04
2.639361052663798568e-04
3.079254561441098059e-04
3.552986032432036388e-04
4.060555465636613015e-04
8.174335801529073820e-04
9.196127776720208454e-04
1.027802516221670414e-03
1.142002795801855871e-03
1.262213616412577542e-03
1.388434978053835426e-03
1.520666880725629307e-03
1.658909324427959185e-03
1.803162309160825276e-03
1.953425834924227365e-03
2.109699901718165450e-03
2.271984509542639748e-03
2.440279658397650261e-03
2.614585348283196553e-03
1.828712115129975781e-03
1.950626256138640689e-03
2.076473111373391967e-03
2.206252680834228964e-03
2.339964964521151682e-03
3.656237656996981240e-03
3.865165523111094206e-03
4.079896941061710719e-03
4.300431910848829913e-03
4.526770432472452220e-03
6.401771402769519670e-03
6.721859972907995653e-03
7.049755581342531836e-03
7.385458228073128219e-03
7.728967913099786535e-03
8.929204040328738226e-03
9.326057553232236508e-03
9.731538316416247017e-03
1.014564632988076802e-02
1.056838159362580125e-02
1.465095796655092181e-02
1.523699628521295833e-02
1.583452555129974404e-02
1.644354576481127025e-02
1.706405692574754565e-02
1.826898840031210627e-02
1.893331525123254783e-02
1.960950508163370951e-02
2.029755789151559131e-02
2.099747368087820018e-02
2.290131546274217986e-02
2.366469264483358689e-02
2.444058420695927741e-02
2.522899014911925489e-02
2.602991047131351585e-02
2.989451036630138420e-02
3.081434145449527331e-02
3.174810937735877275e-02
3.269581413489186517e-02
3.365745572709456790e-02
3.365504327978723065e-02
3.461661594492400351e-02
3.559173188703453755e-02
3.658039110611883277e-02
3.758259360217688222e-02
4.313630545384050663e-02
4.428660693260959291e-02
4.545204395715195245e-02
4.663261652746758523e-02
4.782832464355649821e-02
5.094765986152040294e-02
5.222135135805840850e-02
5.351076744097343213e-02
5.481590811026547383e-02
5.613677336593451278e-02
6.201743113681228853e-02
6.347666481061964294e-02
6.495286631784334686e-02
6.644603565848343496e-02
6.795617283253987950e-02
7.054750730522463265e-02
7.211522968978519021e-02
7.370017979285738152e-02
7.530235761444123432e-02
7.692176315453674862e-02
8.085605637517871702e-02
8.255828914097194937e-02
8.427825349807553657e-02
8.601594944648946472e-02
8.777137698621373385e-02
8.872788638195029665e-02
9.050244410958931118e-02
9.229457171571979479e-02
9.410426920034176135e-02
9.593153656345518310e-02
9.777637380506010167e-02
9.963878092515647544e-02
1.015187579237443322e-01
1.034163048008236580e-01
1.069884414508379261e-01
1.089515321196606462e-01
1.109324690672908453e-01
1.129312522937285096e-01
1.149478817989736668e-01
1.169823575830263029e-01
1.190346796458864043e-01
1.211048479875539985e-01
1.231928626080290717e-01
1.265201492998516974e-01
1.286645586100186867e-01
1.308269881664896050e-01
1.330074379692644249e-01
1.352059080183431738e-01
1.374223983137258520e-01
1.396569088554124594e-01
1.419094396434029681e-01
1.441799906776974061e-01
1.498950617215074888e-01
1.522556138746021248e-01
1.546346078413927683e-01
1.570320436218794746e-01
1.594479212160622439e-01
1.618822406239410483e-01
1.643350018455159156e-01
1.668062048807868181e-01
1.692958497297538112e-01
1.671573438520830290e-01
1.696155400852019102e-01
1.720916793565187286e-01
1.745857616660334843e-01
1.770977870137462051e-01
1.796277553996568632e-01
1.821756668237654586e-01
1.847415212860720191e-01
1.873253187865765168e-01
1.982034722965687890e-01
2.009373132937628537e-01
2.036898792292938520e-01
2.064611701031617841e-01
2.092511859153666776e-01
2.120599266659085047e-01
2.148873923547872933e-01
2.177335829820030155e-01
2.205984985475556992e-01
2.225064413151666143e-01
2.253961353582207283e-01
2.283044725886493875e-01
2.312314530064526197e-01
2.341770766116303415e-01
2.371413434041826085e-01
2.401242533841094484e-01
2.431258065514108335e-01
2.461460029060867083e-01
2.474015805177016969e-01
2.504371827326428157e-01
2.534912947171872322e-01
2.565639164713349740e-01
2.596550479950859858e-01
2.627646892884403229e-01
2.658928403513979299e-01
2.690395011839588624e-01
2.722046717861230647e-01
2.711668687395318855e-01
2.743199718644101504e-01
2.774913010189120066e-01
2.806808562030374543e-01
2.838886374167864379e-01
2.871146446601590130e-01
2.903588779331551795e-01
2.936213372357748819e-01
2.969020225680181757e-01
3.102323225873286350e-01
3.136603040523819885e-01
3.171071205804301685e-01
3.205727721714731193e-01
3.240572588255108410e-01
3.275605805425434447e-01
3.310827373225707637e-01
3.346237291655929091e-01
3.381835560716098810e-01
3.360701840846607169e-01
3.396077649697624157e-01
3.431638672207547036e-01
3.467384908376375252e-01
3.503316358204109915e-01
3.539433021690749914e-01
3.575734898836296360e-01
3.612221989640748143e-01
3.648894294104106373e-01
3.928459646569457675e-01
3.967941653067643126e-01
4.007621069598319430e-01
4.047497896161487141e-01
4.087572132757145149e-01
4.127843779385294565e-01
4.168312836045934278e-01
4.208979302739065398e-01
4.249843179464687370e-01
4.308843196500602435e-01
4.350274381082339104e-01
4.391903800997002949e-01
4.433731456244592861e-01
4.475757346825111060e-01
4.517981472738554771e-01
4.560403833984926769e-01
4.603024430564224834e-01
4.645843262476450075e-01
4.769769358793735092e-01
4.813730366708884878e-01
4.857893030623645081e-01
4.902257350538016811e-01
4.946823326451998404e-01
4.991590958365590969e-01
5.036560246278793951e-01
5.081731190191608460e-01
5.127103790104033942e-01
5.339006778760984062e-01
5.386254626360638120e-01
5.433710614258089322e-01
5.481374742453335447e-01
5.529247010946377605e-01
5.577327419737215797e-01
5.625615968825850022e-01
5.674112658212279170e-01
5.722817487896504351e-01
6.095644048937511883e-01
6.147521870630597851e-01
6.199619513602042664e-01
6.251936977851849653e-01
6.304474263380016597e-01
6.357231370186543495e-01
6.410208298271431460e-01
6.463405047634679379e-01
6.516821618276288364e-01
7.067448369144340159e-01
7.125378273809457319e-01
7.183544627065044930e-01
7.241947428911101881e-01
7.300586679347629282e-01
7.359462378374626024e-01
7.418574525992093216e-01
7.477923122200029749e-01
7.537508166998436732e-01
8.015640098747437436e-01
8.079004842611053894e-01
8.142619053970195919e-01
8.206482732824864623e-01
8.270595879175058895e-01
8.334958493020778736e-01
8.399570574362025255e-01
8.464432123198797342e-01
8.529543139531096108e-01
9.180795362274227767e-01
9.250877769619832991e-01
9.321226649997169655e-01
9.391842003406239980e-01
9.462723829847040635e-01
9.533872129319574951e-01
9.605286901823841816e-01
9.676968147359840122e-01
9.748915865927570978e-01
1.026509276302576934e+00
1.034084990518832070e+00
1.041688556625588236e+00
1.049319974622845209e+00
1.056979244510603211e+00
1.064666366288862243e+00
1.072381339957622082e+00
1.080124165516882950e+00
1.087894842966644626e+00
1.161921510034300109e+00
1.170220949391687970e+00
1.178549924120454229e+00
1.186908434220599551e+00
1.195296479692123048e+00
1.203714060535025387e+00
1.212161176749306124e+00
1.220637828334965702e+00
1.229144015292003900e+00
1.312928644069286666e+00
1.322014655446928755e+00
1.331131997898286956e+00
1.340280671423361047e+00
1.349460676022151251e+00
1.358672011694657344e+00
1.367914678440879550e+00
1.377188676260817646e+00
1.386494005154471854e+00
1.435646131482223753e+00
1.445281340418346216e+00
1.454948774133518974e+00
1.464648432627742469e+00
1.474380315901016480e+00
1.484144423953341230e+00
1.493940756784716495e+00
1.503769314395142276e+00
1.513630096784618573e+00
1.501233471141271814e+00
1.511013493754570058e+00
1.520825269688041326e+00
1.530668798941685615e+00
1.540544081515502928e+00
1.550451117409493262e+00
1.560389906623656620e+00
1.570360449157993221e+00
1.580362745012502623e+00
1.623300650543906709e+00
1.633574705294184470e+00
1.643881170311813467e+00
1.654220045596793476e+00
1.664591331149124498e+00
1.674995026968806311e+00
1.685431133055839359e+00
1.695899649410223642e+00
1.706400576031958716e+00
1.715346003266649655e+00
1.725901978671367409e+00
1.736490334368737898e+00
1.747111070358760676e+00
1.757764186641435966e+00
1.768449683216763990e+00
1.779167560084744304e+00
1.789917817245377352e+00
1.800700454698662689e+00
1.700392367362308033e+00
1.710574357586034377e+00
1.720786741810428566e+00
1.731029520035490599e+00
1.741302692261220475e+00
1.751606258487618195e+00
1.761940218714683981e+00
1.772304572942417389e+00
1.782699321170818640e+00
1.456188679430722388e+00
1.464679575520697385e+00
1.473195154448143418e+00
1.481735416213060041e+00
1.490300360815447700e+00
1.498889988255306172e+00
1.507504298532635456e+00
1.516143291647435776e+00
1.524806967599706908e+00
1.063032583042286650e+00
1.069072540900481316e+00
1.075129609120880625e+00
1.081203787703484576e+00
1.087295076648292946e+00
1.093403475955305959e+00
1.099528985624523170e+00
1.105671605655945022e+00
1.111831336049571517e+00
3.361630487691351643e-01
3.380254479312910232e-01
3.398929918425136476e-01
3.417656805028029821e-01
3.436435139121590265e-01
3.455264920705817810e-01
3.474146149780713011e-01
3.493078826346275867e-01
3.512062950402505268e-01
-8.825274206123158161e-01
-8.872978391021121292e-01
-8.920811158627703907e-01
-8.968772508942907118e-01
-9.016862441966729813e-01
-9.065080957699170883e-01
-9.113428056140233657e-01
-9.161903737289915917e-01
-9.210508001148217661e-01
-2.622722608118539966e+00
-2.636562832963492475e+00
-2.650439479452773917e+00
-2.664352547586384290e+00
-2.678302037364323596e+00
-2.692287948786591834e+00
-2.706310281853188560e+00
-2.720369036564113774e+00
-2.734464212919368364e+00
-4.561901731218259926e+00
-4.585416688595674195e+00
-4.608992095734983252e+00
-4.632627952636188873e+00
-4.656324259299289281e+00
-4.680081015724285365e+00
-4.703898221911178013e+00
-4.727775877859965448e+00
-4.751713983570648558e+00
-7.133757940105977191e+00
-7.169696267260164291e+00
-7.205724891718757519e+00
-7.241843813481758652e+00
-7.278053032549167689e+00
-7.314352548920984631e+00
-7.350742362597206814e+00
-7.387222473577838677e+00
-7.423792881862877557e+00
-9.336954292052563886e+00
-9.382949140781887465e+00
-9.429056998967547898e+00
-9.475277866609545185e+00
-9.521611743707881104e+00
-9.568058630262553876e+00
-9.614618526273563504e+00
-9.661291431740909985e+00
-9.708077346664595098e+00
-1.142839679806384545e+01
-1.148347340913885262e+01
-1.153868241591355925e+01
-1.159402381838796359e+01
-1.164949761656206917e+01
-1.170510381043587422e+01
-1.176084240000937697e+01
-1.181671338528258097e+01
-1.187271676625548444e+01
-1.293356932253827374e+01
-1.299457672500307659e+01
-1.305572767429720749e+01
-1.311702217042066998e+01
-1.317846021337346052e+01
-1.324004180315557910e+01
-1.330176693976702573e+01
-1.336363562320780396e+01
-1.342564785347791023e+01
-1.423370152770950448e+01
-1.429944610751416789e+01
-1.436534217252575374e+01
-1.443138972274426379e+01
-1.449758875816969450e+01
-1.456393927880205119e+01
-1.463044128464133031e+01
-1.469709477568753186e+01
-1.476389975194065762e+01
-1.501343756532225449e+01
-1.508137167195267203e+01
-1.514945912871092304e+01
-1.521769993559700929e+01
-1.528609409261092722e+01
-1.535464159975268039e+01
-1.542334245702226703e+01
-1.549219666441968712e+01
-1.556120422194494424e+01
-1.496427360591418854e+01
-1.503063402101802204e+01
-1.509714125119951866e+01
-1.516379529645867663e+01
-1.523059615679549772e+01
-1.529754383220998548e+01
-1.536463832270213281e+01
-1.543187962827194504e+01
-1.549926774891942038e+01
-1.515939053332308717e+01
-1.522530092694623072e+01
-1.529135429322365525e+01
-1.535755063215535898e+01
-1.542388994374134192e+01
-1.549037222798160940e+01
-1.555699748487615075e+01
-1.562376571442497664e+01
-1.569067691662808173e+01
-1.504994574768442028e+01
-1.511412462080887309e+01
-1.517844004472720876e+01
-1.524289201943942729e+01
-1.530748054494552690e+01
-1.537220562124550760e+01
-1.543706724833937116e+01
-1.550206542622711581e+01
-1.556720015490874154e+01
-1.475628228827188693e+01
-1.481802405516842214e+01
-1.487989471928185914e+01
-1.494189428061220148e+01
-1.500402273915944384e+01
-1.506628009492359332e+01
-1.512866634790464104e+01
-1.519118149810259588e+01
-1.525382554551745073e+01
-1.444106717510056370e+01
-1.450037340579913092e+01
-1.455980116565896232e+01
-1.461935045468006145e+01
-1.467902127286243008e+01
-1.473881362020606467e+01
-1.479872749671096877e+01
-1.485876290237713881e+01
-1.491891983720457482e+01
-1.403625209160155052e+01
-1.409284988229349267e+01
-1.414956155183994468e+01
-1.420638710024090834e+01
-1.426332652749638186e+01
-1.432037983360636879e+01
-1.437754701857086381e+01
-1.443482808238987225e+01
-1.449222302506339055e+01
-1.388351827121449311e+01
-1.393850250199158047e+01
-1.399359539725636914e+01
-1.404879695700885911e+01
-1.410410718124905394e+01
-1.415952606997694652e+01
-1.421505362319254218e+01
-1.427068984089583914e+01
-1.432643472308683918e+01
-1.378662020665784205e+01
-1.384026464325962458e+01
-1.389401324381597114e+01
-1.394786600832688528e+01
-1.400182293679236700e+01
-1.405588402921241631e+01
-1.411004928558702964e+01
-1.416431870591620878e+01
-1.421869229019995728e+01
-1.393679112789352459e+01
-1.399008669626022971e+01
-1.404348397372687174e+01
-1.409698296029345066e+01
-1.415058365595996648e+01
-1.420428606072641742e+01
-1.425809017459280525e+01
-1.431199599755912999e+01
-1.436600352962539162e+01
-1.415927462730742192e+01
-1.421250498304918075e+01
-1.426583520812628869e+01
-1.431926530253874574e+01
-1.437279526628655368e+01
-1.442642509936971251e+01
-1.448015480178822223e+01
-1.453398437354208106e+01
-1.458791381463129255e+01
-1.425217825245050918e+01
-1.430486652695125116e+01
-1.435765201229055421e+01
-1.441053470846841833e+01
-1.446351461548484707e+01
-1.451659173333983865e+01
-1.456976606203339131e+01
-1.462303760156550503e+01
-1.467640635193618159e+01
-1.406402551464948836e+01
-1.411516742561185112e+01
-1.416640215310953543e+01
-1.421772969714254131e+01
-1.426915005771086875e+01
-1.432066323481451775e+01
-1.437226922845349009e+01
-1.442396803862778221e+01
-1.447575966533739589e+01
-1.475982042013604278e+01
-1.481262836439413100e+01
-1.486553060855267994e+01
-1.491852715261169315e+01
-1.497161799657116532e+01
-1.502480314043109821e+01
-1.507808258419149183e+01
-1.513145632785234618e+01
-1.518492437141366302e+01
-1.488017924724194074e+01
-1.493257424459138427e+01
-1.498506132453722373e+01
-1.503764048707946088e+01
-1.509031173221809041e+01
-1.514307505995311942e+01
-1.519593047028454436e+01
-1.524887796321236522e+01
-1.530191753873658378e+01
-1.531665604172997419e+01
-1.536974670391967734e+01
-1.542292921846611442e+01
-1.547620358536927654e+01
-1.552956980462917258e+01
-1.558302787624579544e+01
-1.563657780021914867e+01
-1.569021957654923227e+01
-1.574395320523604447e+01
-1.582988000919353411e+01
-1.588390690342286504e+01
-1.593802583665428685e+01
-1.599223680888780663e+01
-1.604653982012341729e+01
-1.610093487036112592e+01
-1.615542195960092542e+01
-1.621000108784281935e+01
-1.626467225508681125e+01
-1.676848020224488423e+01
-1.682484484158016258e+01
-1.688130405245794918e+01
-1.693785783487824403e+01
-1.699450618884104713e+01
-1.705124911434635848e+01
-1.710808661139418163e+01
-1.716501867998451303e+01
-1.722204532011734912e+01
-1.710879195043442635e+01
-1.716544357940937360e+01
-1.722218884744047784e+01
-1.727902775452773909e+01
-1.733596030067116089e+01
-1.739298648587073615e+01
-1.745010631012646840e+01
-1.750731977343836121e+01
-1.756462687580640747e+01
-1.771284827306101661e+01
-1.777063896889481853e+01
-1.782852378638307655e+01
-1.788650272552578713e+01
-1.794457578632294670e+01
-1.800274296877456237e+01
-1.806100427288063059e+01
-1.811935969864114782e+01
-1.817780924605611759e+01
-1.862601041660924039e+01
-1.868590112534431924e+01
-1.874588796683820036e+01
-1.880597094109088729e+01
-1.886615004810237650e+01
-1.892642528787267509e+01
-1.898679666040177239e+01
-1.904726416568967551e+01
-1.910782780373638445e+01
-1.915625607201635816e+01
-1.921697320695143674e+01
-1.927778641330254672e+01
-1.933869569106969521e+01
-1.939970104025288222e+01
-1.946080246085210064e+01
-1.952199995286736112e+01
-1.958329351629865656e+01
-1.964468315114598695e+01
-1.940832260534947196e+01
-1.946897361349119038e+01
-1.952971924099038148e+01
-1.959055948784704881e+01
-1.965149435406119238e+01
-1.971252383963281218e+01
-1.977364794456190467e+01
-1.983486666884847693e+01
-1.989618001249251833e+01
-1.983283128045961163e+01
-1.989394940459046168e+01
-1.995516155660458324e+01
-2.001646773650198696e+01
-2.007786794428266930e+01
-2.013936217994662670e+01
-2.020095044349386626e+01
-2.026263273492438088e+01
-2.032440905423817412e+01
-1.922599732312664145e+01
-1.928443500495985319e+01
-1.934296136309326997e+01
-1.940157639752688468e+01
-1.946028010826070087e+01
-1.951907249529472210e+01
-1.957795355862894482e+01
-1.963692329826336902e+01
-1.969598171419799471e+01
-1.825245178224486509e+01
-1.830718177259642587e+01
-1.836199369407126269e+01
-1.841688754666938266e+01
-1.847186333039078576e+01
-1.852692104523546845e+01
-1.858206069120343074e+01
-1.863728226829467260e+01
-1.869258577650919761e+01
-1.708999901248964548e+01
-1.714056113974553242e+01
-1.719119795256604988e+01
-1.724190945095120497e+01
-1.729269563490098349e+01
-1.734355650441539964e+01
-1.739449205949444632e+01
-1.744550230013812353e+01
-1.749658722634643482e+01
-1.552769840867785867e+01
-1.557303475439662499e+01
-1.561843718808291293e+01
-1.566390570973672069e+01
-1.570944031935805008e+01
-1.575504101694689574e+01
-1.580070780250326479e+01
-1.584644067602715189e+01
-1.589223963751856061e+01
-1.326056360828434322e+01
-1.329877848899985970e+01
-1.333704835515525566e+01
-1.337537320675052932e+01
-1.341375304378568245e+01
-1.345218786626071328e+01
-1.349067767417562180e+01
-1.352922246753040803e+01
-1.356782224632507372e+01
-1.158500144168997181e+01
-1.161796019401341518e+01
-1.165096576274640583e+01
-1.168401814788894910e+01
-1.171711734944104322e+01
-1.175026336740268640e+01
-1.178345620177388042e+01
-1.181669585255462529e+01
-1.184998231974491922e+01
-9.528091794006087412e+00
-9.554856096798239662e+00
-9.581657937181965679e+00
-9.608497315157265461e+00
-9.635374230724139011e+00
-9.662288683882586326e+00
-9.689240674632607409e+00
-9.716230202974202257e+00
-9.743257268907370872e+00
-7.187861845359542201e+00
-7.207800435776627879e+00
-7.227766641969914474e+00
-7.247760463939402875e+00
-7.267781901685092194e+00
-7.287830955206981542e+00
-7.307907624505072697e+00
-7.328011909579364769e+00
-7.348143810429856870e+00
-4.643345959901590270e+00
-4.656067455682142864e+00
-4.668806354329699815e+00
-4.681562655844262011e+00
-4.694336360225828564e+00
-4.707127467474400362e+00
-4.719935977589977405e+00
-4.732761890572558805e+00
-4.745605206422144562e+00
-2.863696645992463985e+00
-2.871446839892308311e+00
-2.879207507027152335e+00
-2.886978647396996500e+00
-2.894760261001839918e+00
-2.902552347841683478e+00
-2.910354907916526734e+00
-2.918167941226369688e+00
-2.925991447771212339e+00
-9.402008876124487990e-01
-9.427147937290595303e-01
-9.452320561956258915e-01
-9.477526750121474386e-01
-9.502766501786246156e-01
-9.528039816950569785e-01
-9.553346695614450823e-01
-9.578687137777883720e-01
-9.604061143440871806e-01
3.628867182780048384e-01
3.638454678639441164e-01
3.648054822910257733e-01
3.657667615592498089e-01
3.667293056686162234e-01
3.676931146191251276e-01
3.686581884107763551e-01
3.696245270435699615e-01
3.705921305175060576e-01
1.366247958608290958e+00
1.369815185654265743e+00
1.373387063582959922e+00
1.376963592394373936e+00
1.380544772088507566e+00
1.384130602665360810e+00
1.387721084124933890e+00
1.391316216467226141e+00
1.394915999692238673e+00
2.823651766054600554e+00
2.830938609321838051e+00
2.838234842851017792e+00
2.845540466642140220e+00
2.852855480695204893e+00
2.860179885010211809e+00
2.867513679587161413e+00
2.874856864426052816e+00
2.882209439526886907e+00
3.962970094919751052e+00
3.973079712508831740e+00
3.983202208591656746e+00
3.993337583168226068e+00
4.003485836238539264e+00
4.013646967802596777e+00
4.023820977860397718e+00
4.034007866411942977e+00
4.044207633457232554e+00
5.093399545885639590e+00
5.106245446379676700e+00
5.119107525589701169e+00
5.131985783515712995e+00
5.144880220157712181e+00
5.157790835515698724e+00
5.170717629589672626e+00
5.183660602379634774e+00
5.196619753885583393e+00
4.972066884962285549e+00
4.984466054251468492e+00
4.996880664598295496e+00
5.009310716002769226e+00
5.021756208464887905e+00
5.034217141984652422e+00
5.046693516562061887e+00
5.059185332197116303e+00
5.071692588889816555e+00
4.477162273097492928e+00
4.488203363783306976e+00
4.499258051871443342e+00
4.510326337361902027e+00
4.521408220254683030e+00
4.532503700549786352e+00
4.543612778247211992e+00
4.554735453346960838e+00
4.565871725849031115e+00
5.298139366109554160e+00
5.311061657246407108e+00
5.323999688080137460e+00
5.336953458610746104e+00
5.349922968838233039e+00
5.362908218762597379e+00
5.375909208383840010e+00
5.388925937701960933e+00
5.401958406716960148e+00
4.597408695337696471e+00
4.608500151780006604e+00
4.619604971422850426e+00
4.630723154266226160e+00
4.641854700310135584e+00
4.652999609554577809e+00
4.664157881999552835e+00
4.675329517645060662e+00
4.686514516491101290e+00
5.093708414323782740e+00
5.105865236315008993e+00
5.118036547962959482e+00
5.130222349267632431e+00
5.142422640229030506e+00
5.154637420847151930e+00
5.166866691121995814e+00
5.179110451053565711e+00
5.191368700641858069e+00
4.807753986604131669e+00
4.819106416324566489e+00
4.830472233344200284e+00
4.841851437663032165e+00
4.853244029281063021e+00
4.864650008198292852e+00
4.876069374414719881e+00
4.887502127930346774e+00
4.898948268745171752e+00
4.913993174516988027e+00
4.925474466980812593e+00
4.936969156518690838e+00
4.948477243130621872e+00
4.959998726816607473e+00
4.971533607576645863e+00
4.983081885410738820e+00
4.994643560318883679e+00
5.006218632301083105e+00
4.845998019996896389e+00
4.857202639696311053e+00
4.868420197755655821e+00
4.879650694174930692e+00
4.890894128954136555e+00
4.902150502093270745e+00
4.913419813592335927e+00
4.924702063451331213e+00
4.935997251670255714e+00
3.270498741233843099e+00
3.277982720046735299e+00
3.285475251978270617e+00
3.292976337028449496e+00
3.300485975197271049e+00
3.308004166484736608e+00
3.315530910890845284e+00
3.323066208415597078e+00
3.330610059058992434e+00
9.426240624558658299e-01
9.447591112949503822e-01
9.468965753476539238e-01
9.490364546139763435e-01
9.511787490939175305e-01
9.533234587874778176e-01
9.554705836946567610e-01
9.576201238154545825e-01
9.597720791498713933e-01
1.617770466272640539e-01
1.621397754313610440e-01
1.625029104267280422e-01
1.628664516133650209e-01
1.632303989912719799e-01
1.635947525604489194e-01
1.639595123208958671e-01
1.643246782726127675e-01
1.646902504155996760e-01
-2.586808169634442489e+00
-2.592550252141955447e+00
-2.598298700594598110e+00
-2.604053514992371365e+00
-2.609814695335274770e+00
-2.615582241623308768e+00
-2.621356153856472471e+00
-2.627136432034767211e+00
-2.632923076158191655e+00
-6.509851775618134440e+00
-6.524159142157953895e+00
-6.538482213820211442e+00
-6.552820990604905305e+00
-6.567175472512035483e+00
-6.581545659541601978e+00
-6.595931551693604789e+00
-6.610333148968045691e+00
-6.624750451364922021e+00
-1.339098789824571512e+01
-1.342013041815484620e+01
-1.344930461471605199e+01
-1.347851048792933426e+01
-1.350774803779469124e+01
-1.353701726431212293e+01
-1.356631816748162933e+01
-1.359565074730321044e+01
-1.362501500377686625e+01
-2.019316595280162119e+01
-2.023668570701024905e+01
-2.028025230702533932e+01
-2.032386575284689911e+01
-2.036752604447492843e+01
-2.041123318190942015e+01
-2.045498716515038495e+01
-2.049878799419781927e+01
-2.054263566905171601e+01
-3.045077072880991764e+01
-3.051576703772947141e+01
-3.058083263908923399e+01
-3.064596753288920894e+01
-3.071117171912939980e+01
-3.077644519780980303e+01
-3.084178796893041863e+01
-3.090720003249124659e+01
-3.097268138849228691e+01
-4.028746998514154143e+01
-4.037264434028983828e+01
-4.045790863667904347e+01
-4.054326287430916409e+01
-4.062870705318020725e+01
-4.071424117329216585e+01
-4.079986523464503989e+01
-4.088557923723882936e+01
-4.097138318107354138e+01
-4.932077205135382059e+01
-4.942406162633047728e+01
-4.952745924479560813e+01
-4.963096490674919892e+01
-4.973457861219126386e+01
-4.983830036112179585e+01
-4.994213015354080198e+01
-5.004606798944827517e+01
-5.015011386884422251e+01
-6.318772489574681117e+01
-6.331881976067574413e+01
-6.345005047520564290e+01
-6.358141703933650746e+01
-6.371291945306833071e+01
-6.384455771640111266e+01
-6.397633182933486751e+01
-6.410824179186957394e+01
-6.424028760400524618e+01
-7.646968997165291171e+01
-7.662687330150214393e+01
-7.678421801054014395e+01
-7.694172409876688334e+01
-7.709939156618239053e+01
-7.725722041278665131e+01
-7.741521063857966567e+01
-7.757336224356144783e+01
-7.773167522773198357e+01
-9.113719696949542026e+01
-9.132281244193838177e+01
-9.150861673988738687e+01
-9.169460986334244978e+01
-9.188079181230354209e+01
-9.206716258677069220e+01
-9.225372218674390012e+01
-9.244047061222312323e+01
-9.262740786320841835e+01
-1.003881764822314295e+02
-1.005907762329523791e+02
-1.007935802172930124e+02
-1.009965884352533152e+02
-1.011998008868333017e+02
-1.014032175720329718e+02
-1.016068384908523115e+02
-1.018106636432913348e+02
-1.020146930293500276e+02
-1.113049893171138223e+02
-1.115275992957480611e+02
-1.117504316619733373e+02
-1.119734864157896510e+02
-1.121967635571970021e+02
-1.124202630861953907e+02
-1.126439850027848451e+02
-1.128679293069653369e+02
-1.130920959987368661e+02
-1.208217240668995771e+02
-1.210612121225326803e+02
-1.213009372950525488e+02
-1.215408995844591686e+02
-1.217810989907525823e+02
-1.220215355139327329e+02
-1.222622091539996632e+02
-1.225031199109533588e+02
-1.227442677847938199e+02
-1.212868755286225877e+02
-1.215251601563801955e+02
-1.217636786257744603e+02
-1.220024309368053963e+02
-1.222414170894729892e+02
-1.224806370837772391e+02
-1.227200909197181602e+02
-1.229597785972957240e+02
-1.231997001165099732e+02
-1.219492476175980329e+02
-1.221867339810208080e+02
-1.224244513623068400e+02
-1.226623997614561148e+02
-1.229005791784686465e+02
-1.231389896133444495e+02
-1.233776310660834810e+02
-1.236165035366857694e+02
-1.238556070251513148e+02
-1.181898276614758885e+02
-1.184179933519420445e+02
-1.186463790671820675e+02
-1.188749848071958866e+02
-1.191038105719835727e+02
-1.193328563615450690e+02
-1.195621221758804182e+02
-1.197916080149895919e+02
-1.200213138788726042e+02
-1.115562800896432236e+02
-1.117697849319200571e+02
-1.119834938897248691e+02
-1.121974069630576736e+02
-1.124115241519184849e+02
-1.126258454563072604e+02
-1.128403708762240427e+02
-1.130551004116688034e+02
-1.132700340626415567e+02
-1.049734537642975596e+02
-1.051726443786510856e+02
-1.053720237992741033e+02
-1.055715920261666696e+02
-1.057713490593287560e+02
-1.059712948987603909e+02
-1.061714295444615459e+02
-1.063717529964322210e+02
-1.065722652546724447e+02
-9.827581078819159188e+01
-9.846071353661716330e+01
-9.864579006582133047e+01
-9.883104037580410761e+01
-9.901646446656546630e+01
-9.920206233810540652e+01
-9.938783399042395672e+01
-9.957377942352110267e+01
-9.975989863739684438e+01
-9.130265784762544001e+01
-9.147299862719189889e+01
-9.164349815864984805e+01
-9.181415644199930171e+01
-9.198497347724023143e+01
-9.215594926437263723e+01
-9.232708380339654752e+01
-9.249837709431193389e+01
-9.266982913711882475e+01
-8.321608780448357834e+01
-8.337004911402009100e+01
-8.352415271681864795e+01
-8.367839861287924919e+01
-8.383278680220192314e+01
-8.398731728478662717e+01
-8.414199006063337549e+01
-8.429680512974218232e+01
-8.445176249211301922e+01
-7.829114757798518553e+01
-7.843480105977965877e+01
-7.857858621295983426e+01
-7.872250303752568357e+01
-7.886655153347724934e+01
-7.901073170081450314e+01
-7.915504353953744499e+01
-7.929948704964608908e+01
-7.944406223114043541e+01
-7.234746273698600305e+01
-7.247912326971938057e+01
-7.261090349384613774e+01
-7.274280340936628875e+01
-7.287482301627983361e+01
-7.300696231458678653e+01
-7.313922130428711910e+01
-7.327159998538084551e+01
-7.340409835786797998e+01
-6.559066690114673293e+01
-6.570906160674446994e+01
-6.582756307041758248e+01
-6.594617129216608475e+01
-6.606488627198996255e+01
-6.618370800988923008e+01
-6.630263650586387314e+01
-6.642167175991389172e+01
-6.654081377203930003e+01
-5.988625387309709680e+01
-5.999348082721186159e+01
-6.010080369094569619e+01
-6.020822246429859348e+01
-6.031573714727055346e+01
-6.042334773986157614e+01
-6.053105424207167573e+01
-6.063885665390083091e+01
-6.074675497534905588e+01
-5.431299725475832929e+01
-5.440946794259981800e+01
-5.450602422998686336e+01
-5.460266611691946537e+01
-5.469939360339762402e+01
-5.479620668942133221e+01
-5.489310537499060416e+01
-5.499008966010542565e+01
-5.508715954476580379e+01
-5.782155593846807307e+01
-5.792344414276493580e+01
-5.802542203738248361e+01
-5.812748962232070937e+01
-5.822964689757962020e+01
-5.833189386315921610e+01
-5.843423051905948995e+01
-5.853665686528045597e+01
-5.863917290182209996e+01
-5.341418927841701247e+01
-5.350757072820444904e+01
-5.360103373384323788e+01
-5.369457829533336479e+01
-5.378820441267482977e+01
-5.388191208586764702e+01
-5.397570131491180945e+01
-5.406957209980730283e+01
-5.416352444055414850e+01
-5.420628540882299973e+01
-5.430031192297533948e+01
-5.439441991590943815e+01
-5.448860938762529571e+01
-5.458288033812291928e+01
-5.467723276740230176e+01
-5.477166667546344314e+01
-5.486618206230635053e+01
-5.496077892793101682e+01
-6.026087935647935723e+01
-6.036459859805678008e+01
-6.046840702212909946e+01
-6.057230462869632959e+01
-6.067629141775847756e+01
-6.078036738931552208e+01
-6.088453254336747733e+01
-6.098878687991433623e+01
-6.109313039895610586e+01
-6.015006336232660544e+01
-6.025279617763374063e+01
-6.035561664892663458e+01
-6.045852477620528020e+01
-6.056152055946968460e+01
-6.066460399871984777e+01
-6.076777509395576260e+01
-6.087103384517743621e+01
-6.097438025238487569e+01
-6.538809357600149497e+01
-6.549892085324896129e+01
-6.560984197239078242e+01
-6.572085693342697255e+01
-6.583196573635753168e+01
-6.594316838118245983e+01
-6.605446486790175697e+01
-6.616585519651542313e+01
-6.627733936702345829e+01
-7.077573712896736424e+01
-7.089478799041222601e+01
-7.101393889459779984e+01
-7.113318984152407154e+01
-7.125254083119105530e+01
-7.137199186359875114e+01
-7.149154293874715904e+01
-7.161119405663627902e+01
-7.173094521726611106e+01
-7.802018685847866664e+01
-7.815043758779165728e+01
-7.828079694990640292e+01
-7.841126494482291776e+01
-7.854184157254118759e+01
-7.867252683306122663e+01
-7.880332072638303487e+01
-7.893422325250658389e+01
-7.906523441143190212e+01
-8.658532014660607956e+01
-8.672879209382496413e+01
-8.687238280921209821e+01
-8.701609229276745339e+01
-8.715992054449102966e+01
-8.730386756438284124e+01
-8.744793335244288812e+01
-8.759211790867115610e+01
-8.773642123306764518e+01
-9.432139546991344048e+01
-9.447652934404158032e+01
-9.463179069053960291e+01
-9.478717950940747983e+01
-9.494269580064522529e+01
-9.509833956425283930e+01
-9.525411080023032184e+01
-9.541000950857767293e+01
-9.556603568929489256e+01
-1.074898359050794596e+02
-1.076653295147204119e+02
-1.078409662675992280e+02
-1.080167461637159363e+02
-1.081926692030705226e+02
-1.083687353856629869e+02
-1.085449447114933292e+02
-1.087212971805615638e+02
-1.088977927928676621e+02
-1.151770876533057617e+02
-1.153637604047697920e+02
-1.155505843082593032e+02
-1.157375593637742810e+02
-1.159246855713147397e+02
-1.161119629308806793e+02
-1.162993914424720998e+02
-1.164869711060889870e+02
-1.166747019217313550e+02
-1.218993312829674807e+02
-1.220954685818942096e+02
-1.222917635474599507e+02
-1.224882161796647182e+02
-1.226848264785084694e+02
-1.228815944439912471e+02
-1.230785200761130369e+02
-1.232756033748738247e+02
-1.234728443402736247e+02
-1.303893124177918708e+02
-1.305976020542420315e+02
-1.308060579234427507e+02
-1.310146800253940000e+02
-1.312234683600958363e+02
-1.314324229275482026e+02
-1.316415437277511558e+02
-1.318508307607046390e+02
-1.320602840264087092e+02
-1.346108125309122556e+02
-1.348243110440461408e+02
-1.350379787319130855e+02
-1.352518155945131184e+02
-1.354658216318462109e+02
-1.356799968439123631e+02
-1.358943412307116034e+02
-1.361088547922439034e+02
-1.363235375285092630e+02
-1.366169034830375608e+02
-1.368320482129320794e+02
-1.370473622148407173e+02
-1.372628454887634177e+02
-1.374784980347002090e+02
-1.376943198526510912e+02
-1.379103109426160358e+02
-1.381264713045950430e+02
-1.383428009385881410e+02
-1.270501218703776374e+02
-1.272487928975400706e+02
-1.274476191364424693e+02
-1.276466005870848477e+02
-1.278457372494672057e+02
-1.280450291235895293e+02
-1.282444762094518182e+02
-1.284440785070540585e+02
-1.286438360163963068e+02
-1.112327981269865660e+02
-1.114055198632086103e+02
-1.115783755961228110e+02
-1.117513653257291963e+02
-1.119244890520277806e+02
-1.120977467750185355e+02
-1.122711384947014750e+02
-1.124446642110765850e+02
-1.126183239241438798e+02
-9.207441114940860416e+01
-9.221639173714862636e+01
-9.235848170900864318e+01
-9.250068106498865461e+01
-9.264298980508863224e+01
-9.278540792930859027e+01
-9.292793543764854292e+01
-9.307057233010849018e+01
-9.321331860668840363e+01
-7.487619237082989798e+01
-7.499085729023391877e+01
-7.510560994102235099e+01
-7.522045032319515201e+01
-7.533537843675236445e+01
-7.545039428169397411e+01
-7.556549785801998098e+01
-7.568068916573037086e+01
-7.579596820482515795e+01
-4.168312553191448444e+01
-4.174652192055617661e+01
-4.180996648274547312e+01
-4.187345921848236685e+01
-4.193700012776685782e+01
-4.200058921059895312e+01
-4.206422646697865275e+01
-4.212791189690594962e+01
-4.219164550038084371e+01
-1.309084313274157552e+01
-1.311061782025326927e+01
-1.313040743205742622e+01
-1.315021196815404281e+01
-1.317003142854312259e+01
-1.318986581322466201e+01
-1.320971512219866462e+01
-1.322957935546512864e+01
-1.324945851302405408e+01
1.660694151834688981e+01
1.663185815978476612e+01
1.665679347936465504e+01
1.668174747708654948e+01
1.670672015295045298e+01
1.673171150695636200e+01
1.675672153910427653e+01
1.678175024939420013e+01
1.680679763782613279e+01
5.292914085732506635e+01
5.300802184220930968e+01
5.308696156200410599e+01
5.316596001670947658e+01
5.324501720632539303e+01
5.332413313085188378e+01
5.340330779028892749e+01
5.348254118463653839e+01
5.356183331389470936e+01
8.355345419661854578e+01
8.367714546856024072e+01
8.380092822812912345e+01
8.392480247532517978e+01
8.404876821014839550e+01
8.417282543259881322e+01
8.429697414267639033e+01
8.442121434038114103e+01
8.454554602571307953e+01
1.101091526169730628e+02
1.102710778414097774e+02
1.104331220410297760e+02
1.105952852158330444e+02
1.107575673658195967e+02
1.109199684909894188e+02
1.110824885913425248e+02
1.112451276668788864e+02
1.114078857175985320e+02
1.310718058971854134e+02
1.312632913696429569e+02
1.314549166125183604e+02
1.316466816258115955e+02
1.318385864095226907e+02
1.320306309636516460e+02
1.322228152881984329e+02
1.324151393831630799e+02
1.326076032485455869e+02
1.547883467839609466e+02
1.550130033104979077e+02
1.552378227496719489e+02
1.554628051014830419e+02
1.556879503659312434e+02
1.559132585430165250e+02
1.561387296327388867e+02
1.563643636350983570e+02
1.565901605500948790e+02
1.788072803542949885e+02
1.790651134910712017e+02
1.793231323865914817e+02
1.795813370408558285e+02
1.798397274538642421e+02
1.800983036256167509e+02
1.803570655561133265e+02
1.806160132453539973e+02
1.808751466933387064e+02
1.949044040027514200e+02
1.951836366732424892e+02
1.954630692239557845e+02
1.957427016548913343e+02
1.960225339660491386e+02
1.963025661574292258e+02
1.965827982290315390e+02
1.968632301808561351e+02
1.971438620129029573e+02
2.144600719689471191e+02
2.147653532101840597e+02
2.150708515789040973e+02
2.153765670751072321e+02
2.156824996987934639e+02
2.159886494499627645e+02
2.162950163286152190e+02
2.166016003347507421e+02
2.169084014683693624e+02
2.238278308407091970e+02
2.241444190031430139e+02
2.244612309027941137e+02
2.247782665396624395e+02
2.250955259137480766e+02
2.254130090250509681e+02
2.257307158735711141e+02
2.260486464593085429e+02
2.263668007822632546e+02
2.404472696012214783e+02
2.407852137608858811e+02
2.411233952408871346e+02
2.414618140412252103e+02
2.418004701619001366e+02
2.421393636029119136e+02
2.424784943642605413e+02
2.428178624459459911e+02
2.431574678479683200e+02
2.478484769432874941e+02
2.481946340339903827e+02
2.485410326858173278e+02
2.488876728987682441e+02
2.492345546728431884e+02
2.495816780080421324e+02
2.499290429043650761e+02
2.502766493618120478e+02
2.506244973803830192e+02
2.570292529103047059e+02
2.573859902495279357e+02
2.577429749794163172e+02
2.581002070999699072e+02
2.584576866111887057e+02
2.588154135130726559e+02
2.591733878056218714e+02
2.595316094888362954e+02
2.598900785627158712e+02
2.621897845719868201e+02
2.625514256541550822e+02
2.629133159720794879e+02
2.632754555257600373e+02
2.636378443151967303e+02
2.640004823403895671e+02
2.643633696013386043e+02
2.647265060980437283e+02
2.650898918305049961e+02
2.699553960784849096e+02
2.703254514535068438e+02
2.706957602911143681e+02
2.710663225913075394e+02
2.714371383540863576e+02
2.718082075794508228e+02
2.721795302674008781e+02
2.725511064179365803e+02
2.729229360310578727e+02
2.690282659112026522e+02
2.693947894342424547e+02
2.697615624627437683e+02
2.701285849967067065e+02
2.704958570361312127e+02
2.708633785810172299e+02
2.712311496313648149e+02
2.715991701871740247e+02
2.719674402484447455e+02
2.698034822027875634e+02
2.701688220568197494e+02
2.705344090961388588e+02
2.709002433207448348e+02
2.712663247306377912e+02
2.716326533258175573e+02
2.719992291062842469e+02
2.723660520720378599e+02
2.727331222230782828e+02
2.559691565720228255e+02
2.563136641851749573e+02
2.566584034779593253e+02
2.570033744503759294e+02
2.573485771024248265e+02
2.576940114341059029e+02
2.580396774454192723e+02
2.583855751363648778e+02
2.587317045069427195e+02
2.531349347845282693e+02
2.534735768377517218e+02
2.538124452559840165e+02
2.541515400392251252e+02
2.544908611874751045e+02
2.548304087007338978e+02
2.551701825790015619e+02
2.555101828222780398e+02
2.558504094305633600e+02
2.232801927448073798e+02
2.235771078947339845e+02
2.238742203304745146e+02
2.241715300520289134e+02
2.244690370593972375e+02
2.247667413525794871e+02
2.250646429315755768e+02
2.253627417963856203e+02
2.256610379470095609e+02
2.259595313834474268e+02
2.262582221056991614e+02
2.265571101137647929e+02
2.268561954076443499e+02
2.271554779873378322e+02
2.274549578528451832e+02
2.277546350041664596e+02
2.280545094413016614e+02
1.798820559730204138e+02
1.801185872760749760e+02
1.803552739873444750e+02
1.805921161068288257e+02
1.808291136345280847e+02
1.810662665704422238e+02
1.813035749145712430e+02
1.815410386669151421e+02
1.817786578274739213e+02
1.820164323962476089e+02
1.822543623732361766e+02
1.824924477584396243e+02
1.827306885518579520e+02
1.829690847534911597e+02
1.832076363633392475e+02
1.834463433814022437e+02
1.836852058076800915e+02
1.112629989314140175e+02
1.114076842356161023e+02
1.115524635523615586e+02
1.116973368816503296e+02
1.118423042234824578e+02
1.119873655778579149e+02
1.121325209447767151e+02
1.122777703242388725e+02
1.124231137162443588e+02
1.125685511207931881e+02
1.127140825378853606e+02
1.128597079675208619e+02
1.130054274096997204e+02
1.131512408644219079e+02
1.132971483316874384e+02
1.134431498114963119e+02
1.135892453038485286e+02
4.210414762620058582e+01
4.215830087073589283e+01
4.221248891812758330e+01
4.226671176837566435e+01
4.232096942148012175e+01
4.237526187744096973e+01
4.242958913625820117e+01
4.248395119793182317e+01
4.253834806246182154e+01
4.259277972984821048e+01
4.264724620009098288e+01
4.270174747319013875e+01
4.275628354914568519e+01
4.281085442795760798e+01
4.286546010962592135e+01
4.292010059415062528e+01
4.297477588153170558e+01
-2.729464311216584349e+01
-2.732936912121440187e+01
-2.736411720655605961e+01
-2.739888736819082027e+01
-2.743367960611868028e+01
-2.746849392033964676e+01
-2.750333031085370905e+01
-2.753818877766087425e+01
-2.757306932076114236e+01
-2.760797194015450984e+01
-2.764289663584098022e+01
-2.767784340782055352e+01
-2.771281225609322618e+01
-2.774780318065900175e+01
-2.778281618151787313e+01
-2.781785125866985098e+01
-2.785290841211493174e+01
-1.012162243669567232e+02
-1.013436204958012326e+02
-1.014710967479971941e+02
-1.015986531235446506e+02
-1.017262896224435735e+02
-1.018540062446939629e+02
-1.019818029902958472e+02
-1.021096798592491979e+02
-1.022376368515540150e+02
-1.023656739672103129e+02
-1.024937912062180914e+02
-1.026219885685773363e+02
-1.027502660542880619e+02
-1.028786236633502540e+02
-1.030070613957639267e+02
-1.031355792515290659e+02
-1.032641772306456858e+02
-1.220899497051666600e+02
-1.222419919837534223e+02
-1.223941288748346352e+02
-1.225463603784102986e+02
-1.226986864944804125e+02
-1.228511072230449912e+02
-1.230036225641040062e+02
-1.231562325176575001e+02
-1.233089370837054304e+02
-1.234617362622477970e+02
-1.236146300532846567e+02
-1.237676184568159385e+02
-1.239207014728416993e+02
-1.240738791013618822e+02
-1.242271513423765441e+02
-1.243805181958856565e+02
-1.245339796618892052e+02
-1.229615934204426395e+02
-1.231131172570667189e+02
-1.232647343965458759e+02
-1.234164448388800821e+02
-1.235682485840693516e+02
-1.237201456321136988e+02
-1.238721359830130950e+02
-1.240242196367675547e+02
-1.241763965933771061e+02
-1.243286668528416925e+02
-1.244810304151613423e+02
-1.246334872803360696e+02
-1.247860374483658603e+02
-1.249386809192507144e+02
-1.250914176929906318e+02
-1.252442477695856127e+02
-1.253971711490356427e+02
-8.355924972237937709e+01
-8.366115124643106071e+01
-8.376311486769422743e+01
-8.386514058616887723e+01
-8.396722840185503856e+01
-8.406937831475266876e+01
-8.417159032486179626e+01
-8.427386443218240686e+01
-8.437620063671448634e+01
-8.447859893845807733e+01
-8.458105933741315141e+01
-8.468358183357970859e+01
-8.478616642695776306e+01
-8.488881311754730064e+01
-8.499152190534832130e+01
-8.509429279036083926e+01
-8.519712577258484032e+01
-3.777561528847724048e+01
-3.782121047892802324e+01
-3.786683316949368105e+01
-3.791248336017420684e+01
-3.795816105096959348e+01
-3.800386624187985518e+01
-3.804959893290498485e+01
-3.809535912404497537e+01
-3.814114681529984097e+01
-3.818696200666956742e+01
-3.823280469815416183e+01
-3.827867488975363131e+01
-3.832457258146796164e+01
-3.837049777329716704e+01
-3.841645046524123330e+01
-3.846243065730016752e+01
-3.850843834947396971e+01
5.026927113279461423e+01
5.032932999914203975e+01
5.038942472152907470e+01
5.044955529995571908e+01
5.050972173442197288e+01
5.056992402492784322e+01
5.063016217147332299e+01
5.069043617405840507e+01
5.075074603268310369e+01
5.081109174734741174e+01
5.087147331805133632e+01
5.093189074479486322e+01
5.099234402757799955e+01
5.105283316640075242e+01
5.111335816126310760e+01
5.117391901216508643e+01
5.123451571910666758e+01
1.040208182676445574e+02
1.041438470296405967e+02
1.042669485036709176e+02
1.043901226897354917e+02
1.045133695878343616e+02
1.046366891979674847e+02
1.047600815201349036e+02
1.048835465543365899e+02
1.050070843005725578e+02
1.051306947588428073e+02
1.052543779291473243e+02
1.053781338114861228e+02
1.055019624058592029e+02
1.056258637122665505e+02
1.057498377307081796e+02
1.058738844611840904e+02
1.059980039036942543e+02
1.550373985876170195e+02
1.552189412089140035e+02
1.554005900576078716e+02
1.555823451336986238e+02
1.557642064371862887e+02
1.559461739680708661e+02
1.561282477263523276e+02
1.563104277120307017e+02
1.564927139251059600e+02
1.566751063655780740e+02
1.568576050334471574e+02
1.570402099287130966e+02
1.572229210513759483e+02
1.574057384014356558e+02
1.575886619788923042e+02
1.577716917837458368e+02
1.579548278159962820e+02
1.984758520506516959e+02
1.987059689805654727e+02
1.989362192343088793e+02
1.991666028118819156e+02
1.993971197132845816e+02
1.996277699385168205e+02
1.998585534875786891e+02
2.000894703604701874e+02
2.003205205571912870e+02
2.005517040777419595e+02
2.007830209221223186e+02
2.010144710903322505e+02
2.012460545823718121e+02
2.014777713982409750e+02
2.017096215379397677e+02
2.019416050014681332e+02
2.021737217888261569e+02
2.208653991031565909e+02
2.211189759103932602e+02
2.213726982005945274e+02
2.216265659737603357e+02
2.218805792298907136e+02
2.221347379689856609e+02
2.223890421910451778e+02
2.226434918960692642e+02
2.228980870840579200e+02
2.231528277550111170e+02
2.234077139089288835e+02
2.236627455458112195e+02
2.239179226656581250e+02
2.241732452684696000e+02
2.244287133542456445e+02
2.246843269229862301e+02
2.249400859746913852e+02
2.317097761802633329e+02
2.319732324351584793e+02
2.322368383811075034e+02
2.325005940181104904e+02
2.327644993461673550e+02
2.330285543652781541e+02
2.332927590754428593e+02
2.335571134766615273e+02
2.338216175689340446e+02
2.340862713522605247e+02
2.343510748266409109e+02
2.346160279920752032e+02
2.348811308485634299e+02
2.351463833961055627e+02
2.354117856347016300e+02
2.356773375643516033e+02
2.359430391850555111e+02
2.118395154330005141e+02
2.120780734458755035e+02
2.123167657063660840e+02
2.125555922144722274e+02
2.127945529701939620e+02
2.130336479735312594e+02
2.132728772244841196e+02
2.135122407230525710e+02
2.137517384692365852e+02
2.139913704630361906e+02
2.142311367044513588e+02
2.144710371934820898e+02
2.147110719301284121e+02
2.149512409143902971e+02
2.151915441462677450e+02
2.154319816257607840e+02
2.156725533528693859e+02
1.771031610395990583e+02
1.773007105778473829e+02
1.774983702328951551e+02
1.776961400047423751e+02
1.778940198933890713e+02
1.780920098988352720e+02
1.782901100210808920e+02
1.784883202601260166e+02
1.786866406159705889e+02
1.788850710886146658e+02
1.790836116780581904e+02
1.792822623843011911e+02
1.794810232073436396e+02
1.796798941471855642e+02
1.798788752038269649e+02
1.800779663772678418e+02
1.802771676675081949e+02
1.301336675666260589e+02
1.302774616744344769e+02
1.304213351826337544e+02
1.305652880912238345e+02
1.307093204002047742e+02
1.308534321095765733e+02
1.309976232193392036e+02
1.311418937294926366e+02
1.312862436400369290e+02
1.314306729509720810e+02
1.315751816622980357e+02
1.317197697740148499e+02
1.318644372861224952e+02
1.320091841986210000e+02
1.321540105115103074e+02
1.322989162247905028e+02
1.324439013384615009e+02
8.320934053890226778e+01
8.330042903429242074e+01
8.339156735927522845e+01
8.348275551385070514e+01
8.357399349801885080e+01
8.366528131177965122e+01
8.375661895513313482e+01
8.384800642807925897e+01
8.393944373061806630e+01
8.403093086274952839e+01
8.412246782447365945e+01
8.421405461579044527e+01
8.430569123669990006e+01
8.439737768720202382e+01
8.448911396729681655e+01
8.458090007698424984e+01
8.467273601626436630e+01
2.079572482842166892e+01
2.081827984450455205e+01
2.084084708552840581e+01
2.086342655149322667e+01
2.088601824239901106e+01
2.090862215824576253e+01
2.093123829903348465e+01
2.095386666476216675e+01
2.097650725543181949e+01
2.099916007104243576e+01
2.102182511159401912e+01
2.104450237708656957e+01
2.106719186752008710e+01
2.108989358289456817e+01
2.111260752321001632e+01
2.113533368846643512e+01
2.115807207866381390e+01
-3.601944150636842323e+01
-3.605815127692874000e+01
-3.609688183683950768e+01
-3.613563318610074049e+01
-3.617440532471243841e+01
-3.621319825267460146e+01
-3.625201196998722253e+01
-3.629084647665030161e+01
-3.632970177266384582e+01
-3.636857785802785514e+01
-3.640747473274231538e+01
-3.644639239680724785e+01
-3.648533085022263833e+01
-3.652429009298849394e+01
-3.656327012510481467e+01
-3.660227094657159341e+01
-3.664129255738883018e+01
-5.936901388574566596e+01
-5.943223967263144658e+01
-5.949549910815313325e+01
-5.955879219231074728e+01
-5.962211892510426736e+01
-5.968547930653370770e+01
-5.974887333659906830e+01
-5.981230101530034204e+01
-5.987576234263752895e+01
-5.993925731861062900e+01
-6.000278594321965642e+01
-6.006634821646458988e+01
-6.012994413834544360e+01
-6.019357370886221048e+01
-6.025723692801489761e+01
-6.032093379580349080e+01
-6.038466431222800423e+01
-8.278535538589430587e+01
-8.287272779263403777e+01
-8.296014628186676987e+01
-8.304761085359251638e+01
-8.313512150781126309e+01
-8.322267824452302420e+01
-8.331028106372778552e+01
-8.339792996542554704e+01
-8.348562494961632297e+01
-8.357336601630009909e+01
-8.366115316547688963e+01
-8.374898639714666615e+01
-8.383686571130947129e+01
-8.392479110796527664e+01
-8.401276258711409639e+01
-8.410078014875590213e+01
-8.418884379289073649e+01
-7.109721213354136182e+01
-7.117158160230029296e+01
-7.124598994689235099e+01
-7.132043716731753591e+01
-7.139492326357583352e+01
-7.146944823566724381e+01
-7.154401208359178099e+01
-7.161861480734943086e+01
-7.169325640694020763e+01
-7.176793688236411128e+01
-7.184265623362112763e+01
-7.191741446071125665e+01
-7.199221156363451257e+01
-7.206704754239089539e+01
-7.214192239698039089e+01
-7.221683612740299907e+01
-7.229178873365873415e+01
-7.371232738030516884e+01
-7.378875281045581858e+01
-7.386521783927494766e+01
-7.394172246676254190e+01
-7.401826669291861549e+01
-7.409485051774315423e+01
-7.417147394123615811e+01
-7.424813696339764135e+01
-7.432483958422760395e+01
-7.440158180372603169e+01
-7.447836362189292458e+01
-7.455518503872831104e+01
-7.463204605423214844e+01
-7.470894666840446519e+01
-7.478588688124526129e+01
-7.486286669275450834e+01
-7.493988610293224895e+01
-1.749048009755056654e+01
-1.750845592498895442e+01
-1.752644098500434922e+01
-1.754443527759675803e+01
-1.756243880276617375e+01
-1.758045156051260349e+01
-1.759847355083603659e+01
-1.761650477373648727e+01
-1.763454522921394485e+01
-1.765259491726840935e+01
-1.767065383789988431e+01
-1.768872199110836974e+01
-1.770679937689386918e+01
-1.772488599525637554e+01
-1.774298184619589236e+01
-1.776108692971241965e+01
-1.777920124580595385e+01
2.652541960715350911e+01
2.655244499646288503e+01
2.657948414615378496e+01
2.660653705622620535e+01
2.663360372668014975e+01
2.666068415751561460e+01
2.668777834873259991e+01
2.671488630033111278e+01
2.674200801231114255e+01
2.676914348467269633e+01
2.679629271741577057e+01
2.682345571054037237e+01
2.685063246404648751e+01
2.687782297793413022e+01
2.690502725220329694e+01
2.693224528685398411e+01
2.695947708188619174e+01
7.307685084262459441e+01
7.315066584347573553e+01
7.322451810581139853e+01
7.329840762963159762e+01
7.337233441493631858e+01
7.344629846172556142e+01
7.352029976999934036e+01
7.359433833975765538e+01
7.366841417100049227e+01
7.374252726372785105e+01
7.381667761793974591e+01
7.389086523363616266e+01
7.396509011081712970e+01
7.403935224948259020e+01
7.411365164963260099e+01
7.418798831126714788e+01
7.426236223438620243e+01
8.088996003042522887e+01
8.097097150767153551e+01
8.105202353120273528e+01
8.113311610101884241e+01
8.121424921711985689e+01
8.129542287950577872e+01
8.137663708817662211e+01
8.145789184313237286e+01
8.153918714437301674e+01
8.162052299189856797e+01
8.170189938570904076e+01
8.178331632580442090e+01
8.186477381218469418e+01
8.194627184484988902e+01
8.202781042379999121e+01
8.210938954903500075e+01
8.219100922055491765e+01
1.210757238776083398e+02
1.211959579628889827e+02
1.213162517176908466e+02
1.214366051420139598e+02
1.215570182358582940e+02
1.216774909992238634e+02
1.217980234321106678e+02
1.219186155345186933e+02
1.220392673064479538e+02
1.221599787478984496e+02
1.222807498588701662e+02
1.224015806393631323e+02
1.225224710893773050e+02
1.226434212089127271e+02
1.227644309979693844e+02
1.228855004565472626e+02
1.230066295846463618e+02
1.231278183822667103e+02
1.232490668494082797e+02
1.233703749860710701e+02
1.234917427922551099e+02
1.236131702679603848e+02
1.237346574131868806e+02
1.238562042279346116e+02
1.239778107122035635e+02
1.240994768659937506e+02
1.242212026893051728e+02
1.243429881821378160e+02
1.244648333444917085e+02
1.245867381763668362e+02
1.247087026777631706e+02
1.248307268486807402e+02
1.249528106891195591e+02
1.111088071171913469e+02
1.112173648183317312e+02
1.113259755261621393e+02
1.114346392406825430e+02
1.115433559618929706e+02
1.116521256897934080e+02
1.117609484243838409e+02
1.118698241656642978e+02
1.119787529136347501e+02
1.120877346682952265e+02
1.121967694296457125e+02
1.123058571976862083e+02
1.124149979724167139e+02
1.125241917538372149e+02
1.126334385419477400e+02
1.127427383367482747e+02
1.128520911382388192e+02
1.129614969464193592e+02
1.130709557612899232e+02
1.131804675828504969e+02
1.132900324111010804e+02
1.133996502460416735e+02
1.135093210876722765e+02
1.136190449359928891e+02
1.137288217910035115e+02
1.138386516527041294e+02
1.139485345210947713e+02
1.140584703961754229e+02
1.141684592779460843e+02
1.142785011664067554e+02
1.143885960615574504e+02
1.144987439633981410e+02
1.146089448719288271e+02
7.166885341354691263e+01
7.173776577259839371e+01
7.180671124667105687e+01
7.187568983576487369e+01
7.194470153987987260e+01
7.201374635901603938e+01
7.208282429317335982e+01
7.215193534235186235e+01
7.222107950655153275e+01
7.229025678577235681e+01
7.235946718001437716e+01
7.242871068927753697e+01
7.249798731356187886e+01
7.256729705286738863e+01
7.263663990719406627e+01
7.270601587654191178e+01
7.277542496091092517e+01
7.284486716030110642e+01
7.291434247471245556e+01
7.298385090414497256e+01
7.305339244859867165e+01
7.312296710807351019e+01
7.319257488256954503e+01
7.326221577208673352e+01
7.333188977662510410e+01
7.340159689618462835e+01
7.347133713076532047e+01
7.354111048036719467e+01
7.361091694499022253e+01
7.368075652463443248e+01
7.375062921929979609e+01
7.382053502898634179e+01
7.389047395369404114e+01
1.957225119075154041e+01
1.959077674796001389e+01
1.960931106844057936e+01
1.962785415219324392e+01
1.964640599921800046e+01
1.966496660951485254e+01
1.968353598308380015e+01
1.970211411992483974e+01
1.972070102003797842e+01
1.973929668342320909e+01
1.975790111008053529e+01
1.977651430000995703e+01
1.979513625321147074e+01
1.981376696968508355e+01
1.983240644943079189e+01
1.985105469244859222e+01
1.986971169873848453e+01
1.988837746830047593e+01
1.990705200113455930e+01
1.992573529724074177e+01
1.994442735661901622e+01
1.996312817926938621e+01
1.998183776519184818e+01
2.000055611438640568e+01
2.001928322685306227e+01
2.003801910259181085e+01
2.005676374160265496e+01
2.007551714388559105e+01
2.009427930944062624e+01
2.011305023826775340e+01
2.013182993036697610e+01
2.015061838573829434e+01
2.016941560438170811e+01
-4.012806252421123077e+01
-4.016546053215551382e+01
-4.020287595882729192e+01
-4.024030880422657219e+01
-4.027775906835335462e+01
-4.031522675120763211e+01
-4.035271185278941886e+01
-4.039021437309870066e+01
-4.042773431213548463e+01
-4.046527166989977076e+01
-4.050282644639155905e+01
-4.054039864161084239e+01
-4.057798825555763500e+01
-4.061559528823192267e+01
-4.065321973963371249e+01
-4.069086160976300448e+01
-4.072852089861979152e+01
-4.076619760620408783e+01
-4.080389173251587920e+01
-4.084160327755517272e+01
-4.087933224132196841e+01
-4.091707862381626626e+01
-4.095484242503805916e+01
-4.099262364498735423e+01
-4.103042228366415856e+01
-4.106823834106845084e+01
-4.110607181720025238e+01
-4.114392271205954899e+01
-4.118179102564635485e+01
-4.121967675796065578e+01
-4.125757990900245886e+01
-4.129550047877176411e+01
-4.133343846726856441e+01
-8.816592644035821991e+01
-8.824684973218047901e+01
-8.832781014477880888e+01
-8.840880767815320951e+01
-8.848984233230366669e+01
-8.857091410723019465e+01
-8.865202300293279336e+01
-8.873316901941144863e+01
-8.881435215666617466e+01
-8.889557241469695725e+01
-8.897682979350381061e+01
-8.905812429308672051e+01
-8.913945591344571540e+01
-8.922082465458075262e+01
-8.930223051649187482e+01
-8.938367349917905358e+01
-8.946515360264230310e+01
-8.954667082688160917e+01
-8.962822517189698601e+01
-8.970981663768841941e+01
-8.979144522425592356e+01
-8.987311093159949849e+01
-8.995481375971912996e+01
-9.003655370861483220e+01
-9.011833077828660521e+01
-9.020014496873443477e+01
-9.028199627995833509e+01
-9.036388471195829197e+01
-9.044581026473431962e+01
-9.052777293828641803e+01
-9.060977273261457299e+01
-9.069180964771878450e+01
-9.077388368359908100e+01
-1.027791077626512646e+02
-1.028720364315144167e+02
-1.029650070925460597e+02
-1.030580197457461935e+02
-1.031510743911148182e+02
-1.032441710286519054e+02
-1.033373096583575119e+02
-1.034304902802315951e+02
-1.035237128942741549e+02
-1.036169775004852198e+02
-1.037102840988647614e+02
-1.038036326894127939e+02
-1.038970232721293172e+02
-1.039904558470143314e+02
-1.040839304140678223e+02
-1.041774469732898041e+02
-1.042710055246802909e+02
-1.043646060682392260e+02
-1.044582486039666804e+02
-1.045519331318626257e+02
-1.046456596519270335e+02
-1.047394281641599605e+02
-1.048332386685613500e+02
-1.049270911651312304e+02
-1.050209856538696016e+02
-1.051149221347764637e+02
-1.052089006078518167e+02
-1.053029210730956464e+02
-1.053969835305079812e+02
-1.054910879800887926e+02
-1.055852344218380807e+02
-1.056794228557558597e+02
-1.057736532818421438e+02
-1.025253198807333632e+02
-1.026166564686003824e+02
-1.027080337228021705e+02
-1.027994516433386991e+02
-1.028909102302099967e+02
-1.029824094834160633e+02
-1.030739494029568704e+02
-1.031655299888324464e+02
-1.032571512410427772e+02
-1.033488131595878627e+02
-1.034405157444677172e+02
-1.035322589956823265e+02
-1.036240429132316905e+02
-1.037158674971158092e+02
-1.038077327473346827e+02
-1.038996386638883251e+02
-1.039915852467767223e+02
-1.040835724959998743e+02
-1.041756004115577952e+02
-1.042676689934504566e+02
-1.043597782416778870e+02
-1.044519281562400863e+02
-1.045441187371370262e+02
-1.046363499843687208e+02
-1.047286218979351986e+02
-1.048209344778364169e+02
-1.049132877240723900e+02
-1.050056816366431320e+02
-1.050981162155486288e+02
-1.051905914607888803e+02
-1.052831073723638866e+02
-1.053756639502736618e+02
-1.054682611945181918e+02
-9.048643365980103681e+01
-9.056587741191674468e+01
-9.064535602307243778e+01
-9.072486949326813033e+01
-9.080441782250377969e+01
-9.088400101077942850e+01
-9.096361905809503412e+01
-9.104327196445063919e+01
-9.112295972984621528e+01
-9.120268235428179082e+01
-9.128243983775732318e+01
-9.136223218027284076e+01
-9.144205938182834359e+01
-9.152192144242383165e+01
-9.160181836205930495e+01
-9.168175014073473506e+01
-9.176171677845016461e+01
-9.184171827520557940e+01
-9.192175463100095101e+01
-9.200182584583632206e+01
-9.208193191971167835e+01
-9.216207285262700566e+01
-9.224224864458230400e+01
-9.232245929557760178e+01
-9.240270480561287059e+01
-9.248298517468812463e+01
-9.256330040280333549e+01
-9.264365048995856000e+01
-9.272403543615374133e+01
-9.280445524138892210e+01
-9.288490990566407390e+01
-9.296539942897921094e+01
-9.304592381133431900e+01
-6.723966708972375272e+01
-6.729785806080963084e+01
-6.735607420100063791e+01
-6.741431551029680236e+01
-6.747258198869808155e+01
-6.753087363620453232e+01
-6.758919045281609783e+01
-6.764753243853282072e+01
-6.770589959335467256e+01
-6.776429191728166757e+01
-6.782270941031380573e+01
-6.788115207245108707e+01
-6.793961990369351156e+01
-6.799811290404107922e+01
-6.805663107349377583e+01
-6.811517441205161560e+01
-6.817374291971461275e+01
-6.823233659648272464e+01
-6.829095544235600812e+01
-6.834959945733440634e+01
-6.840826864141796193e+01
-6.846696299460664648e+01
-6.852568251690047418e+01
-6.858442720829944506e+01
-6.864319706880355909e+01
-6.870199209841281629e+01
-6.876081229712721665e+01
-6.881965766494674597e+01
-6.887852820187141845e+01
-6.893742390790123409e+01
-6.899634478303620710e+01
-6.905529082727629486e+01
-6.911426204062154000e+01
-6.392090916971033465e+01
-6.397544919459916457e+01
-6.403001247749435265e+01
-6.408459901839587758e+01
-6.413920881730375356e+01
-6.419384187421798060e+01
-6.424849818913855870e+01
-6.430317776206548785e+01
-6.435788059299876807e+01
-6.441260668193838512e+01
-6.446735602888436745e+01
-6.452212863383668662e+01
-6.457692449679535684e+01
-6.463174361776037813e+01
-6.468658599673175047e+01
-6.474145163370947387e+01
-6.479634052869353411e+01
-6.485125268168395962e+01
-6.490618809268072198e+01
-6.496114676168383539e+01
-6.501612868869329986e+01
-6.507113387370911539e+01
-6.512616231673128198e+01
-6.518121401775979962e+01
-6.523628897679466832e+01
-6.529138719383587386e+01
-6.534650866888343046e+01
-6.540165340193733812e+01
-6.545682139299761104e+01
-6.551201264206420660e+01
-6.556722714913716743e+01
-6.562246491421647931e+01
-6.567772593730212805e+01
-6.462052517649478034e+01
-6.467489667432944600e+01
-6.472929103654502114e+01
-6.478370826314153419e+01
-6.483814835411897093e+01
-6.489261130947731715e+01
-6.494709712921660127e+01
-6.500160581333679488e+01
-6.505613736183791218e+01
-6.511069177471996738e+01
-6.516526905198293207e+01
-6.521986919362682045e+01
-6.527449219965163252e+01
-6.532913807005736828e+01
-6.538380680484402774e+01
-6.543849840401161089e+01
-6.549321286756010352e+01
-6.554795019548953405e+01
-6.560271038779988828e+01
-6.565749344449116620e+01
-6.571229936556335360e+01
-6.576712815101647891e+01
-6.582197980085052791e+01
-6.587685431506548639e+01
-6.593175169366136856e+01
-6.598667193663817443e+01
-6.604161504399591820e+01
-6.609658101573457145e+01
-6.615156985185414840e+01
-6.620658155235464903e+01
-6.626161611723607336e+01
-6.631667354649843560e+01
-6.637175384014169310e+01
-5.726665149458432325e+01
-5.731417568669601081e+01
-5.736171959021048394e+01
-5.740928320512774263e+01
-5.745686653144778688e+01
-5.750446956917060248e+01
-5.755209231829621075e+01
-5.759973477882460458e+01
-5.764739695075577686e+01
-5.769507883408973470e+01
-5.774278042882647810e+01
-5.779050173496599996e+01
-5.783824275250831448e+01
-5.788600348145340746e+01
-5.793378392180128600e+01
-5.798158407355195010e+01
-5.802940393670539265e+01
-5.807724351126162077e+01
-5.812510279722063444e+01
-5.817298179458242657e+01
-5.822088050334701137e+01
-5.826879892351437462e+01
-5.831673705508452343e+01
-5.836469489805745070e+01
-5.841267245243316353e+01
-5.846066971821166902e+01
-5.850868669539294586e+01
-5.855672338397701537e+01
-5.860477978396386334e+01
-5.865285589535350397e+01
-5.870095171814591595e+01
-5.874906725234112059e+01
-5.879720249793910369e+01
-6.490969278264110187e+01
-6.496283211361338772e+01
-6.501599318735611632e+01
-6.506917600386928768e+01
-6.512238056315291601e+01
-6.517560686520697288e+01
-6.522885491003148672e+01
-6.528212469762645753e+01
-6.533541622799187110e+01
-6.538872950112771321e+01
-6.544206451703402649e+01
-6.549542127571078254e+01
-6.554879977715796713e+01
-6.560220002137562290e+01
-6.565562200836370721e+01
-6.570906573812224849e+01
-6.576253121065123253e+01
-6.581601842595065932e+01
-6.586952738402054308e+01
-6.592305808486086960e+01
-6.597661052847163887e+01
-6.603018471485286511e+01
-6.608378064400451990e+01
-6.613739831592663165e+01
-6.619103773061920037e+01
-6.624469888808219764e+01
-6.629838178831565187e+01
-6.635208643131956308e+01
-6.640581281709390282e+01
-6.645956094563869954e+01
-6.651333081695393901e+01
-6.656712243103963544e+01
-6.662093578789576043e+01
-6.048591388989645168e+01
-6.053477165555872830e+01
-6.058364914579333060e+01
-6.063254636060026570e+01
-6.068146329997953359e+01
-6.073039996393112716e+01
-6.077935635245505352e+01
-6.082833246555131268e+01
-6.087732830321989752e+01
-6.092634386546081515e+01
-6.097537915227406558e+01
-6.102443416365964879e+01
-6.107350889961755058e+01
-6.112260336014779227e+01
-6.117171754525035965e+01
-6.122085145492525982e+01
-6.127000508917249277e+01
-6.131917844799205142e+01
-6.136837153138394285e+01
-6.141758433934816708e+01
-6.146681687188471699e+01
-6.151606912899359259e+01
-6.156534111067481518e+01
-6.161463281692834926e+01
-6.166394424775423033e+01
-6.171327540315242999e+01
-6.176262628312296243e+01
-6.181199688766582767e+01
-6.186138721678102570e+01
-6.191079727046854941e+01
-6.196022704872839881e+01
-6.200967655156058811e+01
-6.205914577896510309e+01
