-3.807701491714296862e-05
-7.615402983428593725e-05
-1.269233830571432197e-04
-1.903850745857148567e-04
-2.665391044200007939e-04
-3.553854725600010043e-04
-4.569241790057155693e-04
-5.711552237571444887e-04
-6.980786068142877084e-04
-8.376943281771453368e-04
-9.900023878457171571e-04
-1.155002785820003278e-03
-1.332695522100003915e-03
-1.523080596685718853e-03
-2.181178783713624142e-03
-2.453826131677827160e-03
-2.742511558934041839e-03
-3.047235065482268614e-03
-3.367996651322507917e-03
-3.704796316454758449e-03
-4.057634060879021509e-03
-4.426509884595295798e-03
-4.811423787603582615e-03
-5.212375769903881094e-03
-5.629365831496191235e-03
-6.062393972380513904e-03
-6.511460192556848235e-03
-6.976564492025194228e-03
-3.829337709086882459e-03
-4.084626889692674623e-03
-4.348151205156717755e-03
-4.619910655479012723e-03
-4.899905240659559527e-03
-6.988849734248673250e-03
-7.388212576205740144e-03
-7.798668830439391651e-03
-8.220218496949628639e-03
-8.652861575736451108e-03
-1.108798597803021223e-02
-1.164238527693172397e-02
-1.221030650995278202e-02
-1.279174967709339160e-02
-1.338671477835354923e-02
-1.545618520046677415e-02
-1.614312676493196222e-02
-1.684500184166813630e-02
-1.756181043067529118e-02
-1.829355253195342687e-02
-2.191360509108103080e-02
-2.279014929472427189e-02
-2.368388063961542056e-02
-2.459479912575447680e-02
-2.552290475314143714e-02
-3.140275684596480904e-02
-3.254467527672716409e-02
-3.370698510803885051e-02
-3.488968633989986134e-02
-3.609277897231019661e-02
-4.174462137147122442e-02
-4.313610875052027033e-02
-4.455040739807830663e-02
-4.598751731414535415e-02
-4.744743849872139901e-02
-5.452265540632259683e-02
-5.620027557267098101e-02
-5.790331422638829439e-02
-5.963177136747450924e-02
-6.138564699592963941e-02
-6.402941455890875933e-02
-6.585882640344900563e-02
-6.771400461199686416e-02
-6.959494918455233492e-02
-7.150166012111541791e-02
-7.576017170449975136e-02
-7.778044294995309360e-02
-7.982729671179396302e-02
-8.190073299002237350e-02
-8.400075178463832504e-02
-9.100520274857293312e-02
-9.328033281728725923e-02
-9.558355091154126237e-02
-9.791485703133497032e-02
-1.002742511766683275e-01
-1.098158836336513844e-01
-1.123997867779726045e-01
-1.150137353076928909e-01
-1.176577292228122712e-01
-1.203317685233307455e-01
-1.253663621658296090e-01
-1.281522813250702553e-01
-1.309688149805663115e-01
-1.338159631323177501e-01
-1.366937257803245709e-01
-1.416938372278339908e-01
-1.446768653799989091e-01
-1.476909667420822359e-01
-1.507361413140839157e-01
-1.538123890960040041e-01
-1.576261506341080365e-01
-1.607786736467902156e-01
-1.639624097586078189e-01
-1.671773589695609297e-01
-1.704235212796494925e-01
-1.737008966888735351e-01
-1.770094851972330019e-01
-1.803492868047279762e-01
-1.837203015113584026e-01
-1.883727126558473741e-01
-1.918290927045785133e-01
-1.953168943901163190e-01
-1.988361177124607360e-01
-2.023867626716118195e-01
-2.059688292675695698e-01
-2.095823175003339311e-01
-2.132272273699049592e-01
-2.169035588762826539e-01
-2.231268580448722838e-01
-2.269086691981752058e-01
-2.307222602771361597e-01
-2.345676312817550901e-01
-2.384447822120320248e-01
-2.423537130679669638e-01
-2.462944238495599347e-01
-2.502669145568108822e-01
-2.542711851897198616e-01
-2.538854593590423314e-01
-2.578836555694209443e-01
-2.619130876876931135e-01
-2.659737557138588948e-01
-2.700656596479182880e-01
-2.741887994898712377e-01
-2.783431752397177994e-01
-2.825287868974579175e-01
-2.867456344630915921e-01
-2.893562293054230405e-01
-2.936114679716792519e-01
-2.978977667741855018e-01
-3.022151257129418456e-01
-3.065635447879481723e-01
-3.109430239992045930e-01
-3.153535633467110522e-01
-3.197951628304675498e-01
-3.242678224504740858e-01
-3.310515608250617081e-01
-3.356177892502349991e-01
-3.402152932125669937e-01
-3.448440727120576921e-01
-3.495041277487071496e-01
-3.541954583225152553e-01
-3.589180644334821757e-01
-3.636719460816077443e-01
-3.684571032668920720e-01
-3.601614052820926726e-01
-3.648388261299120860e-01
-3.695464238864271111e-01
-3.742841985516377479e-01
-3.790521501255439407e-01
-3.838502786081457452e-01
-3.886785839994431613e-01
-3.935370662994362445e-01
-3.984257255081248283e-01
-4.034070872399208030e-01
-4.083568674514536090e-01
-4.133368292496420460e-01
-4.183469726344862250e-01
-4.233872976059860349e-01
-4.284578041641415869e-01
-4.335584923089527143e-01
-4.386893620404196947e-01
-4.438504133585422506e-01
-4.488135171484424757e-01
-4.540322789757499367e-01
-4.592812070563944693e-01
-4.645603013903760181e-01
-4.698695619776945831e-01
-4.752089888183502198e-01
-4.805785819123429281e-01
-4.859783412596725971e-01
-4.914082668603393378e-01
-5.049307514237965089e-01
-5.105100967433965353e-01
-5.161200978065108025e-01
-5.217607546131393104e-01
-5.274320671632820590e-01
-5.331340354569392703e-01
-5.388666594941106114e-01
-5.446299392747963042e-01
-5.504238747989962377e-01
-5.531977825910104896e-01
-5.590209171446001157e-01
-5.648745393136535009e-01
-5.707586490981707561e-01
-5.766732464981518813e-01
-5.826183315135966545e-01
-5.885939041445054087e-01
-5.945999643908778109e-01
-6.006365122527141942e-01
-6.092688073443824903e-01
-6.153921119408084506e-01
-6.215460330602164962e-01
-6.277305707026067383e-01
-6.339457248679790657e-01
-6.401914955563334786e-01
-6.464678827676700879e-01
-6.527748865019888935e-01
-6.591125067592896736e-01
-6.845457830749072103e-01
-6.911279540660120180e-01
-6.977416186982227098e-01
-7.043867769715390637e-01
-7.110634288859613017e-01
-7.177715744414892018e-01
-7.245112136381229861e-01
-7.312823464758624326e-01
-7.380849729547076521e-01
-7.537959982265038938e-01
-7.607434267815869067e-01
-7.677227242749959935e-01
-7.747338907067311542e-01
-7.817769260767922779e-01
-7.888518303851794755e-01
-7.959586036318928581e-01
-8.030972458169322037e-01
-8.102677569402977342e-01
-8.381989158194493861e-01
-8.456166053399754023e-01
-8.530669719068474377e-01
-8.605500155200653811e-01
-8.680657361796292326e-01
-8.756141338855391032e-01
-8.831952086377948818e-01
-8.908089604363965686e-01
-8.984553892813440523e-01
-9.380570532351277802e-01
-9.460405175179799064e-01
-9.540578100393186656e-01
-9.621089307991442796e-01
-9.701938797974564155e-01
-9.783126570342551842e-01
-9.864652625095405858e-01
-9.946516962233127312e-01
-1.002871958175571621e+00
-1.070226684388965399e+00
-1.078999034261005852e+00
-1.087807189642728378e+00
-1.096651150534132757e+00
-1.105530916935218766e+00
-1.114446488845986627e+00
-1.123397866266436340e+00
-1.132385049196567905e+00
-1.141408037636381323e+00
-1.203147274069690464e+00
-1.212658319714510213e+00
-1.222206810420923606e+00
-1.231792746188930865e+00
-1.241416127018531990e+00
-1.251076952909726758e+00
-1.260775223862515171e+00
-1.270510939876897671e+00
-1.280284100952873816e+00
-1.364964422710412961e+00
-1.375383998456293888e+00
-1.385843192360904474e+00
-1.396342004424244720e+00
-1.406880434646314404e+00
-1.417458483027113747e+00
-1.428076149566642750e+00
-1.438733434264901412e+00
-1.449430337121889290e+00
-1.545429631125128100e+00
-1.556835015856678828e+00
-1.568282332149742553e+00
-1.579771580004319276e+00
-1.591302759420409441e+00
-1.602875870398012381e+00
-1.614490912937128320e+00
-1.626147887037757478e+00
-1.637846792699899412e+00
-1.735826597015890371e+00
-1.748225358423146636e+00
-1.760668243536478661e+00
-1.773155252355886446e+00
-1.785686384881369548e+00
-1.798261641112928411e+00
-1.810881021050563033e+00
-1.823544524694273417e+00
-1.836252152044059338e+00
-1.941325075023495605e+00
-1.954759850629194551e+00
-1.968240953047327046e+00
-1.981768382277892870e+00
-1.995342138320892023e+00
-2.008962221176324725e+00
-2.022628630844190756e+00
-2.036341367324490559e+00
-2.050100430617223690e+00
-2.186944259394983270e+00
-2.201621737645956145e+00
-2.216348304452952611e+00
-2.231123959815972224e+00
-2.245948703735015428e+00
-2.260822536210081779e+00
-2.275745457241171277e+00
-2.290717466828284365e+00
-2.305738564971420601e+00
-2.417540855352867890e+00
-2.433290307179271306e+00
-2.449090893589525919e+00
-2.464942614583633063e+00
-2.480845470161591848e+00
-2.496799460323402720e+00
-2.512804585069065677e+00
-2.528860844398580721e+00
-2.544968238311946962e+00
-2.718746696728769674e+00
-2.735953954303002256e+00
-2.753215493446869555e+00
-2.770531314160372460e+00
-2.787901416443509195e+00
-2.805325800296281091e+00
-2.822804465718687705e+00
-2.840337412710729481e+00
-2.857924641272405974e+00
-3.078028345034176994e+00
-3.096970057926694775e+00
-3.115969874232993764e+00
-3.135027793953073516e+00
-3.154143817086933144e+00
-3.173317943634574423e+00
-3.192550173595996021e+00
-3.211840506971198383e+00
-3.231188943760181509e+00
-3.579119661551454890e+00
-3.600551515812242087e+00
-3.622047345757390069e+00
-3.643607151386897947e+00
-3.665230932700766608e+00
-3.686918689698996054e+00
-3.708670422381586285e+00
-3.730486130748536855e+00
-3.752365814799847765e+00
-3.991200857523595324e+00
-4.014473165730730209e+00
-4.037813125996605912e+00
-4.061220738321224211e+00
-4.084696002704584217e+00
-4.108238919146685042e+00
-4.131849487647528463e+00
-4.155527708207112703e+00
-4.179273580825439538e+00
-4.462106424040596764e+00
-4.487459301449918669e+00
-4.512884000041702315e+00
-4.538380519815949476e+00
-4.563948860772659266e+00
-4.589589022911831684e+00
-4.615301006233466730e+00
-4.641084810737564403e+00
-4.666940436424123817e+00
-4.924589445138733090e+00
-4.951872489156122548e+00
-4.979230900698421891e+00
-5.006664679765631121e+00
-5.034173826357749348e+00
-5.061758340474777462e+00
-5.089418222116716350e+00
-5.117153471283565125e+00
-5.144964087975323785e+00
-5.390339396493772028e+00
-5.419476366204549755e+00
-5.448691872221824717e+00
-5.477985914545597801e+00
-5.507358493175869008e+00
-5.536809608112638337e+00
-5.566339259355905789e+00
-5.595947446905671363e+00
-5.625634170761935060e+00
-5.573286365870285586e+00
-5.602696848012080899e+00
-5.632184726159512600e+00
-5.661750000312580688e+00
-5.691392670471286053e+00
-5.721112736635626916e+00
-5.750910198805604168e+00
-5.780785056981216918e+00
-5.810737311162466945e+00
-5.656820464227194201e+00
-5.685979332599499614e+00
-5.715213159502324558e+00
-5.744521944935669922e+00
-5.773905688899534816e+00
-5.803364391393920130e+00
-5.832898052418826751e+00
-5.862506671974252015e+00
-5.892190250060196810e+00
-5.922132403624726926e+00
-5.951966823794121453e+00
-5.981876204818211917e+00
-6.011860546697000096e+00
-6.041919849430485989e+00
-6.072054113018667820e+00
-6.102263337461545589e+00
-6.132547522759121961e+00
-6.162906668911395158e+00
-6.050610995039724216e+00
-6.080416960532530446e+00
-6.110296159355786294e+00
-6.140248591509491760e+00
-6.170274256993645956e+00
-6.200373155808248882e+00
-6.230545287953301425e+00
-6.260790653428801811e+00
-6.291109252234752702e+00
-6.351273704326942493e+00
-6.381882252299603486e+00
-6.412564378512581875e+00
-6.443320082965879436e+00
-6.474149365659496169e+00
-6.505052226593432074e+00
-6.536028665767686263e+00
-6.567078683182259624e+00
-6.598202278837151269e+00
-6.489261068694960777e+00
-6.519870790717106956e+00
-6.550552535614598604e+00
-6.581306303387437495e+00
-6.612132094035622742e+00
-6.643029907559152569e+00
-6.673999743958029640e+00
-6.705041603232253955e+00
-6.736155485381823738e+00
-7.011940546599035429e+00
-7.044328262749608882e+00
-7.076790604974261711e+00
-7.109327573272993028e+00
-7.141939167645804609e+00
-7.174625388092696454e+00
-7.207386234613668563e+00
-7.240221707208719160e+00
-7.273131805877849132e+00
-7.272663465502861690e+00
-7.305571444984775731e+00
-7.338553708844751888e+00
-7.371610257082791939e+00
-7.404741089698893219e+00
-7.437946206693059281e+00
-7.471225608065287460e+00
-7.504579293815578644e+00
-7.538007263943933722e+00
-7.576176532848774237e+00
-7.609773768027704222e+00
-7.643445333372960171e+00
-7.677191228884540308e+00
-7.711011454562445522e+00
-7.744906010406676700e+00
-7.778874896417231177e+00
-7.812918112594112507e+00
-7.847035658937318026e+00
-7.800255250592381451e+00
-7.834169403855825387e+00
-7.868157123612251169e+00
-7.902218409861654358e+00
-7.936353262604036729e+00
-7.970561681839400059e+00
-8.004843667567740795e+00
-8.039199219789061601e+00
-8.073628338503361590e+00
-8.221616818510034008e+00
-8.256677018162529080e+00
-8.291811813984496737e+00
-8.327021205975938756e+00
-8.362305194136855135e+00
-8.397663778467242324e+00
-8.433096958967103873e+00
-8.468604735636439784e+00
-8.504187108475248280e+00
-8.523259667030657738e+00
-8.558921841369697248e+00
-8.594658467012159520e+00
-8.630469543958044554e+00
-8.666355072207350574e+00
-8.702315051760077580e+00
-8.738349482616227348e+00
-8.774458364775798103e+00
-8.810641698238791619e+00
-8.891226772364838382e+00
-8.927741050690773505e+00
-8.964330153357538578e+00
-9.000994080365135375e+00
-9.037732831713565673e+00
-9.074546407402825920e+00
-9.111434807432919669e+00
-9.148398031803843367e+00
-9.185436080515598789e+00
-8.982365400484145113e+00
-9.018584615808679317e+00
-9.054876706817969634e+00
-9.091241673512017840e+00
-9.127679515890822159e+00
-9.164190233954386144e+00
-9.200773827702706242e+00
-9.237430297135786006e+00
-9.274159642253621882e+00
-9.157196285844641181e+00
-9.193462409748976327e+00
-9.229800205834941096e+00
-9.266209674102533711e+00
-9.302690814551755949e+00
-9.339243627182607810e+00
-9.375868111995089293e+00
-9.412564268989198624e+00
-9.449332098164937577e+00
-9.149207578211722591e+00
-9.184807607698926901e+00
-9.220476763456980862e+00
-9.256215045485884474e+00
-9.292022453785635960e+00
-9.327898988356237098e+00
-9.363844649197687886e+00
-9.399859436309984773e+00
-9.435943349693133086e+00
-9.287767988317879642e+00
-9.323285265519860587e+00
-9.358870323785202672e+00
-9.394523163113909447e+00
-9.430243783505977362e+00
-9.466032184961408191e+00
-9.501888367480201936e+00
-9.537812331062356819e+00
-9.573804075707876393e+00
-9.883107412556260130e+00
-9.920261951701210279e+00
-9.957486199174761410e+00
-9.994780154976913522e+00
-1.003214381910766839e+01
-1.006957719156702424e+01
-1.010708027235498463e+01
-1.014465306147154422e+01
-1.018229555891670834e+01
-1.019003308684975018e+01
-1.022770418883440691e+01
-1.026544479469726490e+01
-1.030325490443832237e+01
-1.034113451805758110e+01
-1.037908363555504110e+01
-1.041710225693070058e+01
-1.045519038218455954e+01
-1.049334801131661976e+01
-1.027270809641928828e+01
-1.031006339858808651e+01
-1.034748649622361505e+01
-1.038497738932587389e+01
-1.042253607789486480e+01
-1.046016256193058602e+01
-1.049785684143303932e+01
-1.053561891640222292e+01
-1.057344878683813683e+01
-1.086053555101827506e+01
-1.089939256551207869e+01
-1.093831896753176558e+01
-1.097731475707733395e+01
-1.101637993414878380e+01
-1.105551449874611514e+01
-1.109471845086932795e+01
-1.113399179051842225e+01
-1.117333451769339980e+01
-1.088705803791448012e+01
-1.092539274931558957e+01
-1.096379483279297240e+01
-1.100226428834663217e+01
-1.104080111597656710e+01
-1.107940531568277898e+01
-1.111807688746526779e+01
-1.115681583132402999e+01
-1.119562214725907090e+01
-1.093927291227719500e+01
-1.097719066933881216e+01
-1.101517402805624890e+01
-1.105322298842949991e+01
-1.109133755045856873e+01
-1.112951771414345004e+01
-1.116776347948415093e+01
-1.120607484648066432e+01
-1.124445181513299730e+01
-1.104582143178547682e+01
-1.108352048104071841e+01
-1.112128375354852139e+01
-1.115911124930889109e+01
-1.119700296832182573e+01
-1.123495891058732354e+01
-1.127297907610538452e+01
-1.131106346487601044e+01
-1.134921207689920131e+01
-1.105368267143370886e+01
-1.109083790730407593e+01
-1.112805548417422408e+01
-1.116533540204415509e+01
-1.120267766091386541e+01
-1.124008226078336214e+01
-1.127754920165263997e+01
-1.131507848352170065e+01
-1.135267010639054241e+01
-1.086207530486235484e+01
-1.089804244163342339e+01
-1.093406902821733517e+01
-1.097015506461409196e+01
-1.100630055082369374e+01
-1.104250548684613875e+01
-1.107876987268143054e+01
-1.111509370832956733e+01
-1.115147699379054735e+01
-1.060368861087412640e+01
-1.063828465854418859e+01
-1.067293705156876271e+01
-1.070764578994784699e+01
-1.074241087368144498e+01
-1.077723230276955313e+01
-1.081211007721217321e+01
-1.084704419700930345e+01
-1.088203466216094739e+01
-1.016780171258503174e+01
-1.020049560876697825e+01
-1.023324198311293998e+01
-1.026604083562291692e+01
-1.029889216629690907e+01
-1.033179597513491998e+01
-1.036475226213694434e+01
-1.039776102730298568e+01
-1.043082227063304224e+01
-9.321359229386677825e+00
-9.350903949606603760e+00
-9.380495417801562041e+00
-9.410133633971550893e+00
-9.439818598116572090e+00
-9.469550310236623858e+00
-9.499328770331707972e+00
-9.529153978401822656e+00
-9.559025934446969686e+00
-8.528769402412402556e+00
-8.555421806794941020e+00
-8.582115790591492654e+00
-8.608851353802059236e+00
-8.635628496426637213e+00
-8.662447218465230137e+00
-8.689307519917834455e+00
-8.716209400784453720e+00
-8.743152861065086157e+00
-7.396583336162996680e+00
-7.419377121482452431e+00
-7.442205974163936588e+00
-7.465069894207450929e+00
-7.487968881612995453e+00
-7.510902936380569273e+00
-7.533872058510173275e+00
-7.556876248001807461e+00
-7.579915504855471831e+00
-6.411243097405050051e+00
-6.430730158491387627e+00
-6.450246790231878080e+00
-6.469792992626519634e+00
-6.489368765675314066e+00
-6.508974109378260486e+00
-6.528609023735359784e+00
-6.548273508746611071e+00
-6.567967564412013459e+00
-5.965141254592872144e+00
-5.983027735116388968e+00
-6.000940991808353608e+00
-6.018881024668766955e+00
-6.036847833697629007e+00
-6.054841418894939764e+00
-6.072861780260699227e+00
-6.090908917794905619e+00
-6.108982831497561605e+00
-5.421783624901315157e+00
-5.437824404856644200e+00
-5.453888878726235845e+00
-5.469977046510089203e+00
-5.486088908208204273e+00
-5.502224463820581057e+00
-5.518383713347220443e+00
-5.534566656788121541e+00
-5.550773294143283465e+00
-5.139675937080232515e+00
-5.154682290181196613e+00
-5.169710518432453661e+00
-5.184760621834003658e+00
-5.199832600385847492e+00
-5.214926454087982499e+00
-5.230042182940412232e+00
-5.245179786943134026e+00
-5.260339266096148769e+00
-6.404233314486993400e+00
-6.422689318275140558e+00
-6.441171877464420881e+00
-6.459680992054836146e+00
-6.478216662046385466e+00
-6.496778887439068839e+00
-6.515367668232885379e+00
-6.533983004427835972e+00
-6.552624896023921508e+00
-6.329305839447358473e+00
-6.347312399445786291e+00
-6.365344536944212095e+00
-6.383402251942634997e+00
-6.401485544441055886e+00
-6.419594414439475649e+00
-6.437728861937891622e+00
-6.455888886936306470e+00
-6.474074489434718416e+00
-8.148648223304720162e+00
-8.171537684606137830e+00
-8.194459248938834151e+00
-8.217412916302809123e+00
-8.240398686698060970e+00
-8.263416560124591470e+00
-8.286466536582402398e+00
-8.309548616071488425e+00
-8.332662798591854880e+00
-8.085468133337606389e+00
-8.107896616370442899e+00
-8.130356163784211887e+00
-8.152846775578913352e+00
-8.175368451754545518e+00
-8.197921192311108385e+00
-8.220504997248605505e+00
-8.243119866567033327e+00
-8.265765800266393626e+00
-9.630757372044019604e+00
-9.657143008679756946e+00
-9.683564740577647711e+00
-9.710022567737697230e+00
-9.736516490159900172e+00
-9.763046507844260091e+00
-9.789612620790775210e+00
-9.816214828999445530e+00
-9.842853132470272826e+00
-1.167678189779326381e+01
-1.170838347261814327e+01
-1.174002775227386763e+01
-1.177171473676043867e+01
-1.180344442607785105e+01
-1.183521682022610833e+01
-1.186703191920521228e+01
-1.189888972301515935e+01
-1.193079023165594954e+01
-1.324091851223908556e+01
-1.327632203767288033e+01
-1.331177283083088625e+01
-1.334727089171309977e+01
-1.338281622031952800e+01
-1.341840881665016383e+01
-1.345404868070501259e+01
-1.348973581248407072e+01
-1.352547021198734001e+01
-1.525393064857680869e+01
-1.529423165425336606e+01
-1.533458582748358623e+01
-1.537499316826746742e+01
-1.541545367660501320e+01
-1.545596735249622355e+01
-1.549653419594109494e+01
-1.553715420693962912e+01
-1.557782738549182788e+01
-1.564465532542513415e+01
-1.568550298946018628e+01
-1.572640390990206427e+01
-1.576735808675076811e+01
-1.580836552000629602e+01
-1.584942620966864979e+01
-1.589054015573783118e+01
-1.593170735821383310e+01
-1.597292781709666443e+01
-1.698302513507983136e+01
-1.702685229671874723e+01
-1.707073593665874256e+01
-1.711467605489982091e+01
-1.715867265144197873e+01
-1.720272572628521957e+01
-1.724683527942954342e+01
-1.729100131087494319e+01
-1.733522382062142597e+01
-1.760551462355359931e+01
-1.765042665065449867e+01
-1.769539589052877915e+01
-1.774042234317643718e+01
-1.778550600859746567e+01
-1.783064688679187881e+01
-1.787584497775966241e+01
-1.792110028150082712e+01
-1.796641279801536939e+01
-1.904078397563764824e+01
-1.908880612942235899e+01
-1.913688876450906662e+01
-1.918503188089776756e+01
-1.923323547858846538e+01
-1.928149955758116008e+01
-1.932982411787585164e+01
-1.937820915947253653e+01
-1.942665468237121473e+01
-1.901114140328777680e+01
-1.905855073347053974e+01
-1.910601910391504887e+01
-1.915354651462130775e+01
-1.920113296558930926e+01
-1.924877845681906052e+01
-1.929648298831055797e+01
-1.934424656006379806e+01
-1.939206917207879144e+01
-1.881497640870654209e+01
-1.886137585731001209e+01
-1.890783244809156471e+01
-1.895434618105119995e+01
-1.900091705618891780e+01
-1.904754507350471471e+01
-1.909423023299860134e+01
-1.914097253467057058e+01
-1.918777197852061889e+01
-2.038297443785810259e+01
-2.043268900965775714e+01
-2.048246413513804498e+01
-2.053229981429896256e+01
-2.058219604714051698e+01
-2.063215283366270469e+01
-2.068217017386552214e+01
-2.073224806774897289e+01
-2.078238651531305692e+01
-1.990104410351651154e+01
-1.994905627264441961e+01
-1.999712628775922241e+01
-2.004525414886093060e+01
-2.009343985594954063e+01
-2.014168340902504539e+01
-2.018998480808745910e+01
-2.023834405313676754e+01
-2.028676114417298137e+01
-2.038458108378398492e+01
-2.043323163529659681e+01
-2.048194017316381377e+01
-2.053070669738562870e+01
-2.057953120796205226e+01
-2.062841370489308090e+01
-2.067735418817870752e+01
-2.072635265781894276e+01
-2.077540911381378308e+01
-2.096156841580543784e+01
-2.101106444512257099e+01
-2.106061884239880300e+01
-2.111023160763413742e+01
-2.115990274082857070e+01
-2.120963224198210639e+01
-2.125942011109473739e+01
-2.130926634816647436e+01
-2.135917095319730663e+01
-2.141757729691104473e+01
-2.146761836536176915e+01
-2.151771782479085005e+01
-2.156787567519828741e+01
-2.161809191658408125e+01
-2.166836654894823155e+01
-2.171869957229073833e+01
-2.176909098661159803e+01
-2.181954079191081064e+01
-2.209546118194095854e+01
-2.214654895345989871e+01
-2.219769571778659767e+01
-2.224890147492105186e+01
-2.230016622486326838e+01
-2.235148996761324014e+01
-2.240287270317097423e+01
-2.245431443153646356e+01
-2.250581515270970812e+01
-2.172091028461197126e+01
-2.177061488480559248e+01
-2.182037629025657566e+01
-2.187019450096492434e+01
-2.192006951693063499e+01
-2.197000133815371470e+01
-2.201998996463415637e+01
-2.207003539637195999e+01
-2.212013763336712913e+01
-2.179691120606592136e+01
-2.184628133337297839e+01
-2.189570730924033981e+01
-2.194518913366800206e+01
-2.199472680665596513e+01
-2.204432032820423260e+01
-2.209396969831280089e+01
-2.214367491698167001e+01
-2.219343598421084351e+01
-2.095873089950850598e+01
-2.100572356968677212e+01
-2.105276886323590446e+01
-2.109986678015589590e+01
-2.114701732044674642e+01
-2.119422048410845960e+01
-2.124147627114103187e+01
-2.128878468154446324e+01
-2.133614571531875370e+01
-1.957969585999261852e+01
-1.962315800396596543e+01
-1.966666833213440668e+01
-1.971022684449793516e+01
-1.975383354105655798e+01
-1.979748842181027513e+01
-1.984119148675908306e+01
-1.988494273590298533e+01
-1.992874216924197839e+01
-1.734235954810882419e+01
-1.738047462403873311e+01
-1.741863153869084968e+01
-1.745683029206517034e+01
-1.749507088416169864e+01
-1.753335331498043459e+01
-1.757167758452137463e+01
-1.761004369278452231e+01
-1.764845163976987408e+01
-1.327888256220690089e+01
-1.330778110967634120e+01
-1.333671106861041977e+01
-1.336567243900914015e+01
-1.339466522087250056e+01
-1.342368941420050099e+01
-1.345274501899314323e+01
-1.348183203525042551e+01
-1.351095046297234781e+01
-1.156335261814650295e+01
-1.158827363672009625e+01
-1.161322148093262463e+01
-1.163819615078409342e+01
-1.166319764627450084e+01
-1.168822596740384334e+01
-1.171328111417212625e+01
-1.173836308657934779e+01
-1.176347188462550619e+01
-1.081840842593156538e+01
-1.084150001275319042e+01
-1.086461621747121420e+01
-1.088775704008563672e+01
-1.091092248059645797e+01
-1.093411253900367619e+01
-1.095732721530729314e+01
-1.098056650950730884e+01
-1.100383042160372149e+01
-4.760900746905146086e+00
-4.770966076179787407e+00
-4.781042034102025440e+00
-4.791128620671860183e+00
-4.801225835889293414e+00
-4.811333679754323356e+00
-4.821452152266950897e+00
-4.831581253427175149e+00
-4.841720983234997000e+00
-5.204132805491332725e+00
-5.215031512937388314e+00
-5.225941620705039092e+00
-5.236863128794286837e+00
-5.247796037205130659e+00
-5.258740345937571448e+00
-5.269696054991607426e+00
-5.280663164367240370e+00
-5.291641674064470280e+00
-4.786124793292680368e-01
-4.796054512780839052e-01
-4.805994522133753000e-01
-4.815944821351421101e-01
-4.825905410433844467e-01
-4.835876289381021431e-01
-4.845857458192953660e-01
-4.855848916869640042e-01
-4.865850665411081133e-01
-5.160629992639145236e-01
-5.171237659633264316e-01
-5.181856217455920177e-01
-5.192485666107111708e-01
-5.203126005586840019e-01
-5.213777235895102891e-01
-5.224439357031902542e-01
-5.235112368997238974e-01
-5.245796271791111076e-01
1.636284062451109911e+00
1.639616616549788519e+00
1.642952560835749365e+00
1.646291895308992670e+00
1.649634619969518656e+00
1.652980734817326880e+00
1.656330239852418007e+00
1.659683135074791149e+00
1.663039420484446973e+00
1.585282647287185709e+00
1.588482006817533376e+00
1.591684591508697677e+00
1.594890401360678833e+00
1.598099436373477067e+00
1.601311696547092156e+00
1.604527181881523878e+00
1.607745892376772900e+00
1.610967828032838334e+00
-1.992232666809780506e+00
-1.996217132143400130e+00
-2.000205577961868819e+00
-2.004198004265185684e+00
-2.008194411053351391e+00
-2.012194798326365941e+00
-2.016199166084229777e+00
-2.020207514326942011e+00
-2.024219843054502643e+00
-7.280026849244513265e+00
-7.294457031304462546e+00
-7.308901500673382401e+00
-7.323360257351271940e+00
-7.337833301338132941e+00
-7.352320632633962738e+00
-7.366822251238763108e+00
-7.381338157152534940e+00
-7.395868350375276457e+00
-1.120665518631967572e+01
-1.122867219061500066e+01
-1.125071080139147561e+01
-1.127277101864910769e+01
-1.129485284238789156e+01
-1.131695627260782722e+01
-1.133908130930891822e+01
-1.136122795249116280e+01
-1.138339620215456094e+01
-2.555446426083477007e+01
-2.560422952716551137e+01
-2.565404320328839916e+01
-2.570390528920344053e+01
-2.575381578491062839e+01
-2.580377469040997340e+01
-2.585378200570146490e+01
-2.590383773078510643e+01
-2.595394186566089800e+01
-3.419139762029994500e+01
-3.425740417941248950e+01
-3.432347438998030498e+01
-3.438960825200338434e+01
-3.445580576548174179e+01
-3.452206693041535601e+01
-3.458839174680424833e+01
-3.465478021464839742e+01
-3.472123233394781749e+01
-4.498882055506275890e+01
-4.507492356090976671e+01
-4.516110888320596217e+01
-4.524737652195133819e+01
-4.533372647714590897e+01
-4.542015874878965320e+01
-4.550667333688258509e+01
-4.559327024142470464e+01
-4.567994946241600474e+01
-5.873725486231209914e+01
-5.884871075389144579e+01
-5.896027229086564603e+01
-5.907193947323470695e+01
-5.918371230099862856e+01
-5.929559077415742507e+01
-5.940757489271106806e+01
-5.951966465665957884e+01
-5.963186006600295741e+01
-6.621307117830963307e+01
-6.633764892276552416e+01
-6.646234375156771534e+01
-6.658715566471620662e+01
-6.671208466221098377e+01
-6.683713074405204679e+01
-6.696229391023940991e+01
-6.708757416077307312e+01
-6.721297149565302220e+01
-7.282907253690196114e+01
-7.296494767223200029e+01
-7.310094943862944206e+01
-7.323707783609431488e+01
-7.337333286462657611e+01
-7.350971452422625418e+01
-7.364622281489333488e+01
-7.378285773662783242e+01
-7.391961928942974680e+01
-7.788395698934722589e+01
-7.802805311698709545e+01
-7.817228242034566676e+01
-7.831664489942293983e+01
-7.846114055421892886e+01
-7.860576938473361963e+01
-7.875053139096701216e+01
-7.889542657291910643e+01
-7.904045493058991667e+01
-8.151456759851954814e+01
-8.166413561246179142e+01
-8.181384071899242372e+01
-8.196368291811144502e+01
-8.211366220981888375e+01
-8.226377859411472571e+01
-8.241403207099894246e+01
-8.256442264047156243e+01
-8.271495030253259984e+01
-8.761663487793515515e+01
-8.777608280309974020e+01
-8.793567568092355202e+01
-8.809541351140660481e+01
-8.825529629454891278e+01
-8.841532403035044752e+01
-8.857549671881123743e+01
-8.873581435993123989e+01
-8.889627695371051175e+01
-9.188867813705368803e+01
-9.205454217701226582e+01
-9.222055577877424071e+01
-9.238671894233959847e+01
-9.255303166770833911e+01
-9.271949395488047685e+01
-9.288610580385601168e+01
-9.305286721463491517e+01
-9.321977818721722997e+01
-9.458951920883332320e+01
-9.475888271681689901e+01
-9.492839771273250449e+01
-9.509806419658009702e+01
-9.526788216835970502e+01
-9.543785162807131428e+01
-9.560797257571493901e+01
-9.577824501129056500e+01
-9.594866893479820646e+01
-9.348567285771733282e+01
-9.365172201021771059e+01
-9.381791850003176592e+01
-9.398426232715948458e+01
-9.415075349160086660e+01
-9.431739199335591195e+01
-9.448417783242462065e+01
-9.465111100880699269e+01
-9.481819152250304228e+01
-9.561036117781789301e+01
-9.577883758517970136e+01
-9.594746229923811143e+01
-9.611623531999315162e+01
-9.628515664744480773e+01
-9.645422628159307976e+01
-9.662344422243798192e+01
-9.679281046997950000e+01
-9.696232502421763400e+01
-8.737009770806689346e+01
-8.752284263412992971e+01
-8.767572096187514319e+01
-8.782873269130250549e+01
-8.798187782241200239e+01
-8.813515635520366232e+01
-8.828856828967748527e+01
-8.844211362583344282e+01
-8.859579236367154920e+01
-8.992586271694176503e+01
-9.008184860196682564e+01
-9.023796965673625436e+01
-9.039422588125009383e+01
-9.055061727550830142e+01
-9.070714383951090554e+01
-9.086380557325790619e+01
-9.102060247674930338e+01
-9.117753454998506868e+01
-8.483274063684304167e+01
-8.497875223862763505e+01
-8.512488938779122805e+01
-8.527115208433382065e+01
-8.541754032825542708e+01
-8.556405411955603313e+01
-8.571069345823565300e+01
-8.585745834429427248e+01
-8.600434877773190578e+01
-7.767546564177249024e+01
-7.780813082647235035e+01
-7.794090920672230993e+01
-7.807380078252234057e+01
-7.820680555387247068e+01
-7.833992352077268606e+01
-7.847315468322297249e+01
-7.860649904122334419e+01
-7.873995659477381537e+01
-7.148710452021541073e+01
-7.160826910414797908e+01
-7.172953628298650131e+01
-7.185090605673097741e+01
-7.197237842538142161e+01
-7.209395338893780547e+01
-7.221563094740014321e+01
-7.233741110076843484e+01
-7.245929384904269455e+01
-5.969554081665206979e+01
-5.979595383736973702e+01
-5.989645123877708244e+01
-5.999703302087410606e+01
-6.009769918366080788e+01
-6.019844972713718789e+01
-6.029928465130324611e+01
-6.040020395615898963e+01
-6.050120764170440424e+01
-4.663694546533092478e+01
-4.671480347111612019e+01
-4.679272641268595123e+01
-4.687071429004043210e+01
-4.694876710317954860e+01
-4.702688485210331493e+01
-4.710506753681170977e+01
-4.718331515730475445e+01
-4.726162771358243475e+01
-3.127153118687780875e+01
-3.132334813996293832e+01
-3.137520798787678444e+01
-3.142711073061934712e+01
-3.147905636819061570e+01
-3.153104490059060083e+01
-3.158307632781929897e+01
-3.163515064987671010e+01
-3.168726786676283069e+01
-1.631159034718310252e+01
-1.633841862078044116e+01
-1.636526893897400114e+01
-1.639214130176377893e+01
-1.641903570914977095e+01
-1.644595216113198433e+01
-1.647289065771041550e+01
-1.649985119888506446e+01
-1.652683378465593123e+01
-2.189165177774728743e+00
-2.192739325003748796e+00
-2.196316387524146485e+00
-2.199896365335921811e+00
-2.203479258439074773e+00
-2.207065066833605371e+00
-2.210653790519513606e+00
-2.214245429496799478e+00
-2.217839983765463430e+00
1.198106707440188146e+01
1.200048533546250162e+01
1.201991931981142869e+01
1.203936902744866444e+01
1.205883445837420709e+01
1.207831561258805841e+01
1.209781249009021842e+01
1.211732509088068710e+01
1.213685341495946446e+01
3.239425918048220865e+01
3.244638188230116072e+01
3.249854648339810836e+01
3.255075298377304449e+01
3.260300138342596910e+01
3.265529168235688928e+01
3.270762388056579084e+01
3.275999797805268798e+01
3.281241397481757360e+01
4.971834176003586947e+01
4.979776403121803696e+01
4.987724968809149573e+01
4.995679873065623156e+01
5.003641115891225866e+01
5.011608697285956993e+01
5.019582617249817247e+01
5.027562875782805207e+01
5.035549472884922295e+01
6.621885743311365502e+01
6.632388337670305134e+01
6.642899254211779692e+01
6.653418492935787754e+01
6.663946053842332162e+01
6.674481936931411497e+01
6.685026142203024335e+01
6.695578669657173521e+01
6.706139519293856210e+01
7.400109028997690075e+01
7.411762744003983983e+01
7.423425627944195071e+01
7.435097680818321919e+01
7.446778902626363106e+01
7.458469293368320052e+01
7.470168853044192758e+01
7.481877581653978382e+01
7.493595479197681186e+01
7.847703444861383559e+01
7.859975068700103407e+01
7.872256279744946994e+01
7.884547077995915743e+01
7.896847463453008231e+01
7.909157436116224460e+01
7.921476995985563008e+01
7.933806143061026717e+01
7.946144877342615587e+01
7.592758806131234905e+01
7.604548804277402496e+01
7.616347949047421650e+01
7.628156240441292368e+01
7.639973678459017492e+01
7.651800263100595600e+01
7.663635994366025272e+01
7.675480872255307929e+01
7.687334896768443571e+01
7.117647826242243525e+01
7.128623381872532150e+01
7.139607393246758704e+01
7.150599860364921767e+01
7.161600783227021338e+01
7.172610161833057418e+01
7.183627996183031428e+01
7.194654286276943367e+01
7.205689032114791814e+01
5.879631271760527511e+01
5.888635301273177447e+01
5.897646219867321804e+01
5.906664027542959161e+01
5.915688724300091650e+01
5.924720310138717849e+01
5.933758785058837759e+01
5.942804149060452090e+01
5.951856402143560132e+01
4.743832924332400580e+01
4.751047879350396386e+01
4.758268316857008529e+01
4.765494236852234877e+01
4.772725639336077563e+01
4.779962524308535166e+01
4.787204891769609816e+01
4.794452741719298672e+01
4.801706074157602444e+01
2.045754111329138070e+01
2.048844374337188157e+01
2.051936969619206508e+01
2.055031897175193123e+01
2.058129157005148357e+01
2.061228749109071856e+01
2.064330673486963263e+01
2.067434930138823646e+01
2.070541519064651936e+01
9.917732642394274656e-01
9.932612961437626842e-01
9.947504435142930923e-01
9.962407063510186900e-01
9.977320846539392551e-01
9.992245784230551209e-01
1.000718187658366176e+00
1.002212912359872199e+00
1.003708752527573633e+00
-2.553806041901893664e+01
-2.557612012158081427e+01
-2.561420816345956197e+01
-2.565232454465519041e+01
-2.569046926516768536e+01
-2.572864232499706105e+01
-2.576684372414330682e+01
-2.580507346260642620e+01
-2.584333154038642277e+01
-4.786904181879928899e+01
-4.793990642548885006e+01
-4.801082344682833281e+01
-4.808179288281773722e+01
-4.815281473345704910e+01
-4.822388899874628976e+01
-4.829501567868544498e+01
-4.836619477327451477e+01
-4.843742628251350624e+01
-7.670127222047207738e+01
-7.681406820903158916e+01
-7.692694707487881089e+01
-7.703990881801372836e+01
-7.715295343843634157e+01
-7.726608093614666473e+01
-7.737929131114468362e+01
-7.749258456343039825e+01
-7.760596069300380861e+01
-9.706564634147686377e+01
-9.720745152239939557e+01
-9.734936021075327517e+01
-9.749137240653845993e+01
-9.763348810975499248e+01
-9.777570732040285861e+01
-9.791803003848204412e+01
-9.806045626399256321e+01
-9.820298599693441588e+01
-1.144960250594780007e+02
-1.146622021640635865e+02
-1.148284997741637596e+02
-1.149949178897784776e+02
-1.151614565109077830e+02
-1.153281156375516332e+02
-1.154948952697100566e+02
-1.156617954073830532e+02
-1.158288160505706088e+02
-1.255433284267474363e+02
-1.257243570185668347e+02
-1.259055160344437354e+02
-1.260868054743781244e+02
-1.262682253383700441e+02
-1.264497756264194521e+02
-1.266314563385263909e+02
-1.268132674746908179e+02
-1.269952090349127616e+02
-1.433714966947919436e+02
-1.435768999851856336e+02
-1.437824503072832556e+02
-1.439881476610848097e+02
-1.441939920465902958e+02
-1.443999834637997139e+02
-1.446061219127130357e+02
-1.448124073933303464e+02
-1.450188399056515323e+02
-1.490759806313637910e+02
-1.492881884329742661e+02
-1.495005471647423860e+02
-1.497130568266680939e+02
-1.499257174187514181e+02
-1.501385289409923587e+02
-1.503514913933909440e+02
-1.505646047759471458e+02
-1.507778690886609354e+02
-1.588136658564645529e+02
-1.590382962183549012e+02
-1.592630853296176099e+02
-1.594880331902526507e+02
-1.597131398002600804e+02
-1.599384051596398422e+02
-1.601638292683919644e+02
-1.603894121265164756e+02
-1.606151537340133189e+02
-1.536083835453846689e+02
-1.538242772678658525e+02
-1.540403226011072775e+02
-1.542565195451088016e+02
-1.544728680998705102e+02
-1.546893682653924316e+02
-1.549060200416744806e+02
-1.551228234287167140e+02
-1.553397784265191319e+02
-1.640346821746475143e+02
-1.642637808927685228e+02
-1.644930394843844113e+02
-1.647224579494951229e+02
-1.649520362881006861e+02
-1.651817745002011009e+02
-1.654116725857963672e+02
-1.656417305448864852e+02
-1.658719483774714547e+02
-1.674630755013880048e+02
-1.676955016991692560e+02
-1.679280890801667283e+02
-1.681608376443803934e+02
-1.683937473918102796e+02
-1.686268183224563586e+02
-1.688600504363186872e+02
-1.690934437333972369e+02
-1.693269982136919793e+02
-1.573262859315472610e+02
-1.575432877052459446e+02
-1.577604390322001109e+02
-1.579777399124097599e+02
-1.581951903458748632e+02
-1.584127903325954776e+02
-1.586305398725715463e+02
-1.588484389658030977e+02
-1.590664876122901319e+02
-1.407820563863823793e+02
-1.409750406994548655e+02
-1.411681571935637010e+02
-1.413614058687088857e+02
-1.415547867248904481e+02
-1.417482997621083598e+02
-1.419419449803625923e+02
-1.421357223796531741e+02
-1.423296319599801336e+02
-1.358621347484558726e+02
-1.360472330246799402e+02
-1.362324573038149538e+02
-1.364178075858609702e+02
-1.366032838708179611e+02
-1.367888861586858980e+02
-1.369746144494648377e+02
-1.371604687431547518e+02
-1.373464490397556403e+02
-1.146748552528976290e+02
-1.148301360318453561e+02
-1.149855218722131980e+02
-1.151410127740011831e+02
-1.152966087372092971e+02
-1.154523097618375402e+02
-1.156081158478858981e+02
-1.157640269953543850e+02
-1.159200432042430009e+02
-9.864966093815705506e+01
-9.878243302555701177e+01
-9.891529440151605002e+01
-9.904824506603421241e+01
-9.918128501911151318e+01
-9.931441426074789547e+01
-9.944763279094340191e+01
-9.958094060969801831e+01
-9.971433771701174464e+01
-6.146157591769931372e+01
-6.154379876173636887e+01
-6.162607656756757279e+01
-6.170840933519291127e+01
-6.179079706461239141e+01
-6.187323975582602031e+01
-6.195573740883378377e+01
-6.203829002363569600e+01
-6.212089760023174279e+01
-2.067294598144451356e+01
-2.070043660110068728e+01
-2.072794548694932715e+01
-2.075547263899042960e+01
-2.078301805722399465e+01
-2.081058174165001873e+01
-2.083816369226850895e+01
-2.086576390907946177e+01
-2.089338239208287362e+01
-2.092101914127875162e+01
-2.094867415666709221e+01
-2.097634743824789183e+01
-2.100403898602115760e+01
-2.103174879998688240e+01
-2.105947688014507335e+01
-2.108722322649572689e+01
-2.111498783903884302e+01
5.140773543437452986e+01
5.147533271962682022e+01
5.154297441833855942e+01
5.161066053050971902e+01
5.167839105614030615e+01
5.174616599523032789e+01
5.181398534777977716e+01
5.188184911378865394e+01
5.194975729325696534e+01
5.201770988618470426e+01
5.208570689257187780e+01
5.215374831241847886e+01
5.222183414572450744e+01
5.228996439248996353e+01
5.235813905271485424e+01
5.242635812639917248e+01
5.249462161354291823e+01
1.347222853283217319e+02
1.348974768567070441e+02
1.350727822197437149e+02
1.352482014174316873e+02
1.354237344497710183e+02
1.355993813167616224e+02
1.357751420184035567e+02
1.359510165546968210e+02
1.361270049256414154e+02
1.363031071312373399e+02
1.364793231714845945e+02
1.366556530463831507e+02
1.368320967559330370e+02
1.370086543001342250e+02
1.371853256789867430e+02
1.373621108924905911e+02
1.375390099406457693e+02
2.075224359750454539e+02
2.077893458605439037e+02
2.080564272819584914e+02
2.083236802392891889e+02
2.085911047325360244e+02
2.088587007616990263e+02
2.091264683267781095e+02
2.093944074277733591e+02
2.096625180646847184e+02
2.099308002375121873e+02
2.101992539462558227e+02
2.104678791909155677e+02
2.107366759714914792e+02
2.110056442879834435e+02
2.112747841403916027e+02
2.115440955287158715e+02
2.118135784529562784e+02
2.639298200340774088e+02
2.642656086091843690e+02
2.646016106544598756e+02
2.649378261699039285e+02
2.652742551555164709e+02
2.656108976112976165e+02
2.659477535372472516e+02
2.662848229333654331e+02
2.666221057996521608e+02
2.669596021361073781e+02
2.672973119427311985e+02
2.676352352195235085e+02
2.679733719664844216e+02
2.683117221836138242e+02
2.686502858709117163e+02
2.689890630283782116e+02
2.693280536560131964e+02
3.061800904939087786e+02
3.065654650571484581e+02
3.069510819943272395e+02
3.073369413054451798e+02
3.077230429905022788e+02
3.081093870494985367e+02
3.084959734824338966e+02
3.088828022893084153e+02
3.092698734701220928e+02
3.096571870248749292e+02
3.100447429535668675e+02
3.104325412561979647e+02
3.108205819327682207e+02
3.112088649832776355e+02
3.115973904077261523e+02
3.119861582061138279e+02
3.123751683784406623e+02
2.925890723627267676e+02
2.929534423158559662e+02
2.933180390082217173e+02
2.936828624398239640e+02
2.940479126106627632e+02
2.944131895207381149e+02
2.947786931700500190e+02
2.951444235585984757e+02
2.955103806863834848e+02
2.958765645534049895e+02
2.962429751596631036e+02
2.966096125051577133e+02
2.969764765898889323e+02
2.973435674138566469e+02
2.977108849770609140e+02
2.980784292795017336e+02
2.984462003211791057e+02
2.409076948301787411e+02
2.412045619833890555e+02
2.415016119365705833e+02
2.417988446897232961e+02
2.420962602428471655e+02
2.423938585959422483e+02
2.426916397490085160e+02
2.429896037020459687e+02
2.432877504550546348e+02
2.435860800080344575e+02
2.438845923609854651e+02
2.441832875139076862e+02
2.444821654668010922e+02
2.447812262196656832e+02
2.450804697725014591e+02
2.453798961253084201e+02
2.456795052780865660e+02
1.502907634682010780e+02
1.504740448870647356e+02
1.506574379947881823e+02
1.508409427913713330e+02
1.510245592768143013e+02
1.512082874511169734e+02
1.513921273142794348e+02
1.515760788663016569e+02
1.517601421071836114e+02
1.519443170369253551e+02
1.521286036555268311e+02
1.523130019629880678e+02
1.524975119593090938e+02
1.526821336444898236e+02
1.528668670185303426e+02
1.530517120814306224e+02
1.532366688331906630e+02
5.987542950037573064e+01
5.994769917991751385e+01
6.002001244792706558e+01
6.009236930440437874e+01
6.016476974934943911e+01
6.023721378276226801e+01
6.030970140464285123e+01
6.038223261499118877e+01
6.045480741380728062e+01
6.052742580109113391e+01
6.060008777684274150e+01
6.067279334106211053e+01
6.074554249374923387e+01
6.081833523490411864e+01
6.089117156452675772e+01
6.096405148261715823e+01
6.103697498917530595e+01
-3.952438795583746867e+01
-3.957160944682413373e+01
-3.961885912974571511e+01
-3.966613700460221281e+01
-3.971344307139362684e+01
-3.976077733011995718e+01
-3.980813978078121096e+01
-3.985553042337738106e+01
-3.990294925790846037e+01
-3.995039628437446311e+01
-3.999787150277538927e+01
-4.004537491311122466e+01
-4.009290651538198347e+01
-4.014046630958765149e+01
-4.018805429572824295e+01
-4.023567047380375072e+01
-4.028331484381417482e+01
-1.050512971463223550e+02
-1.051755446887781034e+02
-1.052998656635875392e+02
-1.054242600707506625e+02
-1.055487279102674876e+02
-1.056732691821380001e+02
-1.057978838863622144e+02
-1.059225720229401446e+02
-1.060473335918717481e+02
-1.061721685931570676e+02
-1.062970770267960745e+02
-1.064220588927887690e+02
-1.065471141911351793e+02
-1.066722429218352772e+02
-1.067974450848890910e+02
-1.069227206802965782e+02
-1.070480697080577528e+02
-1.667067568508059310e+02
-1.669019638260410829e+02
-1.670972850241991239e+02
-1.672927204452800538e+02
-1.674882700892838727e+02
-1.676839339562106375e+02
-1.678797120460602628e+02
-1.680756043588328055e+02
-1.682716108945282372e+02
-1.684677316531465578e+02
-1.686639666346877959e+02
-1.688603158391518946e+02
-1.690567792665389391e+02
-1.692533569168488725e+02
-1.694500487900816950e+02
-1.696468548862374348e+02
-1.698437752053160636e+02
-1.919554340212329180e+02
-1.921779910461850704e+02
-1.924006770149523788e+02
-1.926234919275348432e+02
-1.928464357839324634e+02
-1.930695085841452396e+02
-1.932927103281731434e+02
-1.935160410160162030e+02
-1.937395006476744186e+02
-1.939630892231477617e+02
-1.941868067424363176e+02
-1.944106532055399725e+02
-1.946346286124588119e+02
-1.948587329631927787e+02
-1.950829662577419015e+02
-1.953073284961061802e+02
-1.955318196782856148e+02
-1.868754750219740117e+02
-1.870900278061553763e+02
-1.873047036843035755e+02
-1.875195026564186094e+02
-1.877344247225004494e+02
-1.879494698825491241e+02
-1.881646381365646334e+02
-1.883799294845470058e+02
-1.885953439264961560e+02
-1.888108814624121408e+02
-1.890265420922949886e+02
-1.892423258161446427e+02
-1.894582326339611029e+02
-1.896742625457444262e+02
-1.898904155514945558e+02
-1.901066916512114915e+02
-1.903230908448952903e+02
-1.671675082331478279e+02
-1.673575793056130294e+02
-1.675477583730057631e+02
-1.677380454353260575e+02
-1.679284404925738556e+02
-1.681189435447492144e+02
-1.683095545918521054e+02
-1.685002736338825287e+02
-1.686911006708404841e+02
-1.688820357027260002e+02
-1.690730787295390485e+02
-1.692642297512796006e+02
-1.694554887679477133e+02
-1.696468557795433867e+02
-1.698383307860665639e+02
-1.700299137875172732e+02
-1.702216047838955433e+02
-1.213454212359554987e+02
-1.214820714850950907e+02
-1.216187986336433084e+02
-1.217556026816001662e+02
-1.218924836289656497e+02
-1.220294414757397732e+02
-1.221664762219225224e+02
-1.223035878675139116e+02
-1.224407764125139124e+02
-1.225780418569225674e+02
-1.227153842007398623e+02
-1.228528034439657546e+02
-1.229902995866003010e+02
-1.231278726286434875e+02
-1.232655225700952855e+02
-1.234032494109557376e+02
-1.235410531512248014e+02
-7.029210493309817309e+01
-7.037051218901908101e+01
-7.044896315021085798e+01
-7.052745781667348979e+01
-7.060599618840697644e+01
-7.068457826541131794e+01
-7.076320404768652850e+01
-7.084187353523259389e+01
-7.092058672804951414e+01
-7.099934362613730343e+01
-7.107814422949594757e+01
-7.115698853812544655e+01
-7.123587655202581459e+01
-7.131480827119703747e+01
-7.139378369563910098e+01
-7.147280282535204776e+01
-7.155186566033584938e+01
1.657891447446937150e+01
1.659723371698259697e+01
1.661556307503558827e+01
1.663390254862834183e+01
1.665225213776086122e+01
1.667061184243314287e+01
1.668898166264519034e+01
1.670736159839700363e+01
1.672575164968857919e+01
1.674415181651992057e+01
1.676256209889102422e+01
1.678098249680189369e+01
1.679941301025252898e+01
1.681785363924292653e+01
1.683630438377308636e+01
1.685476524384301555e+01
1.687323621945270702e+01
7.502007448484344820e+01
7.510219826643604790e+01
7.518436697351093301e+01
7.526658060606807510e+01
7.534883916410748839e+01
7.543114264762917287e+01
7.551349105663314276e+01
7.559588439111936964e+01
7.567832265108788192e+01
7.576080583653866540e+01
7.584333394747170587e+01
7.592590698388703174e+01
7.600852494578461460e+01
7.609118783316448287e+01
7.617389564602662233e+01
7.625664838437101878e+01
7.633944604819770063e+01
1.383334572621483005e+02
1.384834935498512607e+02
1.386336111580353645e+02
1.387838100867006403e+02
1.389340903358470314e+02
1.390844519054745945e+02
1.392348947955832728e+02
1.393854190061730662e+02
1.395360245372440318e+02
1.396867113887961409e+02
1.398374795608293653e+02
1.399883290533437616e+02
1.401392598663392732e+02
1.402902719998159284e+02
1.404413654537737273e+02
1.405925402282126697e+02
1.407437963231327558e+02
1.937356024114061768e+02
1.939438083247983684e+02
1.941521260566187834e+02
1.943605556068674218e+02
1.945690969755443120e+02
1.947777501626494541e+02
1.949865151681828479e+02
1.951953919921444651e+02
1.954043806345343626e+02
1.956134810953524834e+02
1.958226933745988276e+02
1.960320174722734521e+02
1.962414533883762999e+02
1.964510011229073996e+02
1.966606606758667510e+02
1.968704320472543543e+02
1.970803152370701810e+02
2.395713749685927780e+02
2.398265095532238718e+02
2.400817799199649016e+02
2.403371860688159529e+02
2.405927279997769119e+02
2.408484057128478923e+02
2.411042192080288373e+02
2.413601684853197185e+02
2.416162535447205926e+02
2.418724743862314313e+02
2.421288310098522345e+02
2.423853234155830307e+02
2.426419516034237631e+02
2.428987155733744885e+02
2.431556153254351784e+02
2.434126508596058045e+02
2.436698221758864236e+02
2.477396863019576756e+02
2.480011529893475881e+02
2.482627575811085023e+02
2.485245000772403898e+02
2.487863804777432790e+02
2.490483987826171699e+02
2.493105549918620341e+02
2.495728491054778999e+02
2.498352811234647106e+02
2.500978510458225514e+02
2.503605588725513371e+02
2.506234046036511245e+02
2.508863882391219136e+02
2.511495097789636759e+02
2.514127692231764115e+02
2.516761665717601488e+02
2.519397018247148878e+02
2.234610697595887245e+02
2.236948156484585866e+02
2.239286837254564659e+02
2.241626739905823342e+02
2.243967864438362199e+02
2.246310210852180944e+02
2.248653779147279579e+02
2.250998569323658387e+02
2.253344581381317369e+02
2.255691815320255955e+02
2.258040271140474999e+02
2.260389948841973933e+02
2.262740848424752755e+02
2.265092969888811751e+02
2.267446313234150921e+02
2.269800878460769979e+02
2.272156665568668927e+02
1.763411792202371942e+02
1.765240109249756415e+02
1.767069373611673484e+02
1.768899585288122296e+02
1.770730744279103988e+02
1.772562850584617706e+02
1.774395904204663736e+02
1.776229905139242362e+02
1.778064853388353015e+02
1.779900748951996263e+02
1.781737591830171539e+02
1.783575382022879410e+02
1.785414119530119592e+02
1.787253804351891802e+02
1.789094436488196891e+02
1.790936015939033723e+02
1.792778542704403151e+02
1.270179194293797025e+02
1.271484619981663116e+02
1.272790716150108494e+02
1.274097482799133303e+02
1.275404919928737257e+02
1.276713027538920642e+02
1.278021805629683172e+02
1.279331254201025274e+02
1.280641373252946380e+02
1.281952162785446774e+02
1.283263622798526455e+02
1.284575753292185425e+02
1.285888554266423967e+02
1.287202025721241512e+02
1.288516167656638345e+02
1.289830980072614466e+02
1.291146462969169875e+02
8.417578969452607396e+01
8.426155208850929057e+01
8.434735814969923240e+01
8.443320787809585681e+01
8.451910127369922066e+01
8.460503833650928129e+01
8.469101906652605294e+01
8.477704346374954980e+01
8.486311152817974346e+01
8.494922325981666233e+01
8.503537865866029222e+01
8.512157772471063311e+01
8.520782045796768500e+01
8.529410685843144790e+01
8.538043692610192181e+01
8.546681066097912094e+01
8.555322806306301686e+01
3.510186529946325074e+00
3.513732172905866591e+00
3.517279605690224020e+00
3.520828828299396918e+00
3.524379840733384839e+00
3.527932642992188672e+00
3.531487235075807973e+00
3.535043616984242743e+00
3.538601788717493424e+00
3.542161750275559573e+00
3.545723501658440746e+00
3.549287042866137387e+00
3.552852373898650384e+00
3.556419494755977961e+00
3.559988405438121450e+00
3.563559105945080407e+00
3.567131596276854832e+00
-2.327253001024733337e+01
-2.329583750149445009e+01
-2.331915665815260397e+01
-2.334248748022178788e+01
-2.336582996770201248e+01
-2.338918412059326712e+01
-2.341254993889555891e+01
-2.343592742260888429e+01
-2.345931657173324680e+01
-2.348271738626863936e+01
-2.350612986621506906e+01
-2.352955401157253235e+01
-2.355298982234103278e+01
-2.357643729852056680e+01
-2.359989644011113086e+01
-2.362336724711273206e+01
-2.364684971952537396e+01
-6.786182403342705527e+01
-6.792921412680682636e+01
-6.799663766440167478e+01
-6.806409464621158634e+01
-6.813158507223658944e+01
-6.819910894247666988e+01
-6.826666625693181345e+01
-6.833425701560204857e+01
-6.840188121848734681e+01
-6.846953886558773661e+01
-6.853722995690318953e+01
-6.860495449243373400e+01
-6.867271247217934160e+01
-6.874050389614004075e+01
-6.880832876431580303e+01
-6.887618707670665685e+01
-6.894407883331257381e+01
-6.901200403413356810e+01
-6.907996267916963973e+01
-6.914795476842078870e+01
-6.921598030188701500e+01
-6.928403927956833286e+01
-6.935213170146471384e+01
-6.942025756757617216e+01
-6.948841687790270782e+01
-6.955660963244432082e+01
-6.962483583120099695e+01
-6.969309547417276463e+01
-6.976138856135960964e+01
-6.982971509276153199e+01
-6.989807506837853168e+01
-6.996646848821059450e+01
-7.003489535225774887e+01
-6.552992998258888235e+01
-6.559395531720792860e+01
-6.565801191419737393e+01
-6.572209977355726096e+01
-6.578621889528756128e+01
-6.585036927938827489e+01
-6.591455092585941600e+01
-6.597876383470098460e+01
-6.604300800591295229e+01
-6.610728343949534747e+01
-6.617159013544817014e+01
-6.623592809377140611e+01
-6.630029731446506958e+01
-6.636469779752913212e+01
-6.642912954296362216e+01
-6.649359255076853970e+01
-6.655808682094388473e+01
-6.662261235348962884e+01
-6.668716914840580046e+01
-6.675175720569239957e+01
-6.681637652534941196e+01
-6.688102710737683765e+01
-6.694570895177469083e+01
-6.701042205854295730e+01
-6.707516642768165127e+01
-6.713994205919075853e+01
-6.720474895307027907e+01
-6.726958710932022711e+01
-6.733445652794060265e+01
-6.739935720893137727e+01
-6.746428915229259360e+01
-6.752925235802420900e+01
-6.759424682612625190e+01
-2.496650533870777622e+01
-2.499051159384114840e+01
-2.501452938489721589e+01
-2.503855871187598581e+01
-2.506259957477745104e+01
-2.508665197360161159e+01
-2.511071590834847456e+01
-2.513479137901802929e+01
-2.515887838561028644e+01
-2.518297692812523891e+01
-2.520708700656289025e+01
-2.523120862092323335e+01
-2.525534177120627888e+01
-2.527948645741202327e+01
-2.530364267954046298e+01
-2.532781043759159800e+01
-2.535198973156543545e+01
-2.537618056146196466e+01
-2.540038292728119629e+01
-2.542459682902312323e+01
-2.544882226668774550e+01
-2.547305924027506663e+01
-2.549730774978508663e+01
-2.552156779521780550e+01
-2.554583937657321968e+01
-2.557012249385132918e+01
-2.559441714705213755e+01
-2.561872333617564479e+01
-2.564304106122184734e+01
-2.566737032219074877e+01
-2.569171111908234550e+01
-2.571606345189664111e+01
-2.574042732063363559e+01
5.625529814281590157e-01
5.630854499387394352e-01
5.636181703265716880e-01
5.641511425916558853e-01
5.646843667339920270e-01
5.652178427535802241e-01
5.657515706504201436e-01
5.662855504245121185e-01
5.668197820758560379e-01
5.673542656044517907e-01
5.678890010102994879e-01
5.684239882933992405e-01
5.689592274537508265e-01
5.694947184913543570e-01
5.700304614062098318e-01
5.705664561983172511e-01
5.711027028676765038e-01
5.716392014142878120e-01
5.721759518381509535e-01
5.727129541392660395e-01
5.732502083176330698e-01
5.737877143732520446e-01
5.743254723061229639e-01
5.748634821162458275e-01
5.754017438036205245e-01
5.759402573682472770e-01
5.764790228101258629e-01
5.770180401292563932e-01
5.775573093256388679e-01
5.780968303992732871e-01
5.786366033501596506e-01
5.791766281782979586e-01
5.797169048836882110e-01
3.572821524099601476e+01
3.576151273889069415e+01
3.579482574563395758e+01
3.582815426122579794e+01
3.586149828566620812e+01
3.589485781895520233e+01
3.592823286109277348e+01
3.596162341207891444e+01
3.599502947191363944e+01
3.602845104059694137e+01
3.606188811812881312e+01
3.609534070450926890e+01
3.612880879973830162e+01
3.616229240381590415e+01
3.619579151674209072e+01
3.622930613851684711e+01
3.626283626914018754e+01
3.629638190861210489e+01
3.632994305693259918e+01
3.636351971410166328e+01
3.639711188011931142e+01
3.643071955498553649e+01
3.646434273870033138e+01
3.649798143126371031e+01
3.653163563267566616e+01
3.656530534293619183e+01
3.659899056204530154e+01
3.663269129000298818e+01
3.666640752680924464e+01
3.670013927246409224e+01
3.673388652696750256e+01
3.676764929031948981e+01
3.680142756252006109e+01
5.373501260777763378e+01
5.378433340870262924e+01
5.383367683384822300e+01
5.388304288321443636e+01
5.393243155680124801e+01
5.398184285460866505e+01
5.403127677663670170e+01
5.408073332288533663e+01
5.413021249335458407e+01
5.417971428804443690e+01
5.422923870695490223e+01
5.427878575008596584e+01
5.432835541743764907e+01
5.437794770900992347e+01
5.442756262480282459e+01
5.447720016481632399e+01
5.452686032905042879e+01
5.457654311750514609e+01
5.462624853018046878e+01
5.467597656707639686e+01
5.472572722819293745e+01
5.477550051353008342e+01
5.482529642308784190e+01
5.487511495686619867e+01
5.492495611486516793e+01
5.497481989708474970e+01
5.502470630352493686e+01
5.507461533418572941e+01
5.512454698906712736e+01
5.517450126816914491e+01
5.522447817149176075e+01
5.527447769903498198e+01
5.532449985079881571e+01
5.777684017888076085e+01
5.782907963654702144e+01
5.788134269993295788e+01
5.793362936903859151e+01
5.798593964386390809e+01
5.803827352440890763e+01
5.809063101067359725e+01
5.814301210265797693e+01
5.819541680036203957e+01
5.824784510378579228e+01
5.830029701292922084e+01
5.835277252779234658e+01
5.840527164837515528e+01
5.845779437467765405e+01
5.851034070669983578e+01
5.856291064444170757e+01
5.861550418790326233e+01
5.866812133708450006e+01
5.872076209198542784e+01
5.877342645260604570e+01
5.882611441894634652e+01
5.887882599100633740e+01
5.893156116878600415e+01
5.898431995228536806e+01
5.903710234150441494e+01
5.908990833644315188e+01
5.914273793710157179e+01
5.919559114347967466e+01
5.924846795557747470e+01
5.930136837339495059e+01
5.935429239693211656e+01
5.940724002618896549e+01
5.946021126116551159e+01
2.935166391815619491e+01
2.937781239380711540e+01
2.940397251170008630e+01
2.943014427183510762e+01
2.945632767421218645e+01
2.948252271883131570e+01
2.950872940569250247e+01
2.953494773479573610e+01
2.956117770614102724e+01
2.958741931972836525e+01
2.961367257555776433e+01
2.963993747362921027e+01
2.966621401394271373e+01
2.969250219649826761e+01
2.971880202129587190e+01
2.974511348833553370e+01
2.977143659761724592e+01
2.979777134914101211e+01
2.982411774290683226e+01
2.985047577891470283e+01
2.987684545716462736e+01
2.990322677765660586e+01
2.992961974039063833e+01
2.995602434536671765e+01
2.998244059258485450e+01
3.000886848204504531e+01
3.003530801374728654e+01
3.006175918769158173e+01
3.008822200387793089e+01
3.011469646230633401e+01
3.014118256297678400e+01
3.016768030588929506e+01
3.019418969104385297e+01
9.974999257477215053e+00
9.983756939002656594e+00
9.992518463301911069e+00
1.000128383037498381e+01
1.001005304022187126e+01
1.001882609284257519e+01
1.002760298823709206e+01
1.003638372640542720e+01
1.004516830734757526e+01
1.005395673106353982e+01
1.006274899755331909e+01
1.007154510681691484e+01
1.008034505885432530e+01
1.008914885366555225e+01
1.009795649125059569e+01
1.010676797160945206e+01
1.011558329474212492e+01
1.012440246064861427e+01
1.013322546932891655e+01
1.014205232078303709e+01
1.015088301501097234e+01
1.015971755201272231e+01
1.016855593178828698e+01
1.017739815433766815e+01
1.018624421966086580e+01
1.019509412775787816e+01
1.020394787862870345e+01
1.021280547227334701e+01
1.022166690869180528e+01
1.023053218788408003e+01
1.023940130985016950e+01
1.024827427459007367e+01
1.025715108210379434e+01
-2.445043085776288905e+01
-2.447159090177653340e+01
-2.449276009805834420e+01
-2.451393844660833210e+01
-2.453512594742648645e+01
-2.455632260051281790e+01
-2.457752840586731935e+01
-2.459874336348999435e+01
-2.461996747338083935e+01
-2.464120073553985435e+01
-2.466244314996704645e+01
-2.468369471666240855e+01
-2.470495543562594065e+01
-2.472622530685764630e+01
-2.474750433035752550e+01
-2.476879250612557115e+01
-2.479008983416179746e+01
-2.481139631446618665e+01
-2.483271194703875295e+01
-2.485403673187949281e+01
-2.487537066898839910e+01
-2.489671375836548251e+01
-2.491806600001073591e+01
-2.493942739392415930e+01
-2.496079794010575981e+01
-2.498217763855552676e+01
-2.500356648927347081e+01
-2.502496449225958131e+01
-2.504637164751386891e+01
-2.506778795503632651e+01
-2.508921341482695411e+01
-2.511064802688575526e+01
-2.513209179121272996e+01
-2.270496157025246831e+01
-2.272433440435677809e+01
-2.274371549979759521e+01
-2.276310485657491611e+01
-2.278250247468874079e+01
-2.280190835413907280e+01
-2.282132249492590859e+01
-2.284074489704925170e+01
-2.286017556050909860e+01
-2.287961448530544573e+01
-2.289906167143830373e+01
-2.291851711890766552e+01
-2.293798082771353108e+01
-2.295745279785590043e+01
-2.297693302933477710e+01
-2.299642152215016111e+01
-2.301591827630204889e+01
-2.303542329179043691e+01
-2.305493656861533580e+01
-2.307445810677673848e+01
-2.309398790627464138e+01
-2.311352596710905516e+01
-2.313307228927997272e+01
-2.315262687278739406e+01
-2.317218971763132274e+01
-2.319176082381175164e+01
-2.321134019132868787e+01
-2.323092782018213143e+01
-2.325052371037207877e+01
-2.327012786189852989e+01
-2.328974027476148478e+01
-2.330936094896095057e+01
-2.332898988449691657e+01
-9.895581313708364135e+00
-9.903907423353890849e+00
-9.912237034307089800e+00
-9.920570146567962766e+00
-9.928906760136506193e+00
-9.937246875012725411e+00
-9.945590491196615091e+00
-9.953937608688175231e+00
-9.962288227487411163e+00
-9.970642347594319332e+00
-9.978999969008899740e+00
-9.987361091731152385e+00
-9.995725715761077268e+00
-1.000409384109867617e+01
-1.001246546774394730e+01
-1.002084059569689067e+01
-1.002921922495750628e+01
-1.003760135552579591e+01
-1.004598698740175600e+01
-1.005437612058539187e+01
-1.006276875507669644e+01
-1.007116489087567679e+01
-1.007956452798232938e+01
-1.008796766639665421e+01
-1.009637430611865128e+01
-1.010478444714832058e+01
-1.011319808948566390e+01
-1.012161523313067768e+01
-1.013003587808336547e+01
-1.013846002434372551e+01
-1.014688767191175955e+01
-1.015531882078746406e+01
-1.016375347097084259e+01
-1.308463293232619229e+01
-1.309549154886754252e+01
-1.310635466919011982e+01
-1.311722229329392597e+01
-1.312809442117896097e+01
-1.313897105284522304e+01
-1.314985218829271396e+01
-1.316073782752143373e+01
-1.317162797053138057e+01
-1.318252261732255626e+01
-1.319342176789496079e+01
-1.320432542224859240e+01
-1.321523358038345286e+01
-1.322614624229954039e+01
-1.323706340799685854e+01
-1.324798507747540377e+01
-1.325891125073517784e+01
-1.326984192777617899e+01
-1.328077710859840899e+01
-1.329171679320186783e+01
-1.330266098158655552e+01
-1.331360967375246851e+01
-1.332456286969961212e+01
-1.333552056942798281e+01
-1.334648277293758234e+01
-1.335744948022841250e+01
-1.336842069130046795e+01
-1.337939640615375225e+01
-1.339037662478826540e+01
-1.340136134720400563e+01
-1.341235057340097470e+01
-1.342334430337917262e+01
-1.343434253713859761e+01
-5.253210531903994784e+00
-5.257511154525284169e+00
-5.261813536812129044e+00
-5.266117678764532073e+00
-5.270423580382491480e+00
-5.274731241666008152e+00
-5.279040662615081203e+00
-5.283351843229711520e+00
-5.287664783509899991e+00
-5.291979483455643951e+00
-5.296295943066946066e+00
-5.300614162343804558e+00
-5.304934141286219429e+00
-5.309255879894192454e+00
-5.313579378167721856e+00
-5.317904636106808525e+00
-5.322231653711451571e+00
-5.326560430981651884e+00
-5.330890967917409462e+00
-5.335223264518723418e+00
-5.339557320785595529e+00
-5.343893136718024017e+00
-5.348230712316008884e+00
-5.352570047579551016e+00
-5.356911142508650414e+00
-5.361253997103307078e+00
-5.365598611363520121e+00
-5.369944985289291317e+00
-5.374293118880618891e+00
-5.378643012137502843e+00
-5.382994665059944062e+00
-5.387348077647942546e+00
-5.391703249901497408e+00
4.761182248446317877e-01
4.765028114559763939e-01
4.768875533303857384e-01
4.772724504678598767e-01
4.776575028683986424e-01
4.780427105320022019e-01
4.784280734586704997e-01
4.788135916484034804e-01
4.791992651012012550e-01
4.795850938170637123e-01
4.799710777959909080e-01
4.803572170379828976e-01
4.807435115430395145e-01
4.811299613111609808e-01
4.815165663423471298e-01
4.819033266365980173e-01
4.822902421939135875e-01
4.826773130142940071e-01
4.830645390977390541e-01
4.834519204442488949e-01
4.838394570538234185e-01
4.842271489264626805e-01
4.846149960621667363e-01
4.850029984609354194e-01
4.853911561227689520e-01
4.857794690476671673e-01
4.861679372356301210e-01
4.865565606866578130e-01
4.869453394007501879e-01
4.873342733779073566e-01
4.877233626181292081e-01
4.881126071214158535e-01
4.885020068877672372e-01
