-2.182641862322417040e-02
-3.912986770056276625e-02
-6.124484472717685313e-02
-8.447746681184364892e-02
-1.187677438955886400e-01
-1.689907094475185112e-01
-2.233212400273044129e-01
-2.902397205963886395e-01
-3.393868135769342320e-01
-4.000871446484954297e-01
-4.790462553252878286e-01
-5.764131902923168571e-01
-6.563486185133472484e-01
-7.401319618385465704e-01
-1.537913463526960456e+00
-1.826194219195914847e+00
-2.151347856427434202e+00
-2.436580153908590951e+00
-2.765728191554904569e+00
-3.153035185914695226e+00
-3.419559895245264158e+00
-3.819349121521679713e+00
-4.238515979850415505e+00
-4.757718492964891688e+00
-5.201689160743761420e+00
-5.718371802978496454e+00
-6.413769703115429266e+00
-7.051512419640699747e+00
-7.829543898254277323e+00
-8.750651347147311299e+00
-9.971047495922878312e+00
-1.119659967669671552e+01
-1.268852292464340792e+01
-1.435125514858725815e+01
-1.610406413941123205e+01
-1.799431071837938489e+01
-2.025314646247016626e+01
-2.236986709975919396e+01
-2.513736786085387465e+01
-2.843813451097506473e+01
-3.304255000164656764e+01
-3.681992797617989766e+01
-4.113487727937704364e+01
-4.536624216357978412e+01
-4.961957719380540510e+01
-5.126469733579700971e+01
-5.199401098087156470e+01
-5.439172610918280526e+01
-5.553483740151051506e+01
-5.826229135816878824e+01
-5.950010035372288542e+01
-6.426911312069256610e+01
-6.663547762402703256e+01
-6.939858087362863159e+01
-7.142801450079494430e+01
-7.526825047927327716e+01
-7.800934184730220977e+01
-8.135699236482564345e+01
-8.216851214927871183e+01
-8.374545590047718235e+01
-8.364631795457371766e+01
-8.488609515430572117e+01
-9.030473559084538238e+01
-9.308364982123356413e+01
-9.381284946116804235e+01
-9.915137023660885518e+01
-9.936228318256792136e+01
-9.980808339153064423e+01
-1.007510299375707206e+02
-1.007877242150810559e+02
-9.901149203782084385e+01
-9.662461518080876033e+01
-9.261651999976854199e+01
-8.487517610012662317e+01
-7.762984446339059730e+01
-6.729161773384336698e+01
-5.830936972230905724e+01
-5.425896642004227743e+01
-4.932994447411689976e+01
-4.678424912593553131e+01
-5.834755666916449712e+01
-5.768952617399273208e+01
-7.429646487036546887e+01
-7.373945584565825584e+01
-8.783570282050088451e+01
-1.064845978066520331e+02
-1.207336330144028835e+02
-1.390547328790516985e+02
-1.425979722046854761e+02
-1.547681897514662239e+02
-1.604147570901706388e+02
-1.734535766139525208e+02
-1.731429814134956473e+02
-1.713080312017662550e+02
-1.855429426225354632e+02
-1.811040370117721920e+02
-1.854568412973456191e+02
-1.906417879484331763e+02
-1.947421571653354704e+02
-2.008430065655966530e+02
-1.973566602003128025e+02
-1.979608044809701823e+02
-1.902492929089788447e+02
-1.776064062300431203e+02
-1.571545576576080805e+02
-1.200713765871885386e+02
-1.043558831886249436e+02
-9.743168069556593025e+01
-4.226160714877897107e+01
-4.620853356566301073e+01
-3.180261148574105690e+00
-3.489522742732749094e+00
1.608885130060124524e+01
1.555055385944699609e+01
-1.703309853758803172e+01
-6.517762837736421488e+01
-1.010108362404915994e+02
-2.314822224372832125e+02
-3.100740995012924373e+02
-4.082642672218228768e+02
-5.332092305518566491e+02
-6.011399954557060710e+02
-6.612152609445771532e+02
-7.070972970358511702e+02
-7.400096245830551425e+02
-7.953300276284375059e+02
-8.340405337206993863e+02
-8.584436899165572186e+02
-8.483036846426722377e+02
-8.673695132841563691e+02
-7.924240815522299499e+02
-8.154174344581090281e+02
-7.689324965699561290e+02
-7.037752797867839263e+02
-6.473619108661862356e+02
-5.401338544304431935e+02
-4.214003136952989621e+02
-2.817409000854923988e+02
-1.458367371755961130e+02
-1.750549677559342854e+01
1.111629118081159504e+02
2.963626613142947122e+02
4.534642168538729834e+02
6.030071395815825781e+02
6.733035408436766147e+02
7.135088586547431078e+02
6.898341710392206778e+02
6.461589536094887762e+02
5.333441044470295083e+02
4.296112094783429711e+02
1.843807178743699922e+02
7.289363510812973956e+00
-2.337011632169590314e+02
-4.365690425849359144e+02
-6.982404318886683541e+02
-8.829466475322535643e+02
-1.041018014907826455e+03
-1.141202837689846092e+03
-1.302691837925568507e+03
-1.354287189546929085e+03
-1.442305916153128464e+03
-1.394930815949721818e+03
-1.489074971500636366e+03
-1.519837900367021348e+03
-1.427590749822899397e+03
-1.277275508075746757e+03
-1.232199886488502898e+03
-1.039732871980985465e+03
-8.939311450303637230e+02
-5.564658757470128876e+02
-3.533695767747084346e+02
8.886366580941752318e+02
2.323547611157627216e+03
3.576412934269769721e+03
4.546050540600559543e+03
5.271363900930647105e+03
5.034666792543792326e+03
4.142675101792982787e+03
2.581437951997164873e+03
1.024459607918908659e+03
-6.862425542132128840e+02
-1.813185883272905812e+03
-2.872562663977940701e+03
-3.305475377403259245e+03
-3.216671095358738512e+03
-2.876302993829361640e+03
-2.087152753684014897e+03
-1.207977863221602547e+03
2.857407814947524116e+02
1.290604095250052069e+03
2.378575534318072187e+03
3.329953215143304078e+03
4.116102462469682905e+03
4.254803507732537582e+03
3.836169884740909310e+03
3.025905943563343044e+03
2.177149236848220426e+03
1.440447084313778760e+03
5.507661413252282046e+01
-4.039289851250694596e+02
-2.286931386781332094e+03
-2.205357059232458596e+03
-8.399243166549448461e+02
1.949064890867321509e+01
1.201004026458080261e+03
1.805309386268744902e+03
1.939897264549545298e+03
9.858370513121429894e+02
3.355886682345807799e+02
-8.187250126900803480e+02
-7.598081814818226576e+02
-3.300133763228417365e+02
-4.367367196877962101e+02
-1.740603357119101133e+02
1.750692777718013815e+01
