-3.599516596384643580e-05
-7.199033192769287159e-05
-1.199838865461547995e-04
-1.799758298192322061e-04
-2.519661617469251048e-04
-3.359548823292334550e-04
-4.319419915661572838e-04
-5.399274894576966454e-04
-6.599113760038514314e-04
-7.918936512046216960e-04
-9.358743150600073307e-04
-1.091853367570008553e-03
-1.259830808734625470e-03
-1.439806638553857649e-03
-2.006702345974049721e-03
-2.257540139220806045e-03
-2.523133096776195017e-03
-2.803481218640216637e-03
-3.098584504812871340e-03
-3.408442955294158257e-03
-3.733056570084078256e-03
-4.072425349182630036e-03
-4.426549292589816199e-03
-4.795428400305633276e-03
-5.179062672330083869e-03
-5.577452108663167978e-03
-5.990596709304883867e-03
-6.418496474255232405e-03
-3.172216462759943918e-03
-3.383697560277273107e-03
-3.602000628682258329e-03
-3.827125667974900017e-03
-4.059072678155196436e-03
-7.021214597992470226e-03
-7.422426860734896749e-03
-7.834783908553501208e-03
-8.258285741448285339e-03
-8.692932359419248273e-03
-1.040794018370357239e-02
-1.092833719288875162e-02
-1.146142681205405446e-02
-1.200720904119948612e-02
-1.256568388032504487e-02
-1.660650537369846511e-02
-1.734457227919617220e-02
-1.809868411742209318e-02
-1.886884088837622458e-02
-1.965504259205856988e-02
-2.313907525804986126e-02
-2.406463826837185530e-02
-2.500834957301389244e-02
-2.597020917197596576e-02
-2.695021706525807526e-02
-3.249020466448791084e-02
-3.367166665228746997e-02
-3.487422617558345178e-02
-3.609788323437585628e-02
-3.734263782866467651e-02
-4.124880684891744920e-02
-4.262376707721469982e-02
-4.402126763712337770e-02
-4.544130852864348979e-02
-4.688388975177502915e-02
-5.139287407605400843e-02
-5.297419327839412995e-02
-5.457947186258790134e-02
-5.620870982863530180e-02
-5.786190717653633825e-02
-6.346660815173477133e-02
-6.527993981321290884e-02
-6.711881135724706571e-02
-6.898322278383726969e-02
-7.087317409298349302e-02
-8.157694849753159561e-02
-8.375233379079910501e-02
-8.595634257476751638e-02
-8.818897484943678811e-02
-9.045023061480696180e-02
-9.018501529815994844e-02
-9.243964068061394368e-02
-9.472210094433280991e-02
-9.703239608931654714e-02
-9.937052611556512760e-02
-1.047989686365477097e-01
-1.072648267221135571e-01
-1.097593575761161844e-01
-1.122825611985556332e-01
-1.148344375894319175e-01
-1.255971836874845426e-01
-1.283882322138730769e-01
-1.312099516031889623e-01
-1.340623418554321988e-01
-1.369454029706027864e-01
-1.448338514931567234e-01
-1.478829852088021368e-01
-1.509638807339855338e-01
-1.540765380687068586e-01
-1.572209572129661947e-01
-1.583129059568347818e-01
-1.614791640759714875e-01
-1.646767712853966503e-01
-1.679057275851103259e-01
-1.711660329751124587e-01
-1.744576874554031043e-01
-1.777806910259822071e-01
-1.811350436868497671e-01
-1.845207454380058398e-01
-1.907934991356647625e-01
-1.942942972849430183e-01
-1.978269208719420080e-01
-2.013913698966616761e-01
-2.049876443591020503e-01
-2.086157442592631583e-01
-2.122756695971449448e-01
-2.159674203727474651e-01
-2.196909965860707192e-01
-2.253230117720882164e-01
-2.291420458699202356e-01
-2.329931726912634615e-01
-2.368763922361178387e-01
-2.407917045044834226e-01
-2.447391094963601854e-01
-2.487186072117481828e-01
-2.527301976506473036e-01
-2.567738808130576866e-01
-2.598074238735615382e-01
-2.638988793676333988e-01
-2.680222993577526802e-01
-2.721776838439193824e-01
-2.763650328261335054e-01
-2.805843463043951047e-01
-2.848356242787041248e-01
-2.891188667490605657e-01
-2.934340737154644829e-01
-3.026782532868649844e-01
-3.071294040704953265e-01
-3.116130450058310353e-01
-3.161291760928720551e-01
-3.206777973316184416e-01
-3.252589087220701392e-01
-3.298725102642271478e-01
-3.345186019580894676e-01
-3.391971838036571540e-01
-3.386772262788465548e-01
-3.433486362964858207e-01
-3.480520422731500085e-01
-3.527874442088391183e-01
-3.575548421035531499e-01
-3.623542359572921034e-01
-3.671856257700560344e-01
-3.720490115418448873e-01
-3.769443932726586066e-01
-3.758379746260061549e-01
-3.807189872834867428e-01
-3.856314903452091603e-01
-3.905754838111734073e-01
-3.955509676813794284e-01
-4.005579419558272236e-01
-4.055964066345169039e-01
-4.106663617174484138e-01
-4.157678072046216422e-01
-4.089464061259030503e-01
-4.139641534403313283e-01
-4.190124967749694340e-01
-4.240914361298175894e-01
-4.292009715048756280e-01
-4.343411029001436052e-01
-4.395118303156214656e-01
-4.447131537513093202e-01
-4.499450732072070580e-01
-4.509857550126202264e-01
-4.562297754197437438e-01
-4.615041080835557974e-01
-4.668087530040564426e-01
-4.721437101812456794e-01
-4.775089796151234522e-01
-4.829045613056898723e-01
-4.883304552529447728e-01
-4.937866614568883206e-01
-5.084401852845181757e-01
-5.140583088788223121e-01
-5.197073012840840445e-01
-5.253871625003035950e-01
-5.310978925274807416e-01
-5.368394913656157064e-01
-5.426119590147083782e-01
-5.484152954747587572e-01
-5.542495007457668432e-01
-5.655261301275936736e-01
-5.714790367605158128e-01
-5.774631104438719964e-01
-5.834783511776622245e-01
-5.895247589618868300e-01
-5.956023337965453690e-01
-6.017110756816381745e-01
-6.078509846171650244e-01
-6.140220606031261408e-01
-6.203910364744290584e-01
-6.266261222681419607e-01
-6.328923834908233292e-01
-6.391898201424733861e-01
-6.455184322230919092e-01
-6.518782197326790095e-01
-6.582691826712346872e-01
-6.646913210387589421e-01
-6.711446348352516633e-01
-6.891534531871796876e-01
-6.957799286985948406e-01
-7.024381098344666396e-01
-7.091279965947947517e-01
-7.158495889795796208e-01
-7.226028869888209138e-01
-7.293878906225188530e-01
-7.362045998806731051e-01
-7.430530147632840032e-01
-7.619492231731309628e-01
-7.689717966585976061e-01
-7.760265837839058767e-01
-7.831135845490556635e-01
-7.902327989540470776e-01
-7.973842269988801190e-01
-8.045678686835546767e-01
-8.117837240080708616e-01
-8.190317929724286738e-01
-8.693573438359237793e-01
-8.770507716574805768e-01
-8.847780912315552637e-01
-8.925393025581479511e-01
-9.003344056372584170e-01
-9.081634004688867723e-01
-9.160262870530329060e-01
-9.239230653896970402e-01
-9.318537354788788418e-01
-9.546444305629001592e-01
-9.627690640144993539e-01
-9.709281238790289370e-01
-9.791216101564891305e-01
-9.873495228468798235e-01
-9.956118619502009048e-01
-1.003908627466452597e+00
-1.012239819395634788e+00
-1.020605437737747367e+00
-1.082909708968015750e+00
-1.091786018057917307e+00
-1.100698556980839182e+00
-1.109647325736780932e+00
-1.118632324325742777e+00
-1.127653552747724497e+00
-1.136711011002726313e+00
-1.145804699090748224e+00
-1.154934617011790010e+00
-1.203296667706940992e+00
-1.212808894329130194e+00
-1.222358570662430477e+00
-1.231945696706841842e+00
-1.241570272462363844e+00
-1.251232297928997150e+00
-1.260931773106741316e+00
-1.270668697995596341e+00
-1.280443072595562670e+00
-1.397714773995740956e+00
-1.408384352423189378e+00
-1.419094499589905523e+00
-1.429845215495889832e+00
-1.440636500141141640e+00
-1.451468353525661614e+00
-1.462340775649449309e+00
-1.473253766512504948e+00
-1.484207326114828307e+00
-1.550702847754827030e+00
-1.562147149214272224e+00
-1.573633525311435966e+00
-1.585161976046318255e+00
-1.596732501418919092e+00
-1.608345101429238699e+00
-1.619999776077276410e+00
-1.631696525363033112e+00
-1.643435349286507918e+00
-1.733185231407945226e+00
-1.745565125918001836e+00
-1.757989076992151123e+00
-1.770457084630393529e+00
-1.782969148832728390e+00
-1.795525269599156148e+00
-1.808125446929676361e+00
-1.820769680824289694e+00
-1.833457971282995480e+00
-1.996346622534532989e+00
-2.010162170095325607e+00
-2.024025357475293330e+00
-2.037936184674436380e+00
-2.051894651692754312e+00
-2.065900758530247572e+00
-2.079954505186915714e+00
-2.094055891662759183e+00
-2.108204917957777980e+00
-2.141245144281821666e+00
-2.155615917062236875e+00
-2.170034752627870489e+00
-2.184501650978722953e+00
-2.199016612114793823e+00
-2.213579636036083986e+00
-2.228190722742593000e+00
-2.242849872234320419e+00
-2.257557084511266687e+00
-2.449191208777305118e+00
-2.465146851831228947e+00
-2.481154298921041779e+00
-2.497213550046744501e+00
-2.513324605208336671e+00
-2.529487464405817843e+00
-2.545702127639188461e+00
-2.561968594908448527e+00
-2.578286866213597595e+00
-2.753293931038296449e+00
-2.770719841994234933e+00
-2.788200724278110165e+00
-2.805736577889922589e+00
-2.823327402829671318e+00
-2.840973199097356350e+00
-2.858673966692978574e+00
-2.876429705616537547e+00
-2.894240415868032823e+00
-3.170162837400212652e+00
-3.189671531784214142e+00
-3.209240068789025457e+00
-3.228868448414646153e+00
-3.248556670661077117e+00
-3.268304735528317462e+00
-3.288112643016368075e+00
-3.307980393125228513e+00
-3.327907985854898332e+00
-3.554992820363299000e+00
-3.576280202521163076e+00
-3.597631129103378900e+00
-3.619045600109946470e+00
-3.640523615540865787e+00
-3.662065175396137295e+00
-3.683670279675760995e+00
-3.705338928379735997e+00
-3.727071121508062745e+00
-3.986949019747176415e+00
-4.010196535897305736e+00
-4.033511632036242744e+00
-4.056894308163989216e+00
-4.080344564280544262e+00
-4.103862400385907883e+00
-4.127447816480079190e+00
-4.151100812563059961e+00
-4.174821388634849306e+00
-4.628639135324656984e+00
-4.654938221320819913e+00
-4.681311808977028477e+00
-4.707759898293282674e+00
-4.734282489269582506e+00
-4.760879581905928859e+00
-4.787551176202320846e+00
-4.814297272158758467e+00
-4.841117869775241722e+00
-4.973041912731883230e+00
-5.000593391472779814e+00
-5.028220979270972890e+00
-5.055924676126459794e+00
-5.083704482039242301e+00
-5.111560397009320411e+00
-5.139492421036694125e+00
-5.167500554121362555e+00
-5.195584796263326588e+00
-5.403703111099306788e+00
-5.432912317105248690e+00
-5.462200254124684129e+00
-5.491566922157613106e+00
-5.521012321204033846e+00
-5.550536451263948123e+00
-5.580139312337356827e+00
-5.609820904424257293e+00
-5.639581227524651297e+00
-5.524061767963972969e+00
-5.553212489694653975e+00
-5.582439923850941454e+00
-5.611744070432836295e+00
-5.641124929440337610e+00
-5.670582500873447174e+00
-5.700116784732162323e+00
-5.729727781016485721e+00
-5.759415489726415593e+00
-5.722787966091713585e+00
-5.752286873133424017e+00
-5.781861612841050047e+00
-5.811512185214594339e+00
-5.841238590254055119e+00
-5.871040827959432384e+00
-5.900918898330727913e+00
-5.930872801367939928e+00
-5.960902537071068430e+00
-5.879482899952338748e+00
-5.909102461161166886e+00
-5.938796443378056900e+00
-5.968564846603009677e+00
-5.998407670836025218e+00
-6.028324916077102635e+00
-6.058316582326241928e+00
-6.088382669583443985e+00
-6.118523177848708805e+00
-6.052984129021962367e+00
-6.082801784829952929e+00
-6.112692702691524538e+00
-6.142656882606679858e+00
-6.172694324575417113e+00
-6.202805028597736303e+00
-6.232988994673637428e+00
-6.263246222803120489e+00
-6.293576712986186372e+00
-6.544476704943833489e+00
-6.576016351714647712e+00
-6.607631814944045168e+00
-6.639323094632024969e+00
-6.671090190778589779e+00
-6.702933103383738711e+00
-6.734851832447470876e+00
-6.766846377969786275e+00
-6.798916739950685795e+00
-6.673144792583165064e+00
-6.704621890661387695e+00
-6.736173052499793812e+00
-6.767798278098385190e+00
-6.799497567457160052e+00
-6.831270920576118399e+00
-6.863118337455260232e+00
-6.895039818094587325e+00
-6.927035362494098791e+00
-7.176153425679856035e+00
-7.209299630879301368e+00
-7.242522209823445856e+00
-7.275821162512288609e+00
-7.309196488945831405e+00
-7.342648189124073355e+00
-7.376176263047014459e+00
-7.409780710714654717e+00
-7.443461532126994129e+00
-7.226967324262039583e+00
-7.259668533874085838e+00
-7.292443561115051764e+00
-7.325292405984940025e+00
-7.358215068483747956e+00
-7.391211548611478221e+00
-7.424281846368129045e+00
-7.457425961753700427e+00
-7.490643894768194144e+00
-7.644742873811364525e+00
-7.678644172586580829e+00
-7.712620474235194479e+00
-7.746671778757203697e+00
-7.780798086152610260e+00
-7.814999396421413280e+00
-7.849275709563611869e+00
-7.883627025579206915e+00
-7.918053344468199306e+00
-7.844048548176417945e+00
-7.878153107081532269e+00
-7.912331645507049593e+00
-7.946584163452967253e+00
-7.980910660919286137e+00
-8.015311137906007133e+00
-8.049785594413130241e+00
-8.084334030440654573e+00
-8.118956445988580128e+00
-8.287408177129314879e+00
-8.322748936946497977e+00
-8.358164889869675207e+00
-8.393656035898844792e+00
-8.429222375034010284e+00
-8.464863907275168131e+00
-8.500580632622321886e+00
-8.536372551075467996e+00
-8.572239662634608237e+00
-8.392410357446633995e+00
-8.427525045134695247e+00
-8.462713041147784665e+00
-8.497974345485900471e+00
-8.533308958149042667e+00
-8.568716879137214804e+00
-8.604198108450409777e+00
-8.639752646088636467e+00
-8.675380492051887771e+00
-8.999590504589436435e+00
-9.036549808509722226e+00
-9.073584848708533102e+00
-9.110695625185867286e+00
-9.147882137941728331e+00
-9.185144386976114461e+00
-9.222482372289025676e+00
-9.259896093880461976e+00
-9.297385551750423360e+00
-9.243879190255666956e+00
-9.281152896667988372e+00
-9.318501600477517854e+00
-9.355925301684255402e+00
-9.393424000288199238e+00
-9.430997696289352916e+00
-9.468646389687712883e+00
-9.506370080483280915e+00
-9.544168768676057013e+00
-9.464331993165677304e+00
-9.501814496108908159e+00
-9.539371075144911671e+00
-9.577001730273689617e+00
-9.614706461495240220e+00
-9.652485268809561703e+00
-9.690338152216657619e+00
-9.728265111716527969e+00
-9.766266147309170975e+00
-9.330648277476935704e+00
-9.366954301902916669e+00
-9.403330823463704746e+00
-9.439777842159299936e+00
-9.476295357989702239e+00
-9.512883370954915208e+00
-9.549541881054933512e+00
-9.586270888289758929e+00
-9.623070392659395011e+00
-9.880781586677992223e+00
-9.918566602305824986e+00
-9.956423726742105629e+00
-9.994352959986837703e+00
-1.003235430204002121e+01
-1.007042775290165260e+01
-1.010857331257173541e+01
-1.014679098105026611e+01
-1.018508075833724824e+01
-1.026889644506019295e+01
-1.030750131891380228e+01
-1.034617862217426776e+01
-1.038492835484158761e+01
-1.042375051691576182e+01
-1.046264510839679041e+01
-1.050161212928467513e+01
-1.054065157957941246e+01
-1.057976345928100592e+01
-1.031531726096401336e+01
-1.035345152070879671e+01
-1.039165613886639328e+01
-1.042993111543680307e+01
-1.046827645042002786e+01
-1.050669214381606409e+01
-1.054517819562491354e+01
-1.058373460584657799e+01
-1.062236137448105389e+01
-1.056426999237847753e+01
-1.060268551962349015e+01
-1.064117076651867499e+01
-1.067972573306403383e+01
-1.071835041925956311e+01
-1.075704482510526461e+01
-1.079580895060114010e+01
-1.083464279574718780e+01
-1.087354636054340595e+01
-1.088028424665963634e+01
-1.091921191838292593e+01
-1.095820910380572144e+01
-1.099727580292802287e+01
-1.103641201574983199e+01
-1.107561774227114526e+01
-1.111489298249196445e+01
-1.115423773641228955e+01
-1.119365200403212235e+01
-1.085970393908425002e+01
-1.089794233323595662e+01
-1.093624793018933339e+01
-1.097462072994438387e+01
-1.101306073250110629e+01
-1.105156793785950065e+01
-1.109014234601957050e+01
-1.112878395698131051e+01
-1.116749277074472424e+01
-1.119543301125156454e+01
-1.123423867160252243e+01
-1.127311146977415746e+01
-1.131205140576646784e+01
-1.135105847957945713e+01
-1.139013269121312177e+01
-1.142927404066746178e+01
-1.146848252794247891e+01
-1.150775815303817318e+01
-1.093789556578288469e+01
-1.097522626737258733e+01
-1.101262056470605444e+01
-1.105007845778328601e+01
-1.108759994660428205e+01
-1.112518503116904256e+01
-1.116283371147756753e+01
-1.120054598752985697e+01
-1.123832185932590910e+01
-1.118686761380112848e+01
-1.122447053015004137e+01
-1.126213653864047792e+01
-1.129986563927243992e+01
-1.133765783204592559e+01
-1.137551311696093670e+01
-1.141343149401747326e+01
-1.145141296321553526e+01
-1.148945752455512093e+01
-1.134015064582617960e+01
-1.137770081352759100e+01
-1.141531304762189691e+01
-1.145298734810909735e+01
-1.149072371498919409e+01
-1.152852214826218535e+01
-1.156638264792807114e+01
-1.160430521398685144e+01
-1.164228984643852627e+01
-1.043121406171353271e+01
-1.046524738654783349e+01
-1.049933614024994455e+01
-1.053348032281986235e+01
-1.056767993425759045e+01
-1.060193497456312528e+01
-1.063624544373646863e+01
-1.067061134177762050e+01
-1.070503266868658088e+01
-1.041235485426782503e+01
-1.044583509495678975e+01
-1.047936907599999046e+01
-1.051295679739742539e+01
-1.054659825914909632e+01
-1.058029346125500503e+01
-1.061404240371514796e+01
-1.064784508652952688e+01
-1.068170150969814358e+01
-9.201405552970827628e+00
-9.230570071363763063e+00
-9.259780736146559832e+00
-9.289037547319217936e+00
-9.318340504881739150e+00
-9.347689608834123476e+00
-9.377084859176369136e+00
-9.406526255908476131e+00
-9.436013799030446236e+00
-8.109479471289462893e+00
-8.134821594637243081e+00
-8.160203253278856650e+00
-8.185624447214305377e+00
-8.211085176443587486e+00
-8.236585440966704752e+00
-8.262125240783653624e+00
-8.287704575894439429e+00
-8.313323446299060393e+00
-7.416261413078494513e+00
-7.439115839621109671e+00
-7.462005426819944276e+00
-7.484930174674997438e+00
-7.507890083186270935e+00
-7.530885152353762990e+00
-7.553915382177474491e+00
-7.576980772657405439e+00
-7.600081323793556720e+00
-7.108102310102756505e+00
-7.129707484297598263e+00
-7.151345443278774638e+00
-7.173016187046286518e+00
-7.194719715600132126e+00
-7.216456028940314127e+00
-7.238225127066830744e+00
-7.260027009979683754e+00
-7.281861677678869604e+00
-6.354724495270101414e+00
-6.373779141432830642e+00
-6.392862312514964174e+00
-6.411974008516503787e+00
-6.431114229437448593e+00
-6.450282975277798592e+00
-6.469480246037554672e+00
-6.488706041716715056e+00
-6.507960362315281522e+00
-5.856656380618960434e+00
-5.873983766360436398e+00
-5.891336746467852770e+00
-5.908715320941209548e+00
-5.926119489780505845e+00
-5.943549252985742548e+00
-5.961004610556919658e+00
-5.978485562494036287e+00
-5.995992108797093323e+00
-6.241563807140252607e+00
-6.259787351102706232e+00
-6.278037459998049741e+00
-6.296314133826282244e+00
-6.314617372587405519e+00
-6.332947176281417789e+00
-6.351303544908320831e+00
-6.369686478468112867e+00
-6.388095976960795674e+00
-6.383672212528613166e+00
-6.402068962420626619e+00
-6.420492182456369434e+00
-6.438941872635841612e+00
-6.457418032959044041e+00
-6.475920663425975832e+00
-6.494449764036636097e+00
-6.513005334791025724e+00
-6.531587375689146491e+00
-6.178042448147182952e+00
-6.195618671328255722e+00
-6.213219860735438083e+00
-6.230846016368730034e+00
-6.248497138228131575e+00
-6.266173226313642708e+00
-6.283874280625262543e+00
-6.301600301162993745e+00
-6.319351287926832761e+00
-8.200634242522625073e+00
-8.223669731967913066e+00
-8.246737529252534671e+00
-8.269837634376491664e+00
-8.292970047339782269e+00
-8.316134768142408262e+00
-8.339331796784367867e+00
-8.362561133265661084e+00
-8.385822777586289689e+00
-8.459122328185099349e+00
-8.482587299969244654e+00
-8.506084771714311543e+00
-8.529614743420300016e+00
-8.553177215087206520e+00
-8.576772186715032831e+00
-8.600399658303780726e+00
-8.624059629853446651e+00
-8.647752101364032384e+00
-1.026742013181070767e+01
-1.029555004998005074e+01
-1.032371844956960061e+01
-1.035192533057935194e+01
-1.038017069300931006e+01
-1.040845453685947319e+01
-1.043677686212983780e+01
-1.046513766882040741e+01
-1.049353695693118205e+01
-1.213726902119702977e+01
-1.217011683992827997e+01
-1.220300904760376071e+01
-1.223594564422347553e+01
-1.226892662978742088e+01
-1.230195200429559499e+01
-1.233502176774800496e+01
-1.236813592014464191e+01
-1.240129446148551295e+01
-1.331540060199411712e+01
-1.335100327740051718e+01
-1.338665348641894504e+01
-1.342235122904939360e+01
-1.345809650529186996e+01
-1.349388931514636880e+01
-1.352972965861289367e+01
-1.356561753569144102e+01
-1.360155294638201440e+01
-1.506782134486155833e+01
-1.510763064828259239e+01
-1.514749247057357628e+01
-1.518740681173450646e+01
-1.522737367176538648e+01
-1.526739305066621633e+01
-1.530746494843699423e+01
-1.534758936507772020e+01
-1.538776630058839423e+01
-1.553707566544957963e+01
-1.557764244264396503e+01
-1.561826211003026010e+01
-1.565893466760846309e+01
-1.569966011537857575e+01
-1.574043845334059810e+01
-1.578126968149453013e+01
-1.582215379984037007e+01
-1.586309080837812147e+01
-1.763670259706124455e+01
-1.768221666827946947e+01
-1.772778939165132073e+01
-1.777342076717680897e+01
-1.781911079485592708e+01
-1.786485947468867508e+01
-1.791066680667505651e+01
-1.795653279081506781e+01
-1.800245742710871255e+01
-1.791999246256911249e+01
-1.796570672905525612e+01
-1.801147923027578202e+01
-1.805730996623068307e+01
-1.810319893691995574e+01
-1.814914614234361423e+01
-1.819515158250164433e+01
-1.824121525739405314e+01
-1.828733716702084067e+01
-1.814395164416250239e+01
-1.818971192573668105e+01
-1.823552983990730425e+01
-1.828140538667436488e+01
-1.832733856603787004e+01
-1.837332937799781263e+01
-1.841937782255419975e+01
-1.846548389970702786e+01
-1.851164760945629340e+01
-1.932043812797107663e+01
-1.936861877168172796e+01
-1.941685941619401135e+01
-1.946516006150792677e+01
-1.951352070762347424e+01
-1.956194135454065375e+01
-1.961042200225946530e+01
-1.965896265077990890e+01
-1.970756330010198809e+01
-1.971317409972356671e+01
-1.976178858578946773e+01
-1.981046294191210322e+01
-1.985919716809146962e+01
-1.990799126432756694e+01
-1.995684523062039162e+01
-2.000575906696995077e+01
-2.005473277337624438e+01
-2.010376634983926536e+01
-2.033264675564324264e+01
-2.038223857699847130e+01
-2.043189080252099998e+01
-2.048160343221083224e+01
-2.053137646606796807e+01
-2.058120990409240392e+01
-2.063110374628414334e+01
-2.068105799264318634e+01
-2.073107264316952936e+01
-2.031256342856456243e+01
-2.036156840667931789e+01
-2.041063242693637392e+01
-2.045975548933574117e+01
-2.050893759387741255e+01
-2.055817874056139161e+01
-2.060747892938767833e+01
-2.065683816035626919e+01
-2.070625643346717126e+01
-2.087836544730170729e+01
-2.092819448178214259e+01
-2.097808290724527325e+01
-2.102803072369109216e+01
-2.107803793111960999e+01
-2.112810452953082319e+01
-2.117823051892472463e+01
-2.122841589930132500e+01
-2.127866067066061717e+01
-2.120876539815348849e+01
-2.125884512754700140e+01
-2.130898391322517682e+01
-2.135918175518801831e+01
-2.140943865343551877e+01
-2.145975460796768530e+01
-2.151012961878450724e+01
-2.156056368588599526e+01
-2.161105680927214578e+01
-2.051082229861426498e+01
-2.055874478062037269e+01
-2.060672318150863447e+01
-2.065475750127905030e+01
-2.070284773993162020e+01
-2.075099389746634415e+01
-2.079919597388322572e+01
-2.084745396918225779e+01
-2.089576788336344393e+01
-2.275512151907379632e+01
-2.280773451680575903e+01
-2.286040826857667341e+01
-2.291314277438653590e+01
-2.296593803423535363e+01
-2.301879404812312302e+01
-2.307171081604984408e+01
-2.312468833801551682e+01
-2.317772661402013767e+01
-2.067987625333884338e+01
-2.072719862462794893e+01
-2.077457507862709818e+01
-2.082200561533629468e+01
-2.086949023475553133e+01
-2.091702893688481524e+01
-2.096462172172414284e+01
-2.101226858927351770e+01
-2.105996953953293271e+01
-2.038759396989526351e+01
-2.043377198568211384e+01
-2.048000223904338668e+01
-2.052628472997907849e+01
-2.057261945848918927e+01
-2.061900642457371902e+01
-2.066544562823267128e+01
-2.071193706946603896e+01
-2.075848074827382916e+01
-2.039477697382265475e+01
-2.044050517331552896e+01
-2.048628458019865661e+01
-2.053211519447203059e+01
-2.057799701613565446e+01
-2.062393004518953177e+01
-2.066991428163365541e+01
-2.071594972546802893e+01
-2.076203637669264879e+01
-1.875452307019680021e+01
-1.879615353206182959e+01
-1.883783014743225692e+01
-1.887955291630807508e+01
-1.892132183868928763e+01
-1.896313691457589456e+01
-1.900499814396789233e+01
-1.904690552686528804e+01
-1.908885906326807458e+01
-1.836554386570320219e+01
-1.840590769837507779e+01
-1.844631583821783494e+01
-1.848676828523147009e+01
-1.852726503941598679e+01
-1.856780610077138149e+01
-1.860839146929765775e+01
-1.864902114499481556e+01
-1.868969512786285136e+01
-1.457751004619888135e+01
-1.460923476882390659e+01
-1.464099397484308795e+01
-1.467278766425642900e+01
-1.470461583706392794e+01
-1.473647849326558301e+01
-1.476837563286139599e+01
-1.480030725585136508e+01
-1.483227336223549386e+01
-1.012092038136343142e+01
-1.014273270977154340e+01
-1.016456851754284862e+01
-1.018642780467734887e+01
-1.020831057117504592e+01
-1.023021681703593622e+01
-1.025214654226002153e+01
-1.027409974684730187e+01
-1.029607643079777723e+01
-7.326415615153957894e+00
-7.342053642080647258e+00
-7.357708340677834080e+00
-7.373379710945518362e+00
-7.389067752883700102e+00
-7.404772466492380190e+00
-7.420493851771556848e+00
-7.436231908721231854e+00
-7.451986637341403430e+00
-4.916420879802976707e+00
-4.926815004284589961e+00
-4.937220104610428706e+00
-4.947636180780492055e+00
-4.958063232794782671e+00
-4.968501260653297891e+00
-4.978950264356038602e+00
-4.989410243903004805e+00
-4.999881199294197387e+00
-1.202758015523390345e+00
-1.205276880477366142e+00
-1.207798380227318891e+00
-1.210322514773248370e+00
-1.212849284115155024e+00
-1.215378688253038408e+00
-1.217910727186898967e+00
-1.220445400916736478e+00
-1.222982709442550942e+00
3.328586512876960057e+00
3.335492294024007709e+00
3.342405231420948475e+00
3.349325325067782799e+00
3.356252574964510682e+00
3.363186981111131235e+00
3.370128543507645791e+00
3.377077262154053017e+00
3.384033137050353801e+00
6.160958767555022142e+00
6.173622608803849943e+00
6.186299451943077621e+00
6.198989296972704288e+00
6.211692143892730833e+00
6.224407992703155479e+00
6.237136843403980002e+00
6.249878695995203515e+00
6.262633550476826905e+00
3.005320121619652340e+00
3.011440936531301293e+00
3.017567978111222793e+00
3.023701246359415951e+00
3.029840741275882099e+00
3.035986462860619906e+00
3.042138411113630703e+00
3.048296586034913158e+00
3.054460987624468160e+00
3.303393025475839462e+00
3.310059812611007679e+00
3.316733320297723164e+00
3.323413548535986362e+00
3.330100497325797271e+00
3.336794166667155892e+00
3.343494556560061781e+00
3.350201667004515382e+00
3.356915498000516251e+00
1.136999876444236168e+00
1.139273876197124613e+00
1.141550147678038085e+00
1.143828690886976140e+00
1.146109505823939223e+00
1.148392592488927111e+00
1.150677950881940026e+00
1.152965581002977746e+00
1.155255482852040272e+00
-2.287664275325104413e+00
-2.292198793214748065e+00
-2.296737800726064371e+00
-2.301281297859053776e+00
-2.305829284613715835e+00
-2.310381760990050992e+00
-2.314938726988058804e+00
-2.319500182607739713e+00
-2.324066127849093721e+00
-1.251446001958910514e+01
-1.253904638504998914e+01
-1.256365687844557222e+01
-1.258829149977585793e+01
-1.261295024904084450e+01
-1.263763312624053192e+01
-1.266234013137492376e+01
-1.268707126444401467e+01
-1.271182652544780822e+01
-2.224346894959733945e+01
-2.228678631853521352e+01
-2.233014582499150791e+01
-2.237354746896622260e+01
-2.241699125045935759e+01
-2.246047716947091999e+01
-2.250400522600090270e+01
-2.254757542004930571e+01
-2.259118775161613257e+01
-3.202603874115420979e+01
-3.208786507077034145e+01
-3.214975102076218150e+01
-3.221169659112973704e+01
-3.227370178187301519e+01
-3.233576659299199463e+01
-3.239789102448669667e+01
-3.246007507635711420e+01
-3.252231874860324723e+01
-4.193401052132168161e+01
-4.201426700078832965e+01
-4.209460020729079588e+01
-4.217501014082907318e+01
-4.225549680140317577e+01
-4.233606018901309653e+01
-4.241670030365883548e+01
-4.249741714534039261e+01
-4.257821071405776792e+01
-5.393034321764003636e+01
-5.403267783475131125e+01
-5.413510945149965181e+01
-5.423763806788506514e+01
-5.434026368390755124e+01
-5.444298629956711721e+01
-5.454580591486374885e+01
-5.464872252979745326e+01
-5.475173614436823044e+01
-6.060209823257426365e+01
-6.071611911353866020e+01
-6.083024715698515905e+01
-6.094448236291376730e+01
-6.105882473132449206e+01
-6.117327426221731201e+01
-6.128783095559225558e+01
-6.140249481144930144e+01
-6.151726582978846380e+01
-7.070708853513035308e+01
-7.083900474508395462e+01
-7.097104389651933332e+01
-7.110320598943650339e+01
-7.123549102383546483e+01
-7.136789899971618922e+01
-7.150042991707870499e+01
-7.163308377592301213e+01
-7.176586057624909643e+01
-7.287140568318000078e+01
-7.300622789535979962e+01
-7.314117471217193156e+01
-7.327624613361638239e+01
-7.341144215969316633e+01
-7.354676279040228337e+01
-7.368220802574371930e+01
-7.381777786571748834e+01
-7.395347231032359048e+01
-8.270545552024348979e+01
-8.285720864963843724e+01
-8.300910087447738306e+01
-8.316113219476029883e+01
-8.331330261048721297e+01
-8.346561212165812549e+01
-8.361806072827302216e+01
-8.377064843033191721e+01
-8.392337522783481063e+01
-8.376837609268625329e+01
-8.392082081714974606e+01
-8.407340412772637706e+01
-8.422612602441616048e+01
-8.437898650721909632e+01
-8.453198557613517039e+01
-8.468512323116441110e+01
-8.483839947230677581e+01
-8.499181429956230716e+01
-8.953819645441515718e+01
-8.969981774765416560e+01
-8.986158477695562397e+01
-9.002349754231950385e+01
-9.018555604374581947e+01
-9.034776028123457081e+01
-9.051011025478575789e+01
-9.067260596439938070e+01
-9.083524741007542502e+01
-9.104856841128949441e+01
-9.121159181041444697e+01
-9.137476102653326393e+01
-9.153807605964591687e+01
-9.170153690975243421e+01
-9.186514357685278753e+01
-9.202889606094700525e+01
-9.219279436203505895e+01
-9.235683848011697705e+01
-9.460687545703635237e+01
-9.477491608839875425e+01
-9.494310582413682198e+01
-9.511144466425054134e+01
-9.527993260873991233e+01
-9.544856965760494916e+01
-9.561735581084562341e+01
-9.578629106846196350e+01
-9.595537543045395523e+01
-9.108269858922282936e+01
-9.124319673651662299e+01
-9.140383616739077866e+01
-9.156461688184528214e+01
-9.172553887988016186e+01
-9.188660216149540361e+01
-9.204780672669100738e+01
-9.220915257546697319e+01
-9.237063970782330102e+01
-8.525139628838800832e+01
-8.540043719099007546e+01
-8.554960826031931731e+01
-8.569890949637571964e+01
-8.584834089915928246e+01
-8.599790246867001997e+01
-8.614759420490791797e+01
-8.629741610787297645e+01
-8.644736817756519542e+01
-8.767546491667813768e+01
-8.782754724957784731e+01
-8.797976136959444204e+01
-8.813210727672793610e+01
-8.828458497097832947e+01
-8.843719445234562215e+01
-8.858993572082981416e+01
-8.874280877643090548e+01
-8.889581361914889612e+01
-8.439454817287628430e+01
-8.453980557076420155e+01
-8.468518786753249117e+01
-8.483069506318116737e+01
-8.497632715771024436e+01
-8.512208415111969373e+01
-8.526796604340952968e+01
-8.541397283457975220e+01
-8.556010452463036131e+01
-7.414500948875783592e+01
-7.427164485936204130e+01
-7.439838828062374887e+01
-7.452523975254297284e+01
-7.465219927511971321e+01
-7.477926684835395577e+01
-7.490644247224571473e+01
-7.503372614679497588e+01
-7.516111787200176764e+01
-6.720781747785613902e+01
-6.732172903290336308e+01
-6.743573704142647784e+01
-6.754984150342551175e+01
-6.766404241890045057e+01
-6.777833978785129432e+01
-6.789273361027804299e+01
-6.800722388618071079e+01
-6.812181061555928352e+01
-5.916608699717298236e+01
-5.926560943114635904e+01
-5.936521549741718928e+01
-5.946490519598548019e+01
-5.956467852685123177e+01
-5.966453549001443690e+01
-5.976447608547509560e+01
-5.986450031323321497e+01
-5.996460817328878790e+01
-4.979127317551709808e+01
-4.987439717080176393e+01
-4.995759049385564765e+01
-5.004085314467873502e+01
-5.012418512327104025e+01
-5.020758642963256335e+01
-5.029105706376329010e+01
-5.037459702566322761e+01
-5.045820631533237588e+01
-3.678938541272859197e+01
-3.685034545483749469e+01
-3.691135596055742951e+01
-3.697241692988837514e+01
-3.703352836283033866e+01
-3.709469025938332010e+01
-3.715590261954731943e+01
-3.721716544332233667e+01
-3.727847873070837181e+01
-1.875903723399656187e+01
-1.878989091365773945e+01
-1.882076994556186023e+01
-1.885167432970892420e+01
-1.888260406609893138e+01
-1.891355915473187821e+01
-1.894453959560777179e+01
-1.897554538872660501e+01
-1.900657653408838144e+01
-9.033841268794156054e-01
-9.048590397396270024e-01
-9.063351556282722710e-01
-9.078124745453518551e-01
-9.092909964908654219e-01
-9.107707214648130822e-01
-9.122516494671949472e-01
-9.137337804980109057e-01
-9.152171145572608468e-01
1.769478997656877439e+01
1.772346872855672828e+01
1.775217070220621451e+01
1.778089589751722954e+01
1.780964431448976981e+01
1.783841595312384243e+01
1.786721081341944029e+01
1.789602889537657049e+01
1.792487019899522593e+01
2.723714231877279346e+01
2.728096716562520285e+01
2.732482724145418018e+01
2.736872254625973255e+01
2.741265308004184931e+01
2.745661884280053755e+01
2.750061983453579373e+01
2.754465605524762140e+01
2.758872750493601700e+01
4.915669143721148515e+01
4.923521650340511968e+01
4.931380423924455414e+01
4.939245464472978853e+01
4.947116771986083705e+01
4.954994346463768551e+01
4.962878187906034100e+01
4.970768296312879642e+01
4.978664671684305887e+01
6.406490771414480889e+01
6.416651740124099490e+01
6.426820760314470249e+01
6.436997831985593166e+01
6.447182955137469662e+01
6.457376129770098316e+01
6.467577355883479129e+01
6.477786633477612099e+01
6.488003962552498649e+01
7.840370897832545438e+01
7.852717938616532933e+01
7.865074693830720776e+01
7.877441163475108965e+01
7.889817347549697502e+01
7.902203246054483543e+01
7.914598858989471353e+01
7.927004186354658088e+01
7.939419228150045171e+01
7.843375784447860610e+01
7.855640641030265670e+01
7.867915079531874767e+01
7.880199099952690744e+01
7.892492702292710760e+01
7.904795886551936235e+01
7.917108652730365748e+01
7.929431000827999299e+01
7.941762930844839730e+01
7.904232664547562592e+01
7.916506317753382405e+01
7.928789492800322591e+01
7.941082189688384574e+01
7.953384408417569773e+01
7.965696148987875347e+01
7.978017411399302716e+01
7.990348195651851881e+01
8.002688501745522842e+01
7.281349306187237858e+01
7.292577292781204790e+01
7.303813929595968091e+01
7.315059216631527761e+01
7.326313153887883800e+01
7.337575741365036208e+01
7.348846979062986406e+01
7.360126866981731553e+01
7.371415405121274489e+01
5.959206146800694626e+01
5.968332036765166748e+01
5.977464909047898800e+01
5.986604763648889360e+01
5.995751600568138429e+01
6.004905419805647426e+01
6.014066221361414932e+01
6.023234005235441657e+01
6.032408771427727601e+01
4.625874640841234253e+01
4.632910191625784080e+01
4.639951088573543814e+01
4.646997331684513455e+01
4.654048920958693003e+01
4.661105856396083169e+01
4.668168137996683242e+01
4.675235765760493933e+01
4.682308739687513821e+01
1.758408274654372150e+01
1.761064480507324248e+01
1.763722691043939150e+01
1.766382906264216501e+01
1.769045126168156656e+01
1.771709350755759260e+01
1.774375580027024313e+01
1.777043813981952169e+01
1.779714052620542475e+01
-8.462434375001146591e-01
-8.475131200770089634e-01
-8.487837544399431389e-01
-8.500553405889167413e-01
-8.513278785239301039e-01
-8.526013682449831155e-01
-8.538758097520757762e-01
-8.551512030452080859e-01
-8.564275481243800447e-01
-2.598444766508817949e+01
-2.602317262435060741e+01
-2.606192641828113565e+01
-2.610070904687976778e+01
-2.613952051014650380e+01
-2.617836080808134369e+01
-2.621722994068428392e+01
-2.625612790795532803e+01
-2.629505470989447602e+01
-5.406164822880260346e+01
-5.414168027651363957e+01
-5.422177151952622864e+01
-5.430192195784039200e+01
-5.438213159145610121e+01
-5.446240042037338469e+01
-5.454272844459222824e+01
-5.462311566411262476e+01
-5.470356207893458844e+01
-6.845631180429349172e+01
-6.855698285106450385e+01
-6.865772786627547930e+01
-6.875854684992638965e+01
-6.885943980201726333e+01
-6.896040672254808612e+01
-6.906144761151884381e+01
-6.916256246892956483e+01
-6.926375129478022075e+01
-9.253649129016460506e+01
-9.267167973616922438e+01
-9.280696685987166461e+01
-9.294235266127191153e+01
-9.307783714036996514e+01
-9.321342029716585387e+01
-9.334910213165953508e+01
-9.348488264385105140e+01
-9.362076183374036020e+01
-1.072748599306387689e+02
-1.074305563891738018e+02
-1.075863657530449728e+02
-1.077422880222522821e+02
-1.078983231967957295e+02
-1.080544712766753150e+02
-1.082107322618910388e+02
-1.083671061524429149e+02
-1.085235929483309150e+02
-1.231321090749678007e+02
-1.233096607823578239e+02
-1.234873404088453697e+02
-1.236651479544304379e+02
-1.238430834191130856e+02
-1.240211468028932558e+02
-1.241993381057709911e+02
-1.243776573277462489e+02
-1.245561044688190577e+02
-1.358760737388776647e+02
-1.360707386009677577e+02
-1.362655428079841613e+02
-1.364604863599269322e+02
-1.366555692567960136e+02
-1.368507914985914340e+02
-1.370461530853131933e+02
-1.372416540169612915e+02
-1.374372942935357287e+02
-1.411567018204174815e+02
-1.413576366272792768e+02
-1.415587143465215263e+02
-1.417599349781441447e+02
-1.419612985221471888e+02
-1.421628049785306303e+02
-1.423644543472945259e+02
-1.425662466284388188e+02
-1.427681818219635090e+02
-1.526206262881591442e+02
-1.528364970466996908e+02
-1.530525203640802090e+02
-1.532686962403006419e+02
-1.534850246753610747e+02
-1.537015056692614223e+02
-1.539181392220017699e+02
-1.541349253335820322e+02
-1.543518640040022945e+02
-1.488498735513205986e+02
-1.490590792766211052e+02
-1.492684319160545670e+02
-1.494779314696209553e+02
-1.496875779373202704e+02
-1.498973713191525405e+02
-1.501073116151177658e+02
-1.503173988252158892e+02
-1.505276329494469678e+02
-1.504728290510410318e+02
-1.506829866335145311e+02
-1.508932908716631971e+02
-1.511037417654870012e+02
-1.513143393149859435e+02
-1.515250835201600239e+02
-1.517359743810092141e+02
-1.519470118975335708e+02
-1.521581960697330658e+02
-1.461468591451959469e+02
-1.463497000322815893e+02
-1.465526815857244287e+02
-1.467558038055244367e+02
-1.469590666916816986e+02
-1.471624702441961290e+02
-1.473660144630677564e+02
-1.475696993482966093e+02
-1.477735248998826592e+02
-1.538130281279789244e+02
-1.540251840288451035e+02
-1.542374861432887201e+02
-1.544499344713097742e+02
-1.546625290129082657e+02
-1.548752697680842232e+02
-1.550881567368376182e+02
-1.553011899191684222e+02
-1.555143693150766637e+02
-1.421073309624137551e+02
-1.423021319644184359e+02
-1.424970663917669640e+02
-1.426921342444593108e+02
-1.428873355224955048e+02
-1.430826702258755461e+02
-1.432781383545994061e+02
-1.434737399086671417e+02
-1.436694748880786960e+02
-1.280982295505027082e+02
-1.282727502992090933e+02
-1.284473898503312341e+02
-1.286221482038691022e+02
-1.287970253598226975e+02
-1.289720213181920201e+02
-1.291471360789770699e+02
-1.293223696421778754e+02
-1.294977220077943798e+02
-1.133447219945021089e+02
-1.134982016451378684e+02
-1.136517851385683571e+02
-1.138054724747936035e+02
-1.139592636538136077e+02
-1.141131586756283411e+02
-1.142671575402378181e+02
-1.144212602476420528e+02
-1.145754667978410311e+02
-8.850570655169696010e+01
-8.862482594140315939e+01
-8.874402543829810952e+01
-8.886330504238183892e+01
-8.898266475365434758e+01
-8.910210457211563551e+01
-8.922162449776568849e+01
-8.934122453060452074e+01
-8.946090467063211804e+01
-6.410081996166913143e+01
-6.418657356696901672e+01
-6.427238449419758126e+01
-6.435825274335482504e+01
-6.444417831444074807e+01
-6.453016120745535034e+01
-6.461620142239861764e+01
-6.470229895927057839e+01
-6.478845381807118997e+01
-1.208054124066230628e+01
-1.209660579018446214e+01
-1.211268101382590423e+01
-1.212876691158662901e+01
-1.214486348346663824e+01
-1.216097072946593016e+01
-1.217708864958450654e+01
-1.219321724382236738e+01
-1.220935651217951090e+01
-1.222550645465593888e+01
-1.224166707125165132e+01
-1.225783836196664645e+01
-1.227402032680092603e+01
-1.229021296575448829e+01
-1.230641627882733502e+01
-1.232263026601946621e+01
-1.233885492733088185e+01
4.346746812102339419e+01
4.352462455510757167e+01
4.358181854269641775e+01
4.363905008378991113e+01
4.369631917838806601e+01
4.375362582649086818e+01
4.381097002809832475e+01
4.386835178321043571e+01
4.392577109182720108e+01
4.398322795394862794e+01
4.404072236957470210e+01
4.409825433870543776e+01
4.415582386134082071e+01
4.421343093748086517e+01
4.427107556712555692e+01
4.432875775027490306e+01
4.438647748692890360e+01
1.311942711753374340e+02
1.313648749089854562e+02
1.315355894962616219e+02
1.317064149371658459e+02
1.318773512316981851e+02
1.320483983798586110e+02
1.322195563816471520e+02
1.323908252370638081e+02
1.325622049461085510e+02
1.327336955087814090e+02
1.329052969250823253e+02
1.330770091950113851e+02
1.332488323185685317e+02
1.334207662957537650e+02
1.335928111265671134e+02
1.337649668110085770e+02
1.339372333490781273e+02
1.937178553778826995e+02
1.939670101757963607e+02
1.942163250989015069e+02
1.944658001471981095e+02
1.947154353206861686e+02
1.949652306193656841e+02
1.952151860432366561e+02
1.954653015922991131e+02
1.957155772665530264e+02
1.959660130659983679e+02
1.962166089906352227e+02
1.964673650404635055e+02
1.967182812154832448e+02
1.969693575156944405e+02
1.972205939410971212e+02
1.974719904916912583e+02
1.977235471674768519e+02
2.638662758647161013e+02
2.642019835948239006e+02
2.645379047437047575e+02
2.648740393113587857e+02
2.652103872977858714e+02
2.655469487029861284e+02
2.658837235269594430e+02
2.662207117697059289e+02
2.665579134312255292e+02
2.668953285115181870e+02
2.672329570105840162e+02
2.675707989284229598e+02
2.679088542650349609e+02
2.682471230204201333e+02
2.685856051945783634e+02
2.689243007875097078e+02
2.692632097992142235e+02
2.788742914096452523e+02
2.792252974403685357e+02
2.795765242296016595e+02
2.799279717773447373e+02
2.802796400835976556e+02
2.806315291483605279e+02
2.809836389716332405e+02
2.813359695534158504e+02
2.816885208937083576e+02
2.820412929925107619e+02
2.823942858498230635e+02
2.827474994656452054e+02
2.831009338399772446e+02
2.834545889728191810e+02
2.838084648641710146e+02
2.841625615140327454e+02
2.845168789224043735e+02
2.587190607868134293e+02
2.590412513980049880e+02
2.593636425011761162e+02
2.596862340963268139e+02
2.600090261834571379e+02
2.603320187625670314e+02
2.606552118336564945e+02
2.609786053967255270e+02
2.613021994517741859e+02
2.616259939988023575e+02
2.619499890378102123e+02
2.622741845687975797e+02
2.625985805917645735e+02
2.629231771067110799e+02
2.632479741136372695e+02
2.635729716125429718e+02
2.638981696034283004e+02
2.224205212013320363e+02
2.226946068713274940e+02
2.229688613132872490e+02
2.232432845272113298e+02
2.235178765130996226e+02
2.237926372709522411e+02
2.240675668007691570e+02
2.243426651025503133e+02
2.246179321762957954e+02
2.248933680220055464e+02
2.251689726396795663e+02
2.254447460293178551e+02
2.257206881909204412e+02
2.259967991244873247e+02
2.262730788300185054e+02
2.265495273075139551e+02
2.268261445569736452e+02
1.301237898851464365e+02
1.302824774337868519e+02
1.304412616841631802e+02
1.306001426362754501e+02
1.307591202901236329e+02
1.309181946457077004e+02
1.310773657030277377e+02
1.312366334620836597e+02
1.313959979228754946e+02
1.315554590854032710e+02
1.317150169496669321e+02
1.318746715156665346e+02
1.320344227834020501e+02
1.321942707528734786e+02
1.323542154240808202e+02
1.325142567970240748e+02
1.326743948717032708e+02
5.457219696779721119e+01
5.463806564247167330e+01
5.470397404493544968e+01
5.476992217518854034e+01
5.483591003323093815e+01
5.490193761906264314e+01
5.496800493268365528e+01
5.503411197409398170e+01
5.510025874329361528e+01
5.516644524028254892e+01
5.523267146506080394e+01
5.529893741762835901e+01
5.536524309798523547e+01
5.543158850613141198e+01
5.549797364206689565e+01
5.556439850579169359e+01
5.563086309730579870e+01
-3.484671836581976123e+01
-3.488835124319827941e+01
-3.493000897602598087e+01
-3.497169156430285852e+01
-3.501339900802891947e+01
-3.505513130720416370e+01
-3.509688846182859123e+01
-3.513867047190219495e+01
-3.518047733742498195e+01
-3.522230905839694515e+01
-3.526416563481809874e+01
-3.530604706668842852e+01
-3.534795335400794158e+01
-3.538988449677663084e+01
-3.543184049499450339e+01
-3.547382134866155923e+01
-3.551582705777779836e+01
-9.681452103039285362e+01
-9.692902667324371180e+01
-9.704359999082437582e+01
-9.715824098313485990e+01
-9.727294965017516404e+01
-9.738772599194527402e+01
-9.750257000844520405e+01
-9.761748169967495414e+01
-9.773246106563452429e+01
-9.784750810632391449e+01
-9.796262282174312475e+01
-9.807780521189214085e+01
-9.819305527677099121e+01
-9.830837301637964742e+01
-9.842375843071812369e+01
-9.853921151978640580e+01
-9.865473228358450797e+01
-1.500597780201509295e+02
-1.502354920459356720e+02
-1.504113088885874276e+02
-1.505872285481062534e+02
-1.507632510244921207e+02
-1.509393763177450296e+02
-1.511156044278649802e+02
-1.512919353548520007e+02
-1.514683690987060629e+02
-1.516449056594271383e+02
-1.518215450370153121e+02
-1.519982872314704991e+02
-1.521751322427927562e+02
-1.523520800709820264e+02
-1.525291307160383951e+02
-1.527062841779617770e+02
-1.528835404567522005e+02
-1.794107553620969782e+02
-1.796187678320819998e+02
-1.798269008191412013e+02
-1.800351543232745257e+02
-1.802435283444820584e+02
-1.804520228827636856e+02
-1.806606379381194927e+02
-1.808693735105494227e+02
-1.810782296000535325e+02
-1.812872062066317653e+02
-1.814963033302841779e+02
-1.817055209710107135e+02
-1.819148591288114289e+02
-1.821243178036862957e+02
-1.823338969956353139e+02
-1.825435967046584551e+02
-1.827534169307557477e+02
-1.855016771783946012e+02
-1.857146526975431300e+02
-1.859277504057445753e+02
-1.861409703029988520e+02
-1.863543123893060169e+02
-1.865677766646660416e+02
-1.867813631290789544e+02
-1.869950717825447271e+02
-1.872089026250633594e+02
-1.874228556566348516e+02
-1.876369308772592319e+02
-1.878511282869364436e+02
-1.880654478856665435e+02
-1.882798896734495315e+02
-1.884944536502853794e+02
-1.887091398161740585e+02
-1.889239481711156543e+02
-1.488792038854514601e+02
-1.490484809791245198e+02
-1.492178542529644290e+02
-1.493873237069712161e+02
-1.495568893411448528e+02
-1.497265511554853390e+02
-1.498963091499927032e+02
-1.500661633246669169e+02
-1.502361136795079801e+02
-1.504061602145159213e+02
-1.505763029296907121e+02
-1.507465418250323523e+02
-1.509168769005408706e+02
-1.510873081562162383e+02
-1.512578355920584556e+02
-1.514284592080675509e+02
-1.515991790042435241e+02
-1.039327399883637497e+02
-1.040497813622245218e+02
-1.041668886006738433e+02
-1.042840617037117283e+02
-1.044013006713381486e+02
-1.045186055035531467e+02
-1.046359762003566800e+02
-1.047534127617487769e+02
-1.048709151877294232e+02
-1.049884834782986331e+02
-1.051061176334563925e+02
-1.052238176532027012e+02
-1.053415835375375593e+02
-1.054594152864609811e+02
-1.055773128999729522e+02
-1.056952763780734870e+02
-1.058133057207625711e+02
-4.688244812965900365e+01
-4.693474310805238048e+01
-4.698706723637796756e+01
-4.703942051463577201e+01
-4.709180294282578672e+01
-4.714421452094802589e+01
-4.719665524900246822e+01
-4.724912512698913503e+01
-4.730162415490800498e+01
-4.735415233275909941e+01
-4.740670966054241120e+01
-4.745929613825792615e+01
-4.751191176590565846e+01
-4.756455654348561524e+01
-4.761723047099777517e+01
-4.766993354844215958e+01
-4.772266577581875424e+01
1.142168526717006749e+01
1.143430591387412143e+01
1.144693352946095111e+01
1.145956811393055474e+01
1.147220966728293234e+01
1.148485818951808390e+01
1.149751368063601120e+01
1.151017614063671068e+01
1.152284556952018590e+01
1.153552196728643509e+01
1.154820533393545823e+01
1.156089566946725533e+01
1.157359297388182640e+01
1.158629724717917320e+01
1.159900848935929218e+01
1.161172670042218691e+01
1.162445188036785382e+01
6.707202500974226211e+01
6.714544813509500898e+01
6.721891142627126214e+01
6.729241488327100740e+01
6.736595850609425895e+01
6.743954229474100259e+01
6.751316624921125253e+01
6.758683036950498035e+01
6.766053465562221447e+01
6.773427910756295489e+01
6.780806372532718740e+01
6.788188850891491199e+01
6.795575345832612868e+01
6.802965857356085166e+01
6.810360385461908095e+01
6.817758930150078811e+01
6.825161491420600157e+01
1.347792079893539494e+02
1.349253893429215623e+02
1.350716499275751517e+02
1.352179897433146607e+02
1.353644087901401178e+02
1.355109070680515515e+02
1.356574845770489048e+02
1.358041413171321778e+02
1.359508772883014274e+02
1.360976924905565966e+02
1.362445869238977423e+02
1.363915605883248077e+02
1.365386134838378496e+02
1.366857456104367827e+02
1.368329569681216924e+02
1.369802475568925502e+02
1.371276173767493560e+02
1.837675684983596227e+02
1.839650618551552839e+02
1.841626612771264604e+02
1.843603667642731239e+02
1.845581783165953027e+02
1.847560959340929969e+02
1.849541196167662065e+02
1.851522493646149030e+02
1.853504851776391149e+02
1.855488270558388422e+02
1.857472749992140564e+02
1.859458290077648144e+02
1.861444890814910309e+02
1.863432552203927912e+02
1.865421274244700669e+02
1.867411056937228295e+02
1.869401900281511075e+02
2.100834477341788329e+02
2.103071787754292927e+02
2.105310288858874230e+02
2.107549980655532806e+02
2.109790863144268087e+02
2.112032936325080072e+02
2.114276200197969331e+02
2.116520654762935294e+02
2.118766300019978246e+02
2.121013135969097902e+02
2.123261162610294832e+02
2.125510379943568466e+02
2.127760787968918805e+02
2.130012386686346417e+02
2.132265176095850734e+02
2.134519156197432039e+02
2.136774326991090049e+02
2.310388430991864084e+02
2.312826835668372496e+02
2.315266526423297080e+02
2.317707503256637267e+02
2.320149766168393626e+02
2.322593315158565588e+02
2.325038150227153722e+02
2.327484271374157743e+02
2.329931678599577083e+02
2.332380371903412879e+02
2.334830351285664278e+02
2.337281616746331565e+02
2.339734168285415024e+02
2.342188005902914085e+02
2.344643129598829034e+02
2.347099539373159871e+02
2.349557235225906595e+02
2.030124680064528775e+02
2.032248241445349493e+02
2.034372912894847900e+02
2.036498694413024566e+02
2.038625585999878922e+02
2.040753587655411252e+02
2.042882699379621272e+02
2.045012921172509266e+02
2.047144253034075234e+02
2.049276694964318892e+02
2.051410246963240809e+02
2.053544909030840415e+02
2.055680681167117712e+02
2.057817563372073266e+02
2.059955555645706795e+02
2.062094657988017730e+02
2.064234870399006923e+02
1.550830603680857962e+02
1.552438515141387541e+02
1.554047259716663802e+02
1.555656837406685895e+02
1.557267248211454955e+02
1.558878492130970130e+02
1.560490569165231705e+02
1.562103479314239678e+02
1.563717222577994050e+02
1.565331798956494822e+02
1.566947208449741993e+02
1.568563451057735563e+02
1.570180526780475532e+02
1.571798435617961616e+02
1.573417177570194667e+02
1.575036752637173549e+02
1.576657160818899115e+02
1.105868040818503601e+02
1.107004595845038466e+02
1.108141734618376972e+02
1.109279457138518978e+02
1.110417763405464626e+02
1.111556653419213916e+02
1.112696127179766563e+02
1.113836184687122994e+02
1.114976825941282925e+02
1.116118050942246214e+02
1.117259859690013286e+02
1.118402252184583716e+02
1.119545228425958072e+02
1.120688788414135644e+02
1.121832932149116857e+02
1.122977659630901712e+02
1.124122970859490067e+02
7.849899840176647103e+01
7.857897700431539079e+01
7.865899632916703865e+01
7.873905637632140042e+01
7.881915714577849030e+01
7.889929863753830830e+01
7.897948085160085441e+01
7.905970378796611442e+01
7.913996744663408833e+01
7.922027182760480457e+01
7.930061693087823471e+01
7.938100275645439297e+01
7.946142930433326512e+01
7.954189657451487960e+01
7.962240456699920799e+01
7.970295328178626448e+01
7.978354271887602067e+01
3.536012813119211451e+00
3.539584543233473379e+00
3.543158076341230700e+00
3.546733412442483413e+00
3.550310551537231074e+00
3.553889493625474127e+00
3.557470238707212573e+00
3.561052786782446411e+00
3.564637137851175641e+00
3.568223291913400264e+00
3.571811248969119834e+00
3.575401009018335241e+00
3.578992572061046040e+00
3.582585938097251343e+00
3.586181107126952927e+00
3.589778079150149459e+00
3.593376854166841383e+00
-1.530775731903735348e+01
-1.532308807248656635e+01
-1.533842649898554988e+01
-1.535377259853430942e+01
-1.536912637113284497e+01
-1.538448781678115296e+01
-1.539985693547923695e+01
-1.541523372722709517e+01
-1.543061819202472584e+01
-1.544601032987213074e+01
-1.546141014076931164e+01
-1.547681762471626676e+01
-1.549223278171299611e+01
-1.550765561175950147e+01
-1.552308611485577927e+01
-1.553852429100183130e+01
-1.555397014019765933e+01
-5.385041003015815875e+01
-5.390388610764590283e+01
-5.395738872412992038e+01
-5.401091787961021140e+01
-5.406447357408676879e+01
-5.411805580755959966e+01
-5.417166458002870399e+01
-5.422529989149407470e+01
-5.427896174195571888e+01
-5.433265013141364363e+01
-5.438636505986782765e+01
-5.444010652731829936e+01
-5.449387453376503032e+01
-5.454766907920803476e+01
-5.460149016364731267e+01
-5.465533778708286405e+01
-5.470921194951468181e+01
-5.476311265094278014e+01
-5.481703989136714483e+01
-5.487099367078777590e+01
-5.492497398920468754e+01
-5.497898084661787266e+01
-5.503301424302732414e+01
-5.508707417843304199e+01
-5.514116065283504042e+01
-5.519527366623331233e+01
-5.524941321862784349e+01
-5.530357931001865524e+01
-5.535777194040574756e+01
-5.541199110978909914e+01
-5.546623681816872420e+01
-5.552050906554462273e+01
-5.557480785191680184e+01
-5.668504791304039259e+01
-5.674043144788459614e+01
-5.679584202547042082e+01
-5.685127964579786664e+01
-5.690674430886693358e+01
-5.696223601467762876e+01
-5.701775476322994507e+01
-5.707330055452388962e+01
-5.712887338855945529e+01
-5.718447326533664210e+01
-5.724010018485545004e+01
-5.729575414711588621e+01
-5.735143515211794352e+01
-5.740714319986162195e+01
-5.746287829034692152e+01
-5.751864042357384932e+01
-5.757442959954239825e+01
-5.763024581825256831e+01
-5.768608907970436661e+01
-5.774195938389778604e+01
-5.779785673083282660e+01
-5.785378112050948829e+01
-5.790973255292777822e+01
-5.796571102808768927e+01
-5.802171654598922146e+01
-5.807774910663237478e+01
-5.813380871001716343e+01
-5.818989535614355901e+01
-5.824600904501158993e+01
-5.830214977662124198e+01
-5.835831755097251516e+01
-5.841451236806540948e+01
-5.847073422789992492e+01
-2.823311940140427012e+01
-2.826026663159792562e+01
-2.828742690707279195e+01
-2.831460022782886554e+01
-2.834178659386614996e+01
-2.836898600518463809e+01
-2.839619846178433349e+01
-2.842342396366523971e+01
-2.845066251082735320e+01
-2.847791410327067396e+01
-2.850517874099520554e+01
-2.853245642400094084e+01
-2.855974715228788696e+01
-2.858705092585604035e+01
-2.861436774470540101e+01
-2.864169760883596894e+01
-2.866904051824774413e+01
-2.869639647294072660e+01
-2.872376547291492344e+01
-2.875114751817032399e+01
-2.877854260870693182e+01
-2.880595074452474691e+01
-2.883337192562377282e+01
-2.886080615200400246e+01
-2.888825342366544291e+01
-2.891571374060809063e+01
-2.894318710283194562e+01
-2.897067351033700788e+01
-2.899817296312328097e+01
-2.902568546119076132e+01
-2.905321100453944538e+01
-2.908074959316934027e+01
-2.910830122708044598e+01
1.105254468488859843e+01
1.106300615643132268e+01
1.107347257663608175e+01
1.108394394550287920e+01
1.109442026303170792e+01
1.110490152922257501e+01
1.111538774407547692e+01
1.112587890759041187e+01
1.113637501976738520e+01
1.114687608060639334e+01
1.115738209010743454e+01
1.116789304827051232e+01
1.117840895509562671e+01
1.118892981058277591e+01
1.119945561473195994e+01
1.120998636754317879e+01
1.122052206901643423e+01
1.123106271915172449e+01
1.124160831794904958e+01
1.125215886540841126e+01
1.126271436152980776e+01
1.127327480631323908e+01
1.128384019975870523e+01
1.129441054186620796e+01
1.130498583263574552e+01
1.131556607206731790e+01
1.132615126016092688e+01
1.133674139691657068e+01
1.134733648233424930e+01
1.135793651641396451e+01
1.136854149915571277e+01
1.137915143055949940e+01
1.138976631062531908e+01
5.210764526130218854e+01
5.215620783843294106e+01
5.220479303436999885e+01
5.225340084911336902e+01
5.230203128266302315e+01
5.235068433501899676e+01
5.239936000618126144e+01
5.244805829614983139e+01
5.249677920492469951e+01
5.254552273250588001e+01
5.259428887889335158e+01
5.264307764408712842e+01
5.269188902808721053e+01
5.274072303089359082e+01
5.278957965250628348e+01
5.283845889292526721e+01
5.288736075215055621e+01
5.293628523018215049e+01
5.298523232702004293e+01
5.303420204266423355e+01
5.308319437711473654e+01
5.313220933037153770e+01
5.318124690243463704e+01
5.323030709330404164e+01
5.327938990297975153e+01
5.332849533146175958e+01
5.337762337875007290e+01
5.342677404484468440e+01
5.347594732974560117e+01
5.352514323345282321e+01
5.357436175596633632e+01
5.362360289728616181e+01
5.367286665741228546e+01
5.528600150089854992e+01
5.533674588043127329e+01
5.538751353720230952e+01
5.543830447121166571e+01
5.548911868245933476e+01
5.553995617094532378e+01
5.559081693666963986e+01
5.564170097963226169e+01
5.569260829983321059e+01
5.574353889727247235e+01
5.579449277195005408e+01
5.584546992386594866e+01
5.589647035302016320e+01
5.594749405941269771e+01
5.599854104304355218e+01
5.604961130391271951e+01
5.610070484202020680e+01
5.615182165736600695e+01
5.620296174995013416e+01
5.625412511977256713e+01
5.630531176683332717e+01
5.635652169113240717e+01
5.640775489266979292e+01
5.645901137144550574e+01
5.651029112745953142e+01
5.656159416071187707e+01
5.661292047120254267e+01
5.666427005893152824e+01
5.671564292389882667e+01
5.676703906610444506e+01
5.681845848554838341e+01
5.686990118223062751e+01
5.692136715615120579e+01
5.963046211908781657e+01
5.968437754595860412e+01
5.973831733587812920e+01
5.979228148884639893e+01
5.984627000486342041e+01
5.990028288392917943e+01
5.995432012604368310e+01
6.000838173120693142e+01
6.006246769941892438e+01
6.011657803067966910e+01
6.017071272498914425e+01
6.022487178234737115e+01
6.027905520275434270e+01
6.033326298621005890e+01
6.038749513271451264e+01
6.044175164226771813e+01
6.049603251486966826e+01
6.055033775052035594e+01
6.060466734921978826e+01
6.065902131096797234e+01
6.071339963576489396e+01
6.076780232361056733e+01
6.082222937450497113e+01
6.087668078844812669e+01
6.093115656544002690e+01
6.098565670548067885e+01
6.104018120857006124e+01
6.109473007470819539e+01
6.114930330389507418e+01
6.120390089613069762e+01
6.125852285141505860e+01
6.131316916974816422e+01
6.136783985113002160e+01
3.682346341957673275e+01
3.685626828676566902e+01
3.688908775986163135e+01
3.692192183886461976e+01
3.695477052377464133e+01
3.698763381459169608e+01
3.702051171131577689e+01
3.705340421394689088e+01
3.708631132248503093e+01
3.711923303693019704e+01
3.715216935728240344e+01
3.718512028354162879e+01
3.721808581570789443e+01
3.725106595378118612e+01
3.728406069776150389e+01
3.731707004764884772e+01
3.735009400344323183e+01
3.738313256514464200e+01
3.741618573275308535e+01
3.744925350626854765e+01
3.748233588569105024e+01
3.751543287102057889e+01
3.754854446225713360e+01
3.758167065940072149e+01
3.761481146245134255e+01
3.764796687140898968e+01
3.768113688627366287e+01
3.771432150704536923e+01
3.774752073372410877e+01
3.778073456630988147e+01
3.781396300480267314e+01
3.784720604920249798e+01
3.788046369950935599e+01
1.228533894463674869e+01
1.229612501921500645e+01
1.230691582660352346e+01
1.231771136680229795e+01
1.232851163981133169e+01
1.233931664563062292e+01
1.235012638426017162e+01
1.236094085569997958e+01
1.237176005995004502e+01
1.238258399701036971e+01
1.239341266688095011e+01
1.240424606956179154e+01
1.241508420505288868e+01
1.242592707335424507e+01
1.243677467446586071e+01
1.244762700838773206e+01
1.245848407511986267e+01
1.246934587466225253e+01
1.248021240701489809e+01
1.249108367217780291e+01
1.250195967015096699e+01
1.251284040093438854e+01
1.252372586452806580e+01
1.253461606093200409e+01
1.254551099014619986e+01
1.255641065217065311e+01
1.256731504700536384e+01
1.257822417465033560e+01
1.258913803510556306e+01
1.260005662837104978e+01
1.261097995444679398e+01
1.262190801333279566e+01
1.263284080502905660e+01
-3.021260920506798175e+00
-3.023875598932161068e+00
-3.026491408273797923e+00
-3.029108348531708739e+00
-3.031726419705893516e+00
-3.034345621796352255e+00
-3.036965954803084955e+00
-3.039587418726091173e+00
-3.042210013565371796e+00
-3.044833739320925936e+00
-3.047458595992754482e+00
-3.050084583580856989e+00
-3.052711702085233014e+00
-3.055339951505883445e+00
-3.057969331842807836e+00
-3.060599843096005301e+00
-3.063231485265478060e+00
-3.065864258351223448e+00
-3.068498162353243686e+00
-3.071133197271537885e+00
-3.073769363106105601e+00
-3.076406659856947279e+00
-3.079045087524062918e+00
-3.081684646107452519e+00
-3.084325335607116081e+00
-3.086967156023053604e+00
-3.089610107355265534e+00
-3.092254189603750980e+00
-3.094899402768510388e+00
-3.097545746849543757e+00
-3.100193221846851088e+00
-3.102841827760432381e+00
-3.105491564590287190e+00
-1.475610024571660439e+01
-1.476869077493649840e+01
-1.478128667325201029e+01
-1.479388794066313650e+01
-1.480649457716988060e+01
-1.481910658277224080e+01
-1.483172395747021532e+01
-1.484434670126380773e+01
-1.485697481415301446e+01
-1.486960829613783908e+01
-1.488224714721827979e+01
-1.489489136739433484e+01
-1.490754095666600598e+01
-1.492019591503329501e+01
-1.493285624249620014e+01
-1.494552193905472137e+01
-1.495819300470885871e+01
-1.497086943945861215e+01
-1.498355124330398169e+01
-1.499623841624496734e+01
-1.500893095828156909e+01
-1.502162886941378694e+01
-1.503433214964162090e+01
-1.504704079896507096e+01
-1.505975481738413890e+01
-1.507247420489882117e+01
-1.508519896150911777e+01
-1.509792908721503224e+01
-1.511066458201656459e+01
-1.512340544591371128e+01
-1.513615167890647406e+01
-1.514890328099485473e+01
-1.516166025217885149e+01
-1.223573009687711100e+01
-1.224602520002972028e+01
-1.225632463249400139e+01
-1.226662839426995433e+01
-1.227693648535757553e+01
-1.228724890575686857e+01
-1.229756565546783165e+01
-1.230788673449046300e+01
-1.231821214282476795e+01
-1.232854188047074295e+01
-1.233887594742838800e+01
-1.234921434369770310e+01
-1.235955706927869002e+01
-1.236990412417134699e+01
-1.238025550837567401e+01
-1.239061122189167286e+01
-1.240097126471933997e+01
-1.241133563685868069e+01
-1.242170433830968967e+01
-1.243207736907237049e+01
-1.244245472914672135e+01
-1.245283641853274403e+01
-1.246322243723043499e+01
-1.247361278523979777e+01
-1.248400746256083060e+01
-1.249440646919353348e+01
-1.250480980513790996e+01
-1.251521747039395294e+01
-1.252562946496166774e+01
-1.253604578884105436e+01
-1.254646644203211103e+01
-1.255689142453483953e+01
-1.256732073634923630e+01
-1.424658689445949022e+01
-1.425840978814783888e+01
-1.427023758556645916e+01
-1.428207028671535461e+01
-1.429390789159452169e+01
-1.430575040020396216e+01
-1.431759781254367603e+01
-1.432945012861366152e+01
-1.434130734841392041e+01
-1.435316947194445447e+01
-1.436503649920526016e+01
-1.437690843019633746e+01
-1.438878526491768994e+01
-1.440066700336931405e+01
-1.441255364555121332e+01
-1.442444519146338422e+01
-1.443634164110582674e+01
-1.444824299447854443e+01
-1.446014925158153552e+01
-1.447206041241479824e+01
-1.448397647697833435e+01
-1.449589744527214386e+01
-1.450782331729622676e+01
-1.451975409305058129e+01
-1.453168977253520922e+01
-1.454363035575011232e+01
-1.455557584269528704e+01
-1.456752623337073516e+01
-1.457948152777645490e+01
-1.459144172591244981e+01
-1.460340682777871635e+01
-1.461537683337525628e+01
-1.462735174270206784e+01
-1.394876971595206072e+01
-1.396018909353368365e+01
-1.397161314352839234e+01
-1.398304186593618681e+01
-1.399447526075706705e+01
-1.400591332799103128e+01
-1.401735606763808306e+01
-1.402880347969822061e+01
-1.404025556417144394e+01
-1.405171232105775303e+01
-1.406317375035714790e+01
-1.407463985206962853e+01
-1.408611062619519316e+01
-1.409758607273384534e+01
-1.410906619168558329e+01
-1.412055098305040701e+01
-1.413204044682831473e+01
-1.414353458301931177e+01
-1.415503339162339280e+01
-1.416653687264055783e+01
-1.417804502607081041e+01
-1.418955785191414876e+01
-1.420107535017057288e+01
-1.421259752084008099e+01
-1.422412436392267665e+01
-1.423565587941835808e+01
-1.424719206732712529e+01
-1.425873292764897826e+01
-1.427027846038391701e+01
-1.428182866553193975e+01
-1.429338354309305181e+01
-1.430494309306724610e+01
-1.431650731545452793e+01
-1.437594449712878131e+01
-1.438755673016361847e+01
-1.439917365122147963e+01
-1.441079526030237012e+01
-1.442242155740628462e+01
-1.443405254253322489e+01
-1.444568821568319095e+01
-1.445732857685618278e+01
-1.446897362605220216e+01
-1.448062336327124378e+01
-1.449227778851331472e+01
-1.450393690177840966e+01
-1.451560070306653039e+01
-1.452726919237767689e+01
-1.453894236971185094e+01
-1.455062023506904723e+01
-1.456230278844927106e+01
-1.457399002985252245e+01
-1.458568195927879785e+01
-1.459737857672809902e+01
-1.460907988220042597e+01
-1.462078587569577870e+01
-1.463249655721415898e+01
-1.464421192675556149e+01
-1.465593198431999333e+01
-1.466765672990744740e+01
-1.467938616351793080e+01
-1.469112028515143820e+01
-1.470285909480797137e+01
-1.471460259248753033e+01
-1.472635077819011507e+01
-1.473810365191572558e+01
-1.474986121366436187e+01
