-7.421757037055090080e-03
-5.354876982379083022e-02
-2.076992797454063969e-02
-3.486220350437752719e-02
-5.741771436589755001e-02
-7.404476678176895310e-02
-1.047104216091173517e-01
-1.482785658820273411e-01
-1.942671757654743370e-01
-2.440470797915416934e-01
-2.848948344051716597e-01
-3.396869522644892503e-01
-3.998747644253455857e-01
-4.835107242247975723e-01
-5.417079825420060279e-01
-6.251217764834291479e-01
-1.332859500982620293e+00
-1.679026175189477499e+00
-2.057773434842834259e+00
-2.412957420492768179e+00
-2.783652877157526184e+00
-3.313103663340686733e+00
-3.583478551011766378e+00
-3.984600617474479023e+00
-4.354629119059998388e+00
-4.764294872906086553e+00
-5.068455019236974834e+00
-5.300312706031073517e+00
-5.726773146021305827e+00
-6.025955434070404237e+00
-6.508992478231196976e+00
-7.169208970763903288e+00
-8.007132394432805000e+00
-8.781004036301704119e+00
-1.005664029589344111e+01
-1.114360844774837744e+01
-1.267806866441430280e+01
-1.412132639660655542e+01
-1.614153182411811827e+01
-1.742716081624343616e+01
-1.972794523847502290e+01
-2.262054426336974089e+01
-2.649734320975269952e+01
-2.988290373979010894e+01
-3.267882008645473491e+01
-3.677840136715917652e+01
-4.038345685600805268e+01
-4.240574168045227310e+01
-4.292203658932822918e+01
-4.552555133891866035e+01
-4.564622789258379498e+01
-4.743329044536231009e+01
-4.552222409264387437e+01
-4.724989257114699370e+01
-4.724436168919929457e+01
-4.796464291373072086e+01
-4.840722999919078973e+01
-5.139775185821191172e+01
-5.484013600587579873e+01
-5.856644186330339608e+01
-6.200497677165856203e+01
-6.563051435543336254e+01
-6.713914723834827214e+01
-6.849021352749410596e+01
-7.321140585006169488e+01
-7.573568173525193004e+01
-7.506339637206805548e+01
-7.951805388949539122e+01
-7.823106568026952345e+01
-7.763635349531507757e+01
-7.717114665016917741e+01
-7.827311217249537378e+01
-7.662661871601646624e+01
-7.325816028753865794e+01
-7.548387669152209867e+01
-7.123623407191011836e+01
-6.865292405739869253e+01
-6.347618192370730128e+01
-6.015972277127692536e+01
-5.666492127449882332e+01
-5.142379163046636847e+01
-5.196694197419338224e+01
-5.729406277100078171e+01
-5.132581673056185423e+01
-6.311767321118438190e+01
-6.037307497529269540e+01
-6.878502928113789494e+01
-8.740682693245737767e+01
-1.004426657527948379e+02
-1.211443347382921871e+02
-1.306135124617620136e+02
-1.468529350361476418e+02
-1.515867845121454138e+02
-1.670278820598298353e+02
-1.704267173144639571e+02
-1.714889102621820314e+02
-1.810712117737761844e+02
-1.780624067041146645e+02
-1.809054378561991996e+02
-1.846877322751542749e+02
-1.888055448183023941e+02
-1.923736492348093066e+02
-1.857927715235206279e+02
-1.866149959343024705e+02
-1.844139112639552707e+02
-1.783499815743541603e+02
-1.620605474720410939e+02
-1.358085013831332901e+02
-1.308720191207255823e+02
-1.326821319842341325e+02
-8.600129730776772874e+01
-9.823739454406806715e+01
-6.325438415186269481e+01
-6.280774694351020315e+01
-2.561320375245033532e+01
5.157947338988067010e+00
1.437218951252211596e+01
1.091799276611444824e+01
1.242502317473425144e+01
-7.261988827180785222e+01
-1.321789944903087530e+02
-2.028322421282310870e+02
-3.062968793796285354e+02
-3.727798710606929831e+02
-4.264887085643857176e+02
-4.997085306405775214e+02
-5.427276650715488131e+02
-6.101982584290816476e+02
-6.761400821942024777e+02
-7.207289088101866810e+02
-7.367329874780093633e+02
-7.674191796117760305e+02
-7.233828980742512158e+02
-7.557374470518956286e+02
-7.382549454429822617e+02
-6.995990184317956846e+02
-6.827749931882198098e+02
-5.808448418516313723e+02
-5.252401446726329368e+02
-3.847277298707122100e+02
-2.804114090329077271e+02
-1.826291803350605392e+02
-7.060970448475868011e+01
6.937175129968578347e+01
2.127223023226684404e+02
3.678904119282748297e+02
4.912047527114162335e+02
5.704977920434864700e+02
5.881257284688075515e+02
6.002639653757222504e+02
5.553323975632839620e+02
5.509479640324999536e+02
3.910456751030083069e+02
2.520291621086192322e+02
3.077412334217527601e+01
-9.825810238222850046e+01
-3.433330114003731524e+02
-5.160016749105094505e+02
-6.809169409732265876e+02
-8.418187203625607253e+02
-1.020907314363988803e+03
-1.103640022940787958e+03
-1.222907940887530913e+03
-1.228546624462097952e+03
-1.414678970069771594e+03
-1.466987513214553928e+03
-1.484849452160705596e+03
-1.400197737880535897e+03
-1.409055041581801561e+03
-1.283336971394629245e+03
-1.281428256293174172e+03
-9.772569703666387113e+02
-1.427667829961215148e+03
-4.946740086892640988e+02
7.616429583163630923e+02
1.865754566333439470e+03
2.887682718948059119e+03
3.986554532018990813e+03
4.265432849882798109e+03
3.933164150339845492e+03
2.954789529208813292e+03
1.757887616230599406e+03
3.673795336529099131e+02
-7.300345084130242412e+02
-1.797902698911092330e+03
-2.361056869556952734e+03
-2.560389615889005654e+03
-2.662097482423110705e+03
-2.191860666579423196e+03
-1.621175562713307500e+03
-3.685749428143196269e+02
4.123109723417164787e+02
1.484017500262388012e+03
2.489985528063857601e+03
3.432597542514617999e+03
3.744061914788871036e+03
3.560032710830979795e+03
3.115373801359227400e+03
2.556135289380547420e+03
1.924928384662345479e+03
5.456476583118961798e+02
1.035914735024463056e+02
-1.350231283296232277e+03
-1.652638616512248745e+03
-9.440526319046281287e+02
-2.069986642527914285e+02
1.065934801779033933e+03
1.518818251355166467e+03
1.951959694135281552e+03
1.209262014256716157e+03
6.977835606368809067e+02
-3.301167394545319098e+02
-3.309410838530666865e+02
-6.861959972179458589e+01
-2.519433508074262136e+02
-7.431721128034612889e+01
2.272019704735300536e+02
4.866037121607844074e-01
7.308842581548130601e-01
1.961420842802184428e+00
3.009419882975273630e+00
2.159119980607043576e+00
3.592285590463315526e+00
5.134530770309631897e+00
5.709252984685806886e+00
6.193219098202651374e+00
5.353952717738110323e+00
5.350948513071997148e+00
5.336115148093766081e+00
6.449807032793389183e+00
4.463816163285124539e+00
5.998217271498196723e+00
-3.120033928501666054e+00
-9.713861662834405664e+00
-2.071412229792837678e+01
-3.021428824215831099e+01
-4.618108340711882676e+01
-5.294205340151265915e+01
-6.500174113844818180e+01
-7.792864454905920013e+01
-8.468902577644790597e+01
-9.867142270664150772e+01
-9.751699065662816679e+01
-1.056064559574704731e+02
-1.050870694735531288e+02
-1.045298543376447071e+02
-9.329209259406422916e+01
-9.361914022421102288e+01
-8.394756319524513799e+01
-7.007446415767709880e+01
-7.028055393014540186e+01
-6.140136297189560821e+01
-5.235956549633002766e+01
-4.259570972980501580e+01
-3.771902471389561384e+01
-4.493491004204166472e+01
-4.261458657658534577e+01
-5.605730082746252663e+01
-7.018533183053830271e+01
-1.022533948709287017e+02
-1.069604784665217494e+02
-1.308098437861285106e+02
-1.528949602120864029e+02
-1.612371957474479132e+02
-1.700987029697524804e+02
-1.590388850337814404e+02
-1.563097788018000358e+02
-1.286487975649282305e+02
-9.542439014504496697e+01
-5.163124600978694900e+01
2.901202018156972540e-01
3.444153017966100094e+01
6.157924644447098217e+01
8.066529980280319023e+01
4.337062881321621433e+01
-9.124186122373338037e+00
-4.908046094847615848e+01
-1.041220904662468740e+02
-1.827043975128603961e+02
-2.629010537705476054e+02
-3.611760448536798549e+02
-4.239829023864876945e+02
-5.041126545809899540e+02
-5.916743162015494590e+02
-6.481096162769375724e+02
-7.410080393203436415e+02
-7.413219155592197467e+02
-8.091353243000505699e+02
-8.394840079913734598e+02
-8.902030231178368922e+02
-9.383776264730211096e+02
-8.985782987305665301e+02
-8.925215148698480334e+02
-8.350065860149745731e+02
-7.989020839005396510e+02
-6.894732364810877243e+02
-6.559546390658961172e+02
-5.811735910731772492e+02
-4.855476239880204048e+02
-4.367857063868215732e+02
-3.908336319941913075e+02
-3.423319588639509448e+02
-3.570264262672014866e+02
-3.397729520753041470e+02
-3.704909504547817392e+02
-3.723069933582009980e+02
-5.410735886171761422e+02
-5.366854605687213962e+02
-6.395664515910528962e+02
-7.167739046396887943e+02
-7.848289423755094276e+02
-9.050090968305830756e+02
-9.687545290093563608e+02
-1.092561876869902562e+03
-1.139665039102380661e+03
-1.221473933076996445e+03
-1.315448696260599718e+03
-1.337760895749587689e+03
-1.357785977573875243e+03
-1.373924437027898421e+03
-1.367869877516443239e+03
-1.353551579304119741e+03
-1.357112570737766873e+03
-1.312604862019623852e+03
-1.319375659455311734e+03
-1.251393380992974244e+03
-1.088117850750773641e+03
-1.031645106238978769e+03
-8.980397533195352935e+02
-5.988941891473870101e+02
-3.373680648615370501e+02
-1.188119996672628673e+02
-1.115107147128445675e+01
1.181270137766768187e+02
2.587796847483345459e+02
2.883158498029688417e+02
2.499230660352690734e+02
2.461999260603484458e+02
6.272235529944918397e+01
4.852844262902345207e+01
-6.358313531496764170e+01
-1.943646273938198021e+02
-4.642767719205642152e+02
-6.490870035172333701e+02
-8.713046787194724629e+02
-1.055115004280933363e+03
-1.191189444660144545e+03
-1.336644258360839331e+03
-1.461596075638283310e+03
-1.487808916447494539e+03
-1.706741962320793618e+03
-1.742117468094661945e+03
-1.896607057128051110e+03
-1.977273545217243509e+03
-2.014368923437509693e+03
-1.933251614104391820e+03
-1.901596116664884903e+03
-1.947066362088585038e+03
-1.772806243946080485e+03
-1.668772674746014900e+03
-1.391306045404232691e+03
-1.059267485710777919e+03
-8.557531230700940341e+02
-7.441339538933560789e+02
-4.243831842184406469e+02
-3.611798172526234225e+02
3.737367534094279620e+01
1.848888242278308383e+02
2.101406592208859934e+02
1.801492735240928482e+02
1.925279018408933780e+02
1.921715442312003574e+02
1.509643817729651687e+02
4.150091105835910099e+01
-3.127489766567581455e+02
-2.965791482270692541e+02
-5.640497791468396827e+02
-6.281115019907930446e+02
-6.950659780176820277e+02
-9.324739466672152730e+02
-1.051120845194807316e+03
-1.160851718777081942e+03
-1.071052187129166896e+03
-1.460174425459411623e+03
-1.447133044726911294e+03
-1.683244797160130702e+03
-1.606974507420338796e+03
-2.837972914064356701e+03
-2.967686418334070822e+03
-2.542933671246792073e+03
-2.129719660234632101e+03
-1.519591578996353746e+03
-1.084568117181734806e+03
-4.557891858117625361e+02
1.882651470398712661e+02
5.993826664501350479e+02
3.415008153582606951e+02
6.547016183590052378e+02
4.267118726810848557e+02
1.153307232748138773e+02
-2.032585765135063127e+02
-4.073720837318348913e+02
-7.115459737748797124e+02
-1.061948911610953928e+03
-1.192152608751916205e+03
-1.092836103729533534e+03
-1.054268743204856037e+03
-7.979231539222222409e+02
-6.926171579646851342e+02
-4.792988203234379512e+02
-4.668986221647778621e+02
-2.094314592773037731e+01
3.932179484321518537e+00
4.347049943497751912e+01
4.064864237346511686e+02
1.855311070198494008e+02
5.092517626140823950e+01
6.155309781913885558e+01
5.428722385897123104e+01
6.624652876362581821e+01
4.719226297390670766e+01
2.611709292002310434e+01
9.994693589952266422e+00
-2.688543951036368540e+01
4.720695255873784468e+00
-1.699950570395169436e+01
-1.568308244786026506e+01
-4.211296844127346617e+00
-1.040834705557724860e+01
2.543510801270407029e+01
9.172269997120726259e+01
6.899834600114240857e+01
7.128125900232848267e+01
1.178749591754046691e+02
-8.941664424451365889e+00
3.179158749902852410e+00
1.191826153263111507e+02
-1.571818582156115518e+01
-1.701728173408966995e+02
-2.164632489140830387e+02
-3.228335977820125891e+02
-3.657717044505952231e+02
-5.401489133779609801e+02
-6.850406032376088206e+02
-8.618727026699363023e+02
-1.101237609134107288e+03
-1.039491566601640898e+03
-1.313905147274786714e+03
-1.394304555275684834e+03
-1.534177778962380899e+03
-1.568061987302987063e+03
-1.716932792024958644e+03
-1.868902130818656133e+03
-2.027661340323475770e+03
-1.969301237832094557e+03
-2.084650971629615469e+03
-2.062696455466455973e+03
-2.156610389581034269e+03
-2.142538250880971191e+03
-2.203663856813078382e+03
-2.258037904923229689e+03
-2.407976476743087005e+03
-2.569179782210461326e+03
-2.709724744679400828e+03
-2.844708010322994141e+03
-2.900002190625642015e+03
-2.842939593642194268e+03
-2.733626694975338978e+03
-2.653005207196429637e+03
-2.270832062685556593e+03
-2.110867398204864003e+03
-1.681312099905725745e+03
-1.460869732347696072e+03
-1.002176754165087800e+03
-1.125316733027541432e+03
-1.140253829040127812e+03
-1.065821879716801959e+03
-9.239573237433355644e+02
-8.761402934261764130e+02
-7.498114307928027529e+02
-1.059748726032735703e+03
-1.041707224779721400e+03
-9.205832036154812386e+02
-1.121583549664216662e+03
-1.159851398081216530e+03
-1.442857462470731889e+03
-1.632790780002991823e+03
-1.694901238674973001e+03
-2.033285331494999582e+03
-1.951404487264772797e+03
-2.154665564506252849e+03
-2.219204417396420013e+03
-2.496998644591806169e+03
-2.242634700846229407e+03
-2.264116395130336514e+03
-2.422799042420772366e+03
-2.301647916888012332e+03
-2.012992109117271184e+03
-1.822988504053004135e+03
-1.674631527537990451e+03
-1.448050609278308229e+03
-1.155866331208016163e+03
-9.723461614389033230e+02
-5.764074553490291919e+02
-1.731720876534301112e+02
-4.540189489822660676e+02
-2.719446949273788050e+02
-1.448200521518074027e+02
-4.505963150226837399e+01
-8.179258725616259085e+01
-2.350869989885710538e+02
-4.192162010196644246e+02
-3.517786732245792791e+02
-3.308388469017409648e+02
-5.024343311945052619e+02
-4.254144962345843055e+02
-7.256773947019337356e+02
-8.194804821471857394e+02
-9.315160434198936628e+02
-1.088486904786938112e+03
-1.072056876453723589e+03
-1.235127819281870188e+03
-1.363887637176110729e+03
-1.397047255355075549e+03
-1.395731481284538631e+03
-1.390011392390233368e+03
-1.509269449062685908e+03
-1.362520751898207436e+03
-1.237993288491145904e+03
-1.068498563195423458e+03
-7.947473316761763726e+02
-5.641861631923304685e+02
-5.247934030969857986e+02
-2.864803820936290890e+02
-1.889371237733574276e+02
4.812592300948279700e+01
2.475570662890751450e+01
1.197470664337938189e+02
1.053532097747704341e+02
1.740066380635956591e+02
2.412280726748634549e+02
2.370131790119016273e+02
1.670842076013568089e+02
1.351792486112780978e+02
1.263038429019745905e+02
-5.717133095542770604e+01
-1.596785282968022273e+02
-1.017962911963381600e+01
-6.312518161244578607e+01
-1.410224082148380944e+02
-1.309876161023579471e+02
-2.821950618085311930e+02
-3.417611008582917407e+02
-2.998782230570816409e+02
-3.349716447637829901e+02
-2.434696507804280543e+02
-4.359570242240600919e+02
-4.242605414843664562e+02
-5.404572601606781745e+02
-5.428621168485510680e+02
-5.148809380015875377e+02
-4.251475411522792456e+02
-4.924919520336068786e+02
-3.344835097926754770e+02
-4.660758626267526097e+02
-2.521009561982279763e+02
-2.731526565524147259e+02
-2.320934692376401358e+02
-8.497877102154633633e+01
-8.809439977336360528e+01
-3.443601800984416172e+01
2.031662392273438922e+00
4.171565483961497733e+01
5.759630504321393829e+01
-7.951109253884051320e+00
-1.547550511233713566e+00
4.667390439768739441e+01
4.022692700960913470e+01
2.898718862605509372e+01
3.651053079965842585e+01
-6.805454870164533077e+01
-5.639399175542858700e+01
-1.122191950551275710e+02
-3.023761761444280083e+01
-9.369666389517879779e+00
1.132944029370307781e+01
-1.921803217236009687e+02
-3.324536383869829592e+02
-2.095607255696466780e+02
-2.828619657526351148e+02
-3.197551317519133818e+02
-3.094063169994622058e+02
-1.516198748587823957e+02
-1.149726048721372678e+02
-2.004697670628458184e+02
-2.377756450634681329e+01
3.786638098782648143e+01
-3.601567018640560747e+01
8.157117926666211360e+01
1.084173287845879514e+02
4.770360363371096923e+01
6.023986404637044245e+01
-1.085246577016638092e+01
-4.891913189997457323e+01
-2.854278798416757823e+01
-4.264089866408073703e+01
-8.250176163821956266e+01
-3.452787405872724946e+01
-7.926848119443899066e+01
-2.378338315520135993e+01
-5.859193862911411799e+01
-2.710566102301160640e+01
-6.273820600490945054e+01
-8.636441878888557255e+01
-7.954097673196704932e+01
