-1.747245843842219412e-02
-3.477423500332679079e-02
-5.571024784335200375e-02
-8.394013209873439629e-02
-1.173635708188110471e-01
-1.577533578010399951e-01
-1.902539646897735415e-01
-2.264955572791373661e-01
-2.772916617989965582e-01
-3.472513033775739832e-01
-3.801238767396377671e-01
-4.539708344367663351e-01
-5.516516561625324222e-01
-6.229656667537264436e-01
-1.371784785871561718e+00
-1.691902178308190674e+00
-2.062551275059211875e+00
-2.434552764043985906e+00
-2.920020197821716845e+00
-3.333153450825570463e+00
-3.738658331062842510e+00
-4.074284098760381667e+00
-4.340963737456888794e+00
-4.753594654235818062e+00
-5.123696303302172517e+00
-5.409934957708055769e+00
-5.855606783317871766e+00
-6.124555815335182452e+00
-6.744583192926144832e+00
-7.321908518325369819e+00
-7.984767432808727250e+00
-8.885963984453372433e+00
-1.047046457635430450e+01
-1.124580890635621877e+01
-1.265102870542140856e+01
-1.497749915111586994e+01
-1.594025302591955828e+01
-1.838981576307245547e+01
-1.941604715262455017e+01
-2.378191320449798951e+01
-2.575179680052866971e+01
-3.006752715315870006e+01
-3.392692541047507149e+01
-3.680418007325020824e+01
-4.091896225195146997e+01
-4.165477966903340246e+01
-4.329838114426327422e+01
-4.442545692161538540e+01
-4.426261879311995528e+01
-4.848077768491747008e+01
-4.570301402382515477e+01
-4.814755504404879360e+01
-4.635302119728130776e+01
-4.722559350953709156e+01
-4.834479575200278134e+01
-5.086948503466478400e+01
-5.231448851869237870e+01
-5.889149174625412542e+01
-6.222516631697339307e+01
-6.596999978676521437e+01
-6.644950024517072507e+01
-7.275767509475274153e+01
-7.644407860350627004e+01
-7.591795778819634677e+01
-7.745842586437822774e+01
-7.924907503746011628e+01
-7.723344246306453442e+01
-7.887338242894841756e+01
-7.391529218587639605e+01
-7.988328527650557476e+01
-8.014498557822095393e+01
-7.310653864742808139e+01
-7.597877142208727719e+01
-7.264128598075780019e+01
-6.563779952900401327e+01
-6.693659544098805725e+01
-6.407598389186790655e+01
-6.005200630989314448e+01
-5.632200307881329593e+01
-5.792350332252849654e+01
-5.486448845226648530e+01
-5.195276215802376640e+01
-6.478801013097174177e+01
-6.722091336575432763e+01
-7.239038175264806796e+01
-9.092484568786551336e+01
-1.073334451647994001e+02
-1.216045020509060635e+02
-1.276739670215501263e+02
-1.463498244274958040e+02
-1.551381488845133845e+02
-1.599484328800572825e+02
-1.716568386848238674e+02
-1.751765577908003024e+02
-1.802436643896211592e+02
-1.839462458771572244e+02
-1.849390985178145002e+02
-1.894583614096772521e+02
-1.810518970601738431e+02
-2.015932982604714141e+02
-1.820905310163626609e+02
-1.789995384342275315e+02
-1.777188057273215520e+02
-1.649823849785337586e+02
-1.775550228774818322e+02
-1.456203740381365606e+02
-1.241997888926260600e+02
-1.053029221523324850e+02
-1.044293455697407893e+02
-6.563753422360085210e+01
-3.988688063909866344e+01
-1.962871106430853496e+00
-1.545226347500480202e+01
2.046256009464904579e+01
5.452959153719269381e+01
4.591714302034040429e+01
1.264803168030120162e+01
-4.756080685475289727e+01
-1.001066038552299347e+02
-1.452315573486652340e+02
-2.514742381212517159e+02
-3.071019435186410078e+02
-4.200578129412472208e+02
-4.517806151237654717e+02
-5.412634592423369213e+02
-5.756488705779844395e+02
-6.500997067865594090e+02
-6.704132848422850657e+02
-7.226382914355697267e+02
-7.393173150541599625e+02
-6.966305201948993044e+02
-7.415004653818037923e+02
-7.224111394854430728e+02
-6.640746883492610095e+02
-6.221919461048719313e+02
-5.781682941614111542e+02
-5.214116817724419661e+02
-4.186212250883262982e+02
-2.962838753685856545e+02
-1.783866854250266840e+02
-2.407877390046400023e+01
4.836555173619727555e+01
2.243625441791906212e+02
3.592712851359057140e+02
5.012647100843444719e+02
5.397929060465676230e+02
5.943946812272671423e+02
6.461400952985399044e+02
5.715285725734864855e+02
5.215798519972070153e+02
3.300325808073499729e+02
2.263640388000812322e+02
6.489883407433629259e+01
-1.838061574805715850e+02
-3.127767440440958353e+02
-4.890230115214648094e+02
-6.548379885755339274e+02
-7.948836392757028761e+02
-9.663446507333570707e+02
-1.084255213105894882e+03
-1.224678272335735301e+03
-1.189785441330474896e+03
-1.309852052368661816e+03
-1.337964114777605801e+03
-1.423505060798321665e+03
-1.412263710194894657e+03
-1.380983287161119733e+03
-1.262204775317036365e+03
-1.151624620920518282e+03
-1.046103505986203800e+03
-1.326566073889765676e+03
-5.857073769915590447e+02
5.945205484891653214e+02
1.643733071301797054e+03
2.905449943624846128e+03
3.655748390739878687e+03
3.745725615822896998e+03
3.714467728273137254e+03
2.521580306897077662e+03
1.623160583528031793e+03
3.391232598998920480e+02
-5.044686845402892459e+02
-1.495419064150455597e+03
-2.239716201183827707e+03
-2.651622966275981980e+03
-2.405747642418150008e+03
-1.815150907420078283e+03
-1.222370684095684965e+03
-3.854960937402041168e+02
4.680062258835706643e+02
1.454648407533718910e+03
2.249216109321464046e+03
3.038133545182009584e+03
3.502284926117862142e+03
3.372924083222134868e+03
2.712101508465992538e+03
2.033184077493735913e+03
1.766913075145448602e+03
6.255761600843562746e+02
1.619502588394532268e+02
-1.076372440680255067e+03
-1.368441104090504496e+03
-9.556692993724337839e+02
9.629307931399230824e+01
1.357753327566136704e+03
1.631128200893225994e+03
1.985630943183349245e+03
1.484016198510764525e+03
8.532376945850753600e+02
2.506903285642185892e+02
-1.079385203522888474e+02
-8.589012646441562993e+01
-2.136212590113405554e+02
-2.133059395389116162e+02
-2.560994158161836936e+02
6.434669065852967051e-01
1.760838372246969152e+00
2.032192075895481675e+00
2.376948089015066934e+00
2.831868259358727435e+00
3.857592915485784868e+00
3.856295623454061960e+00
5.026685247290262559e+00
5.409455469717912912e+00
6.176845697482976405e+00
6.183479136208801741e+00
5.166060317058893681e+00
4.326434346856993685e+00
4.439301184129999633e+00
1.542012991924456067e+00
-2.365625970322660976e+00
-1.001278274706660021e+01
-2.207848162037247164e+01
-3.262812656555831126e+01
-4.520870708189283249e+01
-5.819434318744522017e+01
-7.393336224629841524e+01
-7.856863962711148019e+01
-8.785845747595401178e+01
-9.331136564595269078e+01
-1.022919006232518626e+02
-1.097126127937934115e+02
-1.020073349105347944e+02
-9.898577119403233837e+01
-8.485800742607635527e+01
-8.566430127651911164e+01
-7.760731850469606741e+01
-5.350982872521189648e+01
-6.384205324464811326e+01
-4.763468561152770775e+01
-3.016569505022962261e+01
-3.446780001470313692e+01
-2.907340304203903969e+01
-5.745510032802374667e+01
-2.556114422634713534e+01
-6.747632756274073529e+01
-6.776682708929234877e+01
-1.099091082381340811e+02
-1.090492568757869378e+02
-1.297929374407947591e+02
-1.693128575363631114e+02
-1.749136169439516095e+02
-1.804969088772299415e+02
-1.869073745727769733e+02
-1.905927515161934593e+02
-1.434618564299766206e+02
-1.156348540573106192e+02
-8.134302105183512310e+01
-2.770324438025293290e+01
8.187338318355619649e+00
4.626047053224973382e+01
4.540976031884866160e+01
2.843093337844728197e+01
1.130589651943846263e+01
-4.891391579565519265e+01
-1.312625024019532134e+02
-1.786829263391959159e+02
-3.073141735207269676e+02
-3.493833518932044058e+02
-4.094049782410853595e+02
-5.086277498279013685e+02
-5.691488860212742793e+02
-6.176198639440565330e+02
-7.674046873777739393e+02
-7.340505355896187893e+02
-8.172896994770993615e+02
-8.966192690801932486e+02
-9.004261221071810724e+02
-8.865059443133649211e+02
-9.213136118202357920e+02
-8.537654942668050353e+02
-8.263280411751263728e+02
-7.260754854266244820e+02
-7.186949505527400106e+02
-6.985586258026321502e+02
-6.330355390090354604e+02
-5.690394423816973131e+02
-4.410528637954794817e+02
-4.356354424566256967e+02
-3.316086337739853889e+02
-3.527257218493351729e+02
-3.493027579932474964e+02
-4.108115109089918633e+02
-4.506140528875898212e+02
-4.272363316820462842e+02
-5.556202090125811992e+02
-6.578330808038883788e+02
-7.541851664487891185e+02
-8.178799086784674728e+02
-8.940137893524645278e+02
-1.066249907240089669e+03
-1.093451478120524371e+03
-1.162234891581563261e+03
-1.279931127210714521e+03
-1.401582494730318331e+03
-1.320942720232773354e+03
-1.432306783570451216e+03
-1.427954882133636147e+03
-1.509140748010268453e+03
-1.498068343429313018e+03
-1.423226980386779132e+03
-1.443838756358132514e+03
-1.384138401471000861e+03
-1.318652528978967666e+03
-1.234404355973880456e+03
-1.090539767689651399e+03
-9.243918771129900733e+02
-7.626599993740703667e+02
-4.627496667205658127e+02
-1.310594570603921341e+02
5.696387947323541567e+01
2.025301559976996941e+02
3.193938031984708914e+02
2.817145349451191123e+02
2.773130898193103349e+02
2.500734505910736516e+02
8.592633038797632139e+01
-1.432588309937488589e+02
-2.009157353109001463e+02
-2.943890374214108760e+02
-5.141887218342434380e+02
-6.334426344786412528e+02
-8.639116944346573064e+02
-1.025348686877807040e+03
-1.261973459243498382e+03
-1.462623154189955812e+03
-1.583921088027240785e+03
-1.523697232697928030e+03
-1.838101353391154362e+03
-1.753539398089890938e+03
-2.011674844626836830e+03
-2.108419478753019575e+03
-1.985042296986660631e+03
-2.002813377146033190e+03
-2.157994942732557774e+03
-1.931137071010677346e+03
-1.940613558629981299e+03
-1.643873601206775447e+03
-1.498449566739737747e+03
-1.196171503644450922e+03
-9.849603789804516509e+02
-6.201572338807818596e+02
-4.917303291741831686e+02
-1.292829918510660150e+02
-2.014885376299362463e+01
-9.683464363316979018e+01
2.589853794614011804e+02
1.786035568912765257e+02
1.975662872146343432e+02
5.701863923512592436e+01
-2.284889324992599668e+01
-9.097482219919237423e+01
-1.721981817578132734e+02
-2.929436947134442448e+02
-5.669573861044675596e+02
-6.977929158035840373e+02
-7.524946035364732779e+02
-9.620534702158596474e+02
-1.195868452319067273e+03
-1.304568473029201641e+03
-1.378474181331831232e+03
-1.491032383330840048e+03
-1.545736987530902297e+03
-1.469149062391481721e+03
-1.616922055699531938e+03
-2.918277050366076764e+03
-2.900427950815881559e+03
-2.751113687730378842e+03
-2.348628250891979860e+03
-1.915918258746185302e+03
-1.088493184969179765e+03
-1.271324727906841758e+02
3.891531679641611845e+02
6.330195977817434141e+02
9.927290946481044784e+02
6.634578257792749127e+02
4.150145242605871658e+02
5.528909508884277102e+01
-1.334036071625182842e+02
-4.377743829897030992e+02
-8.895397159017916238e+02
-8.100927881132258790e+02
-9.199652868223187170e+02
-8.196869602243394866e+02
-9.151115502891427695e+02
-7.979817612018836144e+02
-8.415344871983517123e+02
-4.867896987663152117e+02
-4.962286279782866814e+02
-2.703103753151506794e+02
-8.259785474887188172e+01
-1.393664357314087852e+02
-3.731956621912628691e+01
1.651966222302862093e+02
-1.197055129636766146e+01
-1.672062595980924016e+01
-4.562094089426327770e+01
-4.037441676994009754e+01
-4.252731603634995849e+01
-7.016149793365508458e+01
-7.383837075021659757e+01
-9.430968445444335657e+01
-1.081292237200692909e+02
-1.062654370131248385e+02
-3.499741711460807636e+01
-7.916784525868675360e+01
-8.447734689379746698e+00
-7.079583004673172297e+01
-6.725142257775993926e+01
-6.015507420373649694e+01
2.292065714378254171e+01
-1.047085025606198201e+02
-1.158930223908702715e+02
-1.258821338341513751e+02
-1.016511354260627087e+02
-2.349157463697797539e+02
-3.393380915502680750e+02
-3.623845096065913367e+02
-3.615660964676188200e+02
-4.692294164582038434e+02
-6.123828768632132551e+02
-7.864124024185465487e+02
-1.027924853548242709e+03
-1.319458450531089738e+03
-1.511164702363249262e+03
-1.403447213233661387e+03
-1.662141329167190406e+03
-1.731664827981539702e+03
-1.846555220557990879e+03
-2.029244643892919385e+03
-2.015086145600307191e+03
-2.134340322412225760e+03
-1.935337319276311291e+03
-2.154627635355296206e+03
-2.112950635301956027e+03
-2.151832399515674751e+03
-2.146070098120843340e+03
-2.304574684984646410e+03
-2.418461508545989545e+03
-2.476153184491843149e+03
-2.801459131296572195e+03
-2.821920523263670020e+03
-3.053641274544440421e+03
-3.132089190515197970e+03
-3.079891566202731155e+03
-3.134973501835097068e+03
-2.822603587753071224e+03
-2.630914141335047134e+03
-2.469519750068869598e+03
-2.118109995946229901e+03
-1.717555978406918257e+03
-1.382139619098343474e+03
-1.039366588605029619e+03
-1.084276516959225773e+03
-1.332513735047386717e+03
-1.191960046887982799e+03
-1.225104870948663574e+03
-9.508461208693305480e+02
-1.142043906890382232e+03
-8.602815992415723940e+02
-9.248009391452036425e+02
-1.323384741900864810e+03
-1.395812962523389160e+03
-1.809307222135780648e+03
-1.699847127448560059e+03
-1.836640192371595049e+03
-2.012774715364371787e+03
-2.390894906087951767e+03
-2.267142035494613083e+03
-2.247285728632791233e+03
-2.454310433306072355e+03
-2.345760843536520952e+03
-2.382278889207659631e+03
-2.482238225307205539e+03
-2.364064831549979772e+03
-2.217558812740851408e+03
-1.987541427047972320e+03
-1.719182150213757041e+03
-1.677739639845006195e+03
-1.353555191073031438e+03
-1.014714878420139144e+03
-7.621350011682421837e+02
-4.979647312688252896e+02
-3.046409083077392665e+02
-3.408533106765115122e+02
-2.737231680942850858e+02
7.414380175606669354e+01
-6.174011416802424890e+01
3.956350043183704202e+01
-2.238949697678214932e+02
-2.707353108832138560e+02
-4.554738059815579163e+02
-4.529653193607900334e+02
-6.047640618053046637e+02
-9.807937378125426449e+02
-1.115093242837825983e+03
-1.182121222450648702e+03
-9.603909638885709228e+02
-9.314852003244867547e+02
-1.413421155938528727e+03
-1.534062241137566616e+03
-1.510046208047914433e+03
-1.781291279569825292e+03
-1.509268836033311800e+03
-1.697301278984545661e+03
-1.573923020888136307e+03
-1.517259223541246911e+03
-1.295609242642299932e+03
-1.089628279237203969e+03
-8.918732062354124537e+02
-6.404654915620793645e+02
-4.309610643809301109e+02
-2.191109341147267742e+02
-2.271857729422852117e+02
1.654841739268216259e+02
1.568524246141012384e+02
2.236676303403754105e+02
2.109634147025729760e+02
2.967910297405164783e+02
2.626356689064874104e+02
5.911462993596414606e+01
8.951006826728821864e+01
8.385338569273075393e+01
-7.334326742764797302e+01
6.620898762049598929e+01
8.435637109631154829e+01
-1.443695099281717376e+02
-1.447130181117413485e+02
-2.331294893675364790e+02
-2.365224580432241055e+02
-3.714122772550094851e+02
-2.334523854251806654e+02
-4.027440653292106845e+02
-5.237827744013957272e+02
-4.920210194004358755e+02
-6.300784589413186723e+02
-6.280873382533288805e+02
-7.023961456511029837e+02
-6.505726111866605379e+02
-4.622252477561936530e+02
-5.651178254118065070e+02
-5.050252363373184608e+02
-4.631223360602925254e+02
-3.324357836815702285e+02
-3.270977447381756633e+02
-3.226252251301901879e+02
-1.065790264460097347e+02
-1.782814225197979567e+02
-1.599672499913847332e+02
-3.192293805812763452e+01
-5.944923067388148041e+01
-3.536051056525709413e+01
-7.129425197843820783e+00
1.126669175549000990e+01
8.041585093119002181e+01
1.900614888242389711e+01
6.771344871987423630e+01
3.485340276100454560e+01
8.243481642014531019e+01
1.618478773168049223e+00
7.692205346149208367e+01
-2.241752463990905042e+01
-4.489381514469902612e+01
-6.791714992732138967e+01
-2.644330422841146060e+02
-2.570082895291543537e+02
-3.446723082406596177e+02
-3.669676270774943418e+02
-2.280371366998184328e+02
-2.706768669403802505e+02
-3.025028940853073323e+02
-2.294647942479861626e+02
-1.489059609691858839e+02
-1.795084816900710223e+02
2.185272947867547444e+01
-7.388852515095155837e+00
3.862821390528673504e+01
3.480959540338508074e+00
1.039936938898163845e+02
-1.387967044247219803e+02
-3.399254939601938474e+01
-7.359389126731000985e+00
-5.279142738202879315e+01
3.647863766033618305e+01
-1.158260611345351094e+02
-1.005358260504516608e+02
-1.288820391042555684e+02
-5.595748180351256451e+01
-5.191406632279590383e+01
-3.765225705638554388e+01
-2.889032496723771715e+01
-2.772500920927796031e+01
1.814658662675865131e+01
