-6.736132773043518665e-03
-4.979328484632580126e-02
-1.500736844526050391e-02
-2.911594682300582340e-02
-5.492309882205978488e-02
-8.099860611906072039e-02
-1.160300621186472619e-01
-1.495626527191365185e-01
-1.820916628552442240e-01
-2.150372394475265070e-01
-2.702246692785002513e-01
-3.447906360647269852e-01
-3.767016812257519276e-01
-4.456461686248622267e-01
-5.403323827036177196e-01
-6.116122218574171487e-01
-1.356605127039710368e+00
-1.675252874027612249e+00
-2.045880273921865555e+00
-2.424798470773545045e+00
-2.931048777707221831e+00
-3.342614831361392369e+00
-3.757200067536917043e+00
-4.097188013680945318e+00
-4.390130352399494562e+00
-4.795505177988617085e+00
-5.151108286230634548e+00
-5.411509069358497293e+00
-5.844606427435746987e+00
-6.112128000661233962e+00
-6.745711924709546281e+00
-7.336339380498806406e+00
-8.027419008593161820e+00
-8.972924197416686454e+00
-1.065842601295406489e+01
-1.151307845527987794e+01
-1.296835771431457651e+01
-1.523179332628832050e+01
-1.594607936083941802e+01
-1.810937064396982521e+01
-1.886632333662425864e+01
-2.320386114823153534e+01
-2.541134847494062399e+01
-3.025211942487672445e+01
-3.463364491697513614e+01
-3.810878340660676855e+01
-4.264630789940878230e+01
-4.369856916815361814e+01
-4.567287210640353123e+01
-4.713223007628315742e+01
-4.724281106456041357e+01
-5.171612197118437138e+01
-4.920220424675992632e+01
-5.160414965275695209e+01
-4.973893961391818408e+01
-5.051177810059967044e+01
-5.174312414669419269e+01
-5.448317067921998813e+01
-5.599785706695081444e+01
-6.307969065948384468e+01
-6.676880876037994028e+01
-7.059567007678420225e+01
-7.121249459106542190e+01
-7.742582556603481692e+01
-8.089890635418090881e+01
-7.974975806326875727e+01
-8.070060856603144828e+01
-8.181376121035606275e+01
-7.927748972558430296e+01
-8.080631207764548662e+01
-7.592178757037461878e+01
-8.264214861669636036e+01
-8.326059131882983877e+01
-7.565347253621294499e+01
-7.631038485038737917e+01
-6.871242056714000057e+01
-5.549331780365962885e+01
-5.161913608275430221e+01
-4.497005159650226602e+01
-4.204255399067599086e+01
-4.228810581803996627e+01
-4.863808971739813103e+01
-4.999269761480502439e+01
-4.818263565555339767e+01
-5.856032825314495227e+01
-5.595907921966265519e+01
-5.569715185227398990e+01
-7.014808110028650390e+01
-8.391157010217253287e+01
-9.751487472296196302e+01
-1.046148149629244273e+02
-1.241990234607736880e+02
-1.351112613488030547e+02
-1.419022606766798731e+02
-1.548555631264275689e+02
-1.609662004022274573e+02
-1.678740250861472418e+02
-1.726694912543688645e+02
-1.745582503673186068e+02
-1.801206864898353501e+02
-1.712602540681928929e+02
-1.907225050333809975e+02
-1.699882593915955340e+02
-1.661537717199673523e+02
-1.639073715188316669e+02
-1.542200718766553393e+02
-1.729885216204258995e+02
-1.479468325838354303e+02
-1.318985015820077251e+02
-1.161105829704810901e+02
-1.124742072950834313e+02
-6.749553165541615840e+01
-3.492150507986861641e+01
7.134143300656404563e+00
-9.024328925301976057e+00
1.959046284004745075e+01
4.531898154933909950e+01
3.508686308555757449e+01
6.680631069834263691e+00
-4.151700959343553876e+01
-8.103561374515254556e+01
-1.107357453054715819e+02
-2.066247091895837968e+02
-2.529208603273108338e+02
-3.654760608775375204e+02
-3.963848844717450106e+02
-4.839366584350668745e+02
-5.206019946476949372e+02
-6.002088076314439604e+02
-6.236062628487829897e+02
-6.829938514506027332e+02
-7.064963434963897271e+02
-6.694023466400835787e+02
-7.208270583601170074e+02
-7.060550505146408113e+02
-6.468956878475590884e+02
-6.003554930193084829e+02
-5.542181141009024259e+02
-4.940550873647218282e+02
-3.973162246843061780e+02
-2.836206240662887126e+02
-1.785271686177958372e+02
-4.267497551395785393e+01
1.934778944078822960e+01
1.911774659267714753e+02
3.290538929749113208e+02
4.802026243195196002e+02
5.301117150010826435e+02
6.035083202605818542e+02
6.770296225328897890e+02
6.188001601774548135e+02
5.834201097175957784e+02
4.111322432376164784e+02
3.200564937499950133e+02
1.684318922140707571e+02
-6.748664601001183883e+01
-2.016006763435314895e+02
-3.875295085463027362e+02
-5.688137221122102574e+02
-7.131930291951954359e+02
-8.893410364764680480e+02
-9.999708814357156825e+02
-1.124193537450543090e+03
-1.063874993089507825e+03
-1.164160132712952418e+03
-1.173188846123747226e+03
-1.237436631192589402e+03
-1.212430458085111468e+03
-1.176847778992434542e+03
-1.045929327710423877e+03
-9.239315202235125071e+02
-8.063153497604052973e+02
-8.365496535517337406e+02
-3.114927937844427319e+01
1.206995581131472363e+03
2.214483332723621061e+03
3.292134395451161708e+03
3.803232992865130655e+03
3.761731969530565948e+03
3.670940111073598018e+03
2.402525280549213676e+03
1.389152886111623502e+03
7.473790477656199016e+01
-7.287667451836588270e+02
-1.694110235280005554e+03
-2.477941400262609022e+03
-2.944324176946417538e+03
-2.738021101521969740e+03
-2.132120130619794054e+03
-1.481512371704462794e+03
-5.632078052067173530e+02
3.199372835411012943e+02
1.259257743630952973e+03
2.024405862815315231e+03
2.791769911188245715e+03
3.263090301534186437e+03
3.159760418134748761e+03
2.509834737688162477e+03
1.851536082641992380e+03
1.620877164390538610e+03
5.200659811662548009e+02
8.273900755546824826e+01
-1.202450049206351196e+03
-1.391613909198739520e+03
-1.102159633476944919e+03
-1.132182335565904481e+02
1.149985866060711260e+03
1.436267901461311794e+03
1.825091447450989563e+03
1.327809478327585339e+03
7.212698136232409070e+02
1.269104861781047759e+02
-2.224337838841616701e+02
-1.885571580025355161e+02
-2.822698935645601068e+02
-2.686275194185956821e+02
-3.002076637878347469e+02
4.879542581174022842e-01
1.430292264099822130e+00
1.659549497398425277e+00
1.245819793328735381e+00
2.736687055216875830e+00
4.868534142463340153e+00
3.569621935448499261e+00
5.288864465581226249e+00
6.076028358971407251e+00
6.389953628383127970e+00
6.312449098456125895e+00
5.232275677657922230e+00
4.424250102057090572e+00
4.728395502284617358e+00
2.059408400745796897e+00
-2.545724427402385803e+00
-1.009476473164111354e+01
-2.147757477683190075e+01
-3.278615084696177462e+01
-4.599288172902956973e+01
-6.018055720527414110e+01
-7.670050202621524704e+01
-8.257607661599739401e+01
-9.203564993423721319e+01
-9.789186849952388059e+01
-1.073601861318347801e+02
-1.152913043603434886e+02
-1.080217292987111648e+02
-1.040429004179296868e+02
-8.936975245641659171e+01
-8.879419604600577998e+01
-7.794728832134288155e+01
-4.993433325145482371e+01
-5.611724374688606076e+01
-3.462955522832560007e+01
-1.465571139538534062e+01
-1.899583549700367158e+01
-1.448267990533555327e+01
-4.503142306812651441e+01
-1.359160827470926414e+01
-5.544387718144909627e+01
-5.508069751923822821e+01
-9.818008120237310266e+01
-9.769033189937771056e+01
-1.217402686250396187e+02
-1.632721010283421776e+02
-1.700350781588937537e+02
-1.793441046790219389e+02
-1.890466946698932986e+02
-1.982790393402252391e+02
-1.548192764282625546e+02
-1.293960675177266353e+02
-9.406514292909584185e+01
-3.906172875228168806e+01
-1.080324822864915379e+00
4.064503876018167006e+01
4.906432164254481876e+01
3.921851498936808866e+01
2.406616800067164874e+01
-3.408940429563678265e+01
-1.243115459975959567e+02
-1.863838184147795687e+02
-3.329696697583243576e+02
-3.929088593712086208e+02
-4.678426406278034619e+02
-5.779295989658669441e+02
-6.421793936748550777e+02
-6.846865705910877296e+02
-8.219957932508442582e+02
-7.682762774761844184e+02
-8.316405733505225726e+02
-8.944350297786048714e+02
-8.926971597311870710e+02
-8.758639972343277122e+02
-9.162817064335063151e+02
-8.468700710557037610e+02
-8.171138836425766385e+02
-7.171179574294870918e+02
-7.106083556492644675e+02
-6.960464988011616470e+02
-6.401939243228101759e+02
-5.817450461504014356e+02
-4.554367977762007627e+02
-4.426052043593537064e+02
-3.255041418460230034e+02
-3.397446980945796327e+02
-3.318498437812624502e+02
-3.992300050035297545e+02
-4.485210960899909196e+02
-4.247648805142718516e+02
-5.665290509139972528e+02
-6.687011423238252519e+02
-7.621582509388332483e+02
-8.262554145149786109e+02
-8.908510535776244978e+02
-1.051276684193584742e+03
-1.065139581950416186e+03
-1.131873132063887851e+03
-1.252328837114760290e+03
-1.387395793508379711e+03
-1.332540292354588246e+03
-1.461997763649044373e+03
-1.479919268077194829e+03
-1.561618203328235722e+03
-1.549978182200352194e+03
-1.464842608767004549e+03
-1.470315105756921866e+03
-1.403046565122607262e+03
-1.334354454491769729e+03
-1.246094612936618887e+03
-1.102947893475791489e+03
-9.288846566626095864e+02
-7.578454667869805235e+02
-4.463511940925608315e+02
-1.169074123002834824e+02
7.035196143881242392e+01
2.109460076006804456e+02
3.323652860231258614e+02
2.905137801909556856e+02
2.866094926068214477e+02
2.331994879712130739e+02
5.290309065262847099e+01
-2.064367943550986126e+02
-2.871049455948424907e+02
-3.804662598262195843e+02
-5.902348388812119993e+02
-6.990942603803595148e+02
-9.222368053312882239e+02
-1.069775089419798178e+03
-1.298137187768861622e+03
-1.497888734405971036e+03
-1.630841806689055602e+03
-1.576268085708836452e+03
-1.898104727077020925e+03
-1.808719975415928502e+03
-2.067827381423086081e+03
-2.165856928567386149e+03
-2.025161400419563961e+03
-2.030954714676888898e+03
-2.170774239734426828e+03
-1.925768692599124961e+03
-1.931414610915433286e+03
-1.625807857850566052e+03
-1.474194411339856515e+03
-1.176079176559912867e+03
-9.836656736366547875e+02
-6.325124911359224598e+02
-5.404892124645690501e+02
-1.987846496551601092e+02
-9.993621529303992190e+01
-1.752574760124002466e+02
2.060496283971370133e+02
1.537304347337646959e+02
1.948521621703488904e+02
6.976069889512064037e+01
-1.136531636192148298e+01
-9.745485761034964867e+01
-2.028969860688620486e+02
-3.284007081534427925e+02
-6.129643772070929799e+02
-7.450879862962181051e+02
-8.042038146746725715e+02
-1.001420759016842567e+03
-1.244636881262481211e+03
-1.360552888182183551e+03
-1.424761190386897397e+03
-1.547340291938559631e+03
-1.600853262412501635e+03
-1.524699782916024560e+03
-1.681800216691712649e+03
-3.024484762198693716e+03
-2.989214687537119062e+03
-2.791057238966977820e+03
-2.356783010509506767e+03
-1.927761183675617531e+03
-1.116113225474328601e+03
-1.341518205649497304e+02
4.246066226163059127e+02
6.691880762220741872e+02
1.026033737946536348e+03
6.675411007647508086e+02
3.986663475453745491e+02
4.557239981300896403e+01
-1.388051593042572449e+02
-4.494846361879734218e+02
-8.968598910704106402e+02
-8.054336942313628924e+02
-9.310616168290107453e+02
-8.297914191733345888e+02
-9.286380213088435767e+02
-8.006904967494336915e+02
-8.373249608338597909e+02
-4.765044723896264713e+02
-4.881665532952142144e+02
-2.664582795653697644e+02
-8.181772861858542001e+01
-1.411776649459952466e+02
-5.686314445125574224e+01
1.404701080132370237e+02
-1.132653459089418391e+01
-1.341531332598859194e+01
-3.779129479750149301e+01
-3.502472023140062163e+01
-4.789979506246680785e+01
-9.478418847567473904e+01
-1.130638347412647278e+02
-8.811401355211313557e+01
-8.497902378339803420e+01
-9.689143275443289838e+01
-2.898357933316131607e+01
-7.284460520734479871e+01
-2.720061098920367293e+00
-6.381157740923800503e+01
-4.586302391113499510e+01
-4.736905394763095245e+01
4.165595692571170616e+01
-7.117676011431170480e+01
-8.189125239242100918e+01
-9.471441409424959090e+01
-7.800729312771321133e+01
-2.111946303102171782e+02
-3.203930792756852384e+02
-3.567536941133676578e+02
-3.612569843678917323e+02
-4.818077704559056542e+02
-6.317326316845235397e+02
-8.116686582020095102e+02
-1.074984049151646786e+03
-1.375832078874067292e+03
-1.583784710412079676e+03
-1.497830479126273531e+03
-1.791431982045517543e+03
-1.898627616620146910e+03
-2.059690718398502213e+03
-2.260661431424038710e+03
-2.261700810850991729e+03
-2.369412340453402976e+03
-2.159286071394271858e+03
-2.348943663418301639e+03
-2.284009573931487921e+03
-2.294963883746980628e+03
-2.272393875813587329e+03
-2.408132508535324178e+03
-2.512196518675378229e+03
-2.557076619109913736e+03
-2.882076805463862456e+03
-2.917440187803760182e+03
-3.162402499800702572e+03
-3.261254967538753135e+03
-3.226071167811220221e+03
-3.288686666887138927e+03
-2.967716811935513761e+03
-2.764744858113331247e+03
-2.584348562672907519e+03
-2.223199794612117330e+03
-1.809868611398009307e+03
-1.472137509388127455e+03
-1.123462460657907968e+03
-1.220235246021287367e+03
-1.422198540528313515e+03
-1.275639416495661408e+03
-1.274056258180431769e+03
-9.751778819272587953e+02
-1.162164928532090926e+03
-8.976621391783289710e+02
-9.451449249819225997e+02
-1.351977504290873185e+03
-1.387583533608362359e+03
-1.750001957312393188e+03
-1.604910776881654783e+03
-1.718539573386459097e+03
-1.878867143034148285e+03
-2.254890697126634223e+03
-2.155874932190606160e+03
-2.141396153904185667e+03
-2.376302641968537955e+03
-2.295847906955722465e+03
-2.363304640938085868e+03
-2.481148430772137090e+03
-2.367669721017553002e+03
-2.250632744915229523e+03
-2.015785816961680439e+03
-1.759372239892835296e+03
-1.717432529379189418e+03
-1.400474605677710315e+03
-1.077974381919455482e+03
-8.466983027618064170e+02
-6.263525116441685441e+02
-4.122505231752510326e+02
-4.488259851783973886e+02
-3.495372820845740875e+02
2.221466150840685216e+01
-9.450035713468479059e+01
5.018914421443854224e+01
-2.254757635677041776e+02
-2.568548659051650702e+02
-4.634332965974377316e+02
-4.750284583017992759e+02
-6.316886917429569621e+02
-9.937478535231136902e+02
-1.116040614461615860e+03
-1.134441869622788772e+03
-8.887117672401659547e+02
-8.298490737461659137e+02
-1.280798221412011571e+03
-1.409069197423317974e+03
-1.370239256128466650e+03
-1.663800301789853620e+03
-1.428461462134398971e+03
-1.631545659654223073e+03
-1.523773344957259042e+03
-1.451570547274160617e+03
-1.213160938388499062e+03
-1.022190673827747673e+03
-8.244241005905362272e+02
-5.772899385174019926e+02
-3.775302759322008228e+02
-1.694944497257160378e+02
-1.806682145572340801e+02
1.965375923627343298e+02
1.892915125789294564e+02
2.443810880227693474e+02
2.239698523713661871e+02
3.000918195347400115e+02
2.665703130082941357e+02
7.247971552431764053e+01
9.645110707336478129e+01
8.861722614690306443e+01
-7.859889883085631368e+01
5.355201783493825474e+01
7.618207636195143095e+01
-1.505763882283885380e+02
-1.542256439870543545e+02
-2.493077841586405725e+02
-2.356164422016602202e+02
-3.788585996572241470e+02
-2.393933940206880209e+02
-4.006014791995827977e+02
-5.233092988778397512e+02
-4.817527935735822666e+02
-6.168744922858204518e+02
-6.208227054889653118e+02
-6.851242522985284040e+02
-6.396587899094165550e+02
-4.551550638413006027e+02
-5.619482800327880341e+02
-4.967939423301323814e+02
-4.623548639802604043e+02
-3.287043398200115121e+02
-3.315531851594970476e+02
-3.277884285600478051e+02
-1.122943770612132397e+02
-1.731852015606382054e+02
-1.592454490313529902e+02
-2.795595103034019857e+01
-4.439228758208053449e+01
-2.179871791420066884e+01
-1.787925852503225554e+00
1.687332332350904096e+01
9.121007898791772561e+01
1.981193149254098884e+01
7.922012843906287571e+01
4.796962557154225948e+01
8.323295508868767456e+01
1.683485162649009226e+01
8.819717766457929997e+01
-1.242829299976862600e+01
-3.161270099862422001e+01
-5.456931197770839503e+01
-2.365629447344852565e+02
-2.256652346327821022e+02
-3.102175135127193357e+02
-3.291661671877107551e+02
-1.860499161348756161e+02
-2.397034973186025866e+02
-2.801386145063758590e+02
-2.143943526414085454e+02
-1.460890853050905207e+02
-1.796294614743144109e+02
2.532821733309825518e+01
-1.848712635971946905e-01
5.254184193970625216e+01
1.260981298084171875e+01
1.055338161793845586e+02
-1.336402043053780346e+02
-2.781065920628619637e+01
-7.019047638211725726e+00
-5.507045888209414386e+01
3.324426005866692435e+01
-1.170620817501358175e+02
-9.694926545163031051e+01
-1.297974300254669515e+02
-5.133388392604555861e+01
-4.728180319632873108e+01
-3.610481814116516830e+01
-2.483557432382906782e+01
-2.527213529286566995e+01
2.029945986269370906e+01
