0.000000000000000000e+00
0.000000000000000000e+00
0.000000000000000000e+00
0.000000000000000000e+00
0.000000000000000000e+00
0.000000000000000000e+00
0.000000000000000000e+00
0.000000000000000000e+00
0.000000000000000000e+00
0.000000000000000000e+00
0.000000000000000000e+00
0.000000000000000000e+00
0.000000000000000000e+00
0.000000000000000000e+00
0.000000000000000000e+00
0.000000000000000000e+00
0.000000000000000000e+00
0.000000000000000000e+00
0.000000000000000000e+00
0.000000000000000000e+00
0.000000000000000000e+00
0.000000000000000000e+00
0.000000000000000000e+00
0.000000000000000000e+00
0.000000000000000000e+00
0.000000000000000000e+00
0.000000000000000000e+00
0.000000000000000000e+00
1.829128319819323979e-03
1.951070207807278608e-03
2.076945705085167515e-03
2.206754811652990918e-03
2.340497527510747734e-03
3.657024579870514491e-03
3.865997413005972660e-03
4.080775047061859645e-03
4.301357482038176312e-03
4.527744717934922662e-03
6.402869377414032587e-03
6.723012846284734563e-03
7.050964692444964925e-03
7.386724915894725407e-03
7.730293516634015143e-03
8.930989926582750052e-03
9.327922812208649939e-03
9.733484673609025042e-03
1.014767551078387883e-02
1.057049532373320611e-02
1.465391253086756503e-02
1.524006903210226721e-02
1.583771879806706445e-02
1.644686182876195155e-02
1.706749812418692849e-02
1.827249825861312557e-02
1.893695274074451429e-02
1.961327248148538732e-02
2.030145748083575508e-02
2.100150773879560714e-02
2.290546812622785977e-02
2.366898373043545625e-02
2.444501598389235697e-02
2.523356488659856192e-02
2.603463043855407458e-02
2.990018877209410855e-02
3.082019458046623625e-02
3.175413987078339745e-02
3.270202464304558521e-02
3.366384889725280993e-02
3.366140318439175827e-02
3.462315756108866327e-02
3.559845777407707329e-02
3.658730382335699527e-02
3.758969570892841533e-02
4.314377518871947287e-02
4.429427586041866094e-02
4.545991469885073133e-02
4.664069170401568404e-02
4.783660687591352600e-02
5.095723062926706820e-02
5.223116139499874716e-02
5.352081970104809877e-02
5.482620554741512303e-02
5.614731893409981994e-02
6.202922818061704091e-02
6.348873943192567815e-02
6.496522174429604501e-02
6.645867511772814151e-02
6.796909955222196764e-02
7.056053793405951680e-02
7.212854988814973445e-02
7.371379274283433591e-02
7.531626649811334895e-02
7.693597115398674580e-02
8.087050172982825080e-02
8.257303860835095433e-02
8.429331024602493283e-02
8.603131664285018632e-02
8.778705779882671478e-02
8.874423650246890394e-02
9.051912123251829034e-02
9.231157907870676804e-02
9.412161004103436479e-02
9.594921411950103896e-02
9.779439131410683217e-02
9.965714162485173055e-02
1.015374650517357202e-01
1.034353615947588151e-01
1.070082717751187490e-01
1.089717263031025757e-01
1.109530304177044485e-01
1.129521841189243397e-01
1.149691874067622771e-01
1.170040402812182606e-01
1.190567427422922486e-01
1.211272947899842967e-01
1.232156964242943770e-01
1.265420641928882151e-01
1.286868449419202032e-01
1.308496490585911443e-01
1.330304765429010105e-01
1.352293273948497743e-01
1.374462016144374910e-01
1.396810992016641051e-01
1.419340201565296444e-01
1.442049644790341367e-01
1.499216003552681642e-01
1.522825704396031099e-01
1.546619856027219020e-01
1.570598458446245682e-01
1.594761511653111086e-01
1.619109015647814953e-01
1.643640970430357562e-01
1.668357376000738912e-01
1.693258232358959003e-01
1.671877506997911933e-01
1.696463940924352043e-01
1.721229837872152724e-01
1.746175197841314253e-01
1.771300020831836908e-01
1.796604306843720134e-01
1.822088055876964485e-01
1.847751267931569685e-01
1.873593943007535734e-01
1.982383729514887449e-01
2.009726953370265523e-01
2.037257459580817109e-01
2.064975248146542208e-01
2.092880319067441652e-01
2.120972672343514609e-01
2.149252307974761633e-01
2.177719225961182170e-01
2.206373426302776775e-01
2.225456709456713755e-01
2.254358744644463231e-01
2.283447244575359802e-01
2.312722209249402916e-01
2.342183638666592849e-01
2.371831532826929323e-01
2.401665891730412894e-01
2.431686715377043007e-01
2.461894003766819661e-01
2.474436159030948823e-01
2.504797338896359582e-01
2.535343647907290499e-01
2.566075086063742683e-01
2.596991653365715580e-01
2.628093349813209190e-01
2.659380175406222957e-01
2.690852130144758547e-01
2.722509214028814295e-01
2.712127187844003418e-01
2.743663550493352088e-01
2.775382204256280905e-01
2.807283149132790423e-01
2.839366385122878977e-01
2.871631912226548233e-01
2.904079730443797636e-01
2.936709839774626629e-01
2.969522240219035769e-01
3.102848760608319378e-01
3.137134382272500077e-01
3.171608386473296348e-01
3.206270773210709302e-01
3.241121542484738938e-01
3.276160694295384701e-01
3.311388228642647147e-01
3.346804145526525720e-01
3.382408444947020976e-01
3.361245608275307273e-01
3.396627140993995209e-01
3.432193917339482203e-01
3.467945937311768256e-01
3.503883200910853923e-01
3.540005708136738649e-01
3.576313458989423544e-01
3.612806453468906942e-01
3.649484691575190509e-01
3.929080328990468551e-01
3.968568573502935792e-01
4.008254259237964967e-01
4.048137386195557186e-01
4.088217954375710783e-01
4.128495963778426869e-01
4.168971414403706000e-01
4.209644306251547063e-01
4.250514639321950061e-01
4.309509985281508859e-01
4.350947581293830857e-01
4.392583443315781766e-01
4.434417571347360476e-01
4.476449965388568097e-01
4.518680625439402965e-01
4.561109551499867298e-01
4.603736743569959433e-01
4.646562201649679924e-01
4.770497201538853038e-01
4.814464917682068634e-01
4.858634320596583178e-01
4.903005410282396670e-01
4.947578186739509110e-01
4.992352649967921052e-01
5.037328799967631943e-01
5.082506636738641781e-01
5.127886160280951122e-01
5.339748133785199302e-01
5.387002542048784370e-01
5.434465119511769915e-01
5.482135866174153715e-01
5.530014782035936882e-01
5.578101867097119415e-01
5.626397121357700204e-01
5.674900544817680359e-01
5.723612137477058770e-01
6.096472644773852645e-01
6.148357518346395656e-01
6.200462243078144198e-01
6.252786818969100491e-01
6.305331246019260094e-01
6.358095524228626338e-01
6.411079653597198114e-01
6.464283634124975420e-01
6.517707465811959366e-01
7.068322441414588431e-01
7.126259510606510750e-01
7.184433057631870456e-01
7.242843082490666440e-01
7.301489585182897590e-01
7.360372565708566128e-01
7.419492024067672054e-01
7.478847960260213146e-01
7.538440374286190515e-01
8.016639305240571556e-01
8.080011947969746311e-01
8.143634089292343115e-01
8.207505729208361966e-01
8.271626867717801757e-01
8.335997504820663595e-01
8.400617640516947482e-01
8.465487274806653417e-01
8.530606407689782511e-01
9.181820101971728265e-01
9.251910331757772221e-01
9.322267064318666696e-01
9.392890299654416131e-01
9.463780037765013864e-01
9.534936278650465447e-01
9.606359022310768658e-01
9.678048268745923499e-01
9.750004017955929969e-01
1.026613653822197714e+00
1.034190138352250932e+00
1.041794477604840896e+00
1.049426671579968051e+00
1.057086720277631953e+00
1.064774623697833045e+00
1.072490381840570883e+00
1.080233994705845690e+00
1.088005462293657466e+00
1.162033862321230293e+00
1.170334104194953317e+00
1.178663884295985120e+00
1.187023202624325480e+00
1.195412059179974396e+00
1.203830453962931868e+00
1.212278386973198119e+00
1.220755858210772926e+00
1.229262867675656290e+00
1.313039788323645762e+00
1.322126568865677809e+00
1.331244683133717022e+00
1.340394131127763178e+00
1.349574912847816277e+00
1.358787028293876542e+00
1.368030477465943751e+00
1.377305260364017681e+00
1.386611376988098998e+00
1.435742216920844250e+00
1.445378070725682029e+00
1.455046151466321991e+00
1.464746459142764134e+00
1.474478993755008460e+00
1.484243755303054968e+00
1.494040743786903436e+00
1.503869959206554308e+00
1.513731401562006917e+00
1.501304981994498799e+00
1.511085470476547732e+00
1.520897713791330430e+00
1.530741711938847116e+00
1.540617464919097790e+00
1.550524972732082229e+00
1.560464235377800879e+00
1.570435252856253294e+00
1.580438025167439475e+00
1.623350284536835053e+00
1.633624653426308582e+00
1.643931433574108647e+00
1.654270624980235249e+00
1.664642227644688166e+00
1.675046241567467398e+00
1.685482666748572944e+00
1.695951503188005249e+00
1.706452750885763647e+00
1.715369054390773806e+00
1.725925171648563072e+00
1.736513669634137225e+00
1.747134548347495819e+00
1.757787807788639078e+00
1.768473447957567002e+00
1.779191468854279590e+00
1.789941870478776842e+00
1.800724652831058537e+00
1.700339236105017804e+00
1.710520908177503019e+00
1.720732973300950874e+00
1.730975431475361148e+00
1.741248282700734062e+00
1.751551526977069839e+00
1.761885164304368256e+00
1.772249194682629314e+00
1.782643618111852790e+00
1.456051052523923195e+00
1.464541146124645810e+00
1.473055920230021520e+00
1.481595374840050772e+00
1.490159509954733119e+00
1.498748325574068785e+00
1.507361821698057547e+00
1.515999998326699849e+00
1.524662855459995248e+00
1.062789330000530885e+00
1.068827905739170303e+00
1.074883587924661432e+00
1.080956376557004051e+00
1.087046271636198602e+00
1.093153273162244643e+00
1.099277381135142395e+00
1.105418595554891636e+00
1.111576916421492811e+00
3.357921970572472770e-01
3.376525416392818779e-01
3.395180252947475608e-01
3.413886480236442145e-01
3.432644098259718946e-01
3.451453107017306565e-01
3.470313506509204449e-01
3.489225296735412596e-01
3.508188477695931007e-01
-8.831064441561379263e-01
-8.878799925029278173e-01
-8.926664075568518930e-01
-8.974656893179103756e-01
-9.022778377861029320e-01
-9.071028529614295621e-01
-9.119407348438905991e-01
-9.167914834334857099e-01
-9.216550987302151166e-01
-2.623498387468171877e+00
-2.637342706135550330e+00
-2.651223457220474256e+00
-2.665140640722943655e+00
-2.679094256642959415e+00
-2.693084304980520649e+00
-2.707110785735627356e+00
-2.721173698908279981e+00
-2.735273044498478079e+00
-4.562871251231165104e+00
-4.586391206134418752e+00
-4.609971623646677230e+00
-4.633612503767942314e+00
-4.657313846498213117e+00
-4.681075651837489637e+00
-4.704897919785772764e+00
-4.728780650343060721e+00
-4.752723843509354396e+00
-7.134958046615765603e+00
-7.170902419646576043e+00
-7.206937105172437796e+00
-7.243062103193352641e+00
-7.279277413709319688e+00
-7.315583036720338939e+00
-7.351978972226409503e+00
-7.388465220227533159e+00
-7.425041780723709905e+00
-9.338303269754261393e+00
-9.384304763693938511e+00
-9.430419283417249332e+00
-9.476646828924197408e+00
-9.522987400214780962e+00
-9.569440997288999995e+00
-9.616007620146852730e+00
-9.662687268788342720e+00
-9.709479943213468189e+00
-1.142984138693084617e+01
-1.148492495987991191e+01
-1.154014094526394985e+01
-1.159548934308296175e+01
-1.165097015333694586e+01
-1.170658337602590571e+01
-1.176232901114983775e+01
-1.181820705870874555e+01
-1.187421751870262554e+01
-1.293500548092332458e+01
-1.299601965772013301e+01
-1.305717739728587290e+01
-1.311847869962054958e+01
-1.317992356472415949e+01
-1.324151199259670086e+01
-1.330324398323817725e+01
-1.336511953664858687e+01
-1.342713865282793151e+01
-1.423516966433913211e+01
-1.430092102537533982e+01
-1.436682388724342907e+01
-1.443287824994339807e+01
-1.449908411347524861e+01
-1.456544147783898069e+01
-1.463195034303459252e+01
-1.469861070906208411e+01
-1.476542257592145724e+01
-1.501487636246404911e+01
-1.508281697948877387e+01
-1.515091096133748216e+01
-1.521915830801017400e+01
-1.528755901950684759e+01
-1.535611309582750650e+01
-1.542482053697214894e+01
-1.549368134294077315e+01
-1.556269551373338444e+01
-1.496563215112923473e+01
-1.503199859082382162e+01
-1.509851185892481240e+01
-1.516517195543220708e+01
-1.523197888034600389e+01
-1.529893263366620637e+01
-1.536603321539281275e+01
-1.543328062552582303e+01
-1.550067486406523720e+01
-1.516077286368546240e+01
-1.522668926744061579e+01
-1.529274865688721441e+01
-1.535895103202525291e+01
-1.542529639285473486e+01
-1.549178473937566203e+01
-1.555841607158802908e+01
-1.562519038949184136e+01
-1.569210769308709530e+01
-1.505130860774127832e+01
-1.511549329263569774e+01
-1.517981454068946512e+01
-1.524427235190258578e+01
-1.530886672627505440e+01
-1.537359766380687276e+01
-1.543846516449804085e+01
-1.550346922834855867e+01
-1.556860985535842623e+01
-1.475766437931230790e+01
-1.481941192901654425e+01
-1.488128838801034881e+01
-1.494329375629372691e+01
-1.500542803386667323e+01
-1.506769122072919131e+01
-1.513008331688127761e+01
-1.519260432232293745e+01
-1.525525423705416550e+01
-1.444248014610592001e+01
-1.450179217956015520e+01
-1.456122575406654995e+01
-1.462078086962510248e+01
-1.468045752623581812e+01
-1.474025572389869332e+01
-1.480017546261372985e+01
-1.486021674238092416e+01
-1.492037956320027980e+01
-1.403769204548231819e+01
-1.409429564243990818e+01
-1.415101312993463623e+01
-1.420784450796650233e+01
-1.426478977653550473e+01
-1.432184893564164696e+01
-1.437902198528492725e+01
-1.443630892546534561e+01
-1.449370975618290203e+01
-1.388499289077181231e+01
-1.393998296162635420e+01
-1.399508170851025390e+01
-1.405028913142350788e+01
-1.410560523036612146e+01
-1.416103000533808931e+01
-1.421656345633941498e+01
-1.427220558337009670e+01
-1.432795638643013802e+01
-1.378820143029597212e+01
-1.384185201951891386e+01
-1.389560678464325960e+01
-1.394946572566900755e+01
-1.400342884259615950e+01
-1.405749613542471721e+01
-1.411166760415467714e+01
-1.416594324878604105e+01
-1.422032306931881074e+01
-1.393854507653526476e+01
-1.399184735216254971e+01
-1.404525134968988809e+01
-1.409875706911727811e+01
-1.415236451044471977e+01
-1.420607367367221485e+01
-1.425988455879976158e+01
-1.431379716582735995e+01
-1.436781149475500996e+01
-1.416120202980292220e+01
-1.421443963141872402e+01
-1.426777711596438536e+01
-1.432121448343990799e+01
-1.437475173384529015e+01
-1.442838886718053359e+01
-1.448212588344563834e+01
-1.453596278264060260e+01
-1.458989956476542993e+01
-1.425428212783285353e+01
-1.430697818006144217e+01
-1.435977145747864192e+01
-1.441266196008445633e+01
-1.446564968787888539e+01
-1.451873464086192733e+01
-1.457191681903358216e+01
-1.462519622239385164e+01
-1.467857285094273223e+01
-1.406628514178731493e+01
-1.411743526957563333e+01
-1.416867822881184225e+01
-1.422001401949594346e+01
-1.427144264162793519e+01
-1.432296409520781921e+01
-1.437457838023559731e+01
-1.442628549671126414e+01
-1.447808544463482328e+01
-1.476242538477034039e+01
-1.481524264911656630e+01
-1.486815423000626879e+01
-1.492116012743944609e+01
-1.497426034141609996e+01
-1.502745487193622864e+01
-1.508074371899983213e+01
-1.513412688260691041e+01
-1.518760436275746528e+01
-1.488305414096394053e+01
-1.493545926117860390e+01
-1.498795648178028550e+01
-1.504054580276898889e+01
-1.509322722414471052e+01
-1.514600074590745393e+01
-1.519886636805722091e+01
-1.525182409059400435e+01
-1.530487391351781135e+01
-1.531978507051023009e+01
-1.537288657855359020e+01
-1.542607995771813734e+01
-1.547936520800386440e+01
-1.553274232941077493e+01
-1.558621132193886716e+01
-1.563977218558814108e+01
-1.569342492035859848e+01
-1.574716952625023758e+01
-1.583326322588389701e+01
-1.588730166692787193e+01
-1.594143216664483020e+01
-1.599565472503477892e+01
-1.604996934209771808e+01
-1.610437601783364059e+01
-1.615887475224255354e+01
-1.621346554532445339e+01
-1.626814839707934013e+01
-1.677224232376652679e+01
-1.682861960888843456e+01
-1.688509148677060878e+01
-1.694165795741305658e+01
-1.699831902081577439e+01
-1.705507467697876578e+01
-1.711192492590202718e+01
-1.716886976758556216e+01
-1.722590920202936715e+01
-1.711275967664353104e+01
-1.716942444378473454e+01
-1.722618287169807161e+01
-1.728303496038354226e+01
-1.733998070984115003e+01
-1.739702012007088783e+01
-1.745415319107276630e+01
-1.751137992284677480e+01
-1.756870031539291688e+01
-1.771705527124241542e+01
-1.777485969300829183e+01
-1.783275825878356358e+01
-1.789075096856822711e+01
-1.794883782236228242e+01
-1.800701882016572242e+01
-1.806529396197855775e+01
-1.812366324780078131e+01
-1.818212667763239665e+01
-1.863046253472645475e+01
-1.869036755895387003e+01
-1.875036873891841083e+01
-1.881046607462007358e+01
-1.887065956605885475e+01
-1.893094921323476498e+01
-1.899133501614779362e+01
-1.905181697479794423e+01
-1.911239508918522034e+01
-1.916057476292978379e+01
-1.922130558626712116e+01
-1.928213250267935663e+01
-1.934305551216649377e+01
-1.940407461472853612e+01
-1.946518981036547657e+01
-1.952640109907731514e+01
-1.958770848086405891e+01
-1.964911195572570080e+01
-1.941246752560497413e+01
-1.947313148662248850e+01
-1.953389008720477449e+01
-1.959474332735183211e+01
-1.965569120706365425e+01
-1.971673372634025156e+01
-1.977787088518161340e+01
-1.983910268358775042e+01
-1.990042912155865551e+01
-1.983667278971136838e+01
-1.989780275208336136e+01
-1.995902676055131053e+01
-2.002034481511521591e+01
-2.008175691577507749e+01
-2.014326306253089527e+01
-2.020486325538267280e+01
-2.026655749433040654e+01
-2.032834577937409648e+01
-1.922927696221054461e+01
-1.928772461255161019e+01
-1.934626095431959669e+01
-1.940488598751450411e+01
-1.946359971213633244e+01
-1.952240212818508525e+01
-1.958129323566075541e+01
-1.964027303456335005e+01
-1.969934152489286205e+01
-1.825492386348751594e+01
-1.830966126637653346e+01
-1.836448061148544397e+01
-1.841938189881425103e+01
-1.847436512836294753e+01
-1.852943030013154058e+01
-1.858457741412003017e+01
-1.863980647032840920e+01
-1.869511746875668479e+01
-1.709149985321092302e+01
-1.714206642082397281e+01
-1.719270768056052745e+01
-1.724342363242058696e+01
-1.729421427640415132e+01
-1.734507961251122410e+01
-1.739601964074180174e+01
-1.744703436109588068e+01
-1.749812377357346804e+01
-1.552830821778697157e+01
-1.557364634397029057e+01
-1.561905056071656084e+01
-1.566452086802577881e+01
-1.571005726589794804e+01
-1.575565975433306320e+01
-1.580132833333113140e+01
-1.584706300289214731e+01
-1.589286376301611448e+01
-1.326016460601685942e+01
-1.329837833686993420e+01
-1.333664705150840746e+01
-1.337497074993228274e+01
-1.341334943214155828e+01
-1.345178309813623407e+01
-1.349027174791630834e+01
-1.352881538148178286e+01
-1.356741399883265764e+01
-1.158372529035508869e+01
-1.161668041209151880e+01
-1.164968234508041611e+01
-1.168273108932177884e+01
-1.171582664481560698e+01
-1.174896901156190410e+01
-1.178215818956066485e+01
-1.181539417881189458e+01
-1.184867697931558972e+01
-9.526009802027600060e+00
-9.552768256527677693e+00
-9.579564240416955201e+00
-9.606397753695434361e+00
-9.633268796363113395e+00
-9.660177368419994082e+00
-9.687123469866076420e+00
-9.714107100701356856e+00
-9.741128260925838944e+00
-7.185111213740056790e+00
-7.205042174111040865e+00
-7.225000739690295326e+00
-7.244986910477821063e+00
-7.265000686473616298e+00
-7.285042067677681032e+00
-7.305111054090016154e+00
-7.325207645710621662e+00
-7.345331842539496670e+00
-4.640089911363791231e+00
-4.652802486463417431e+00
-4.665532452226655913e+00
-4.678279808653504013e+00
-4.691044555743963507e+00
-4.703826693498035283e+00
-4.716626221915716677e+00
-4.729443140997009465e+00
-4.742277450741912759e+00
-2.860057390664736854e+00
-2.867797735429729489e+00
-2.875548540120079988e+00
-2.883309804735788795e+00
-2.891081529276855466e+00
-2.898863713743280446e+00
-2.906656358135063734e+00
-2.914459462452204441e+00
-2.922273026694703901e+00
-9.363962472310566332e-01
-9.388999805124230713e-01
-9.414070565618554154e-01
-9.439174753793536654e-01
-9.464312369649179324e-01
-9.489483413185478833e-01
-9.514687884402440732e-01
-9.539925783300058360e-01
-9.565197109878337267e-01
3.664923148807428532e-01
3.674605904814846058e-01
3.684301434906706030e-01
3.694009739083007893e-01
3.703730817343752202e-01
3.713464669688940067e-01
3.723211296118569824e-01
3.732970696632642027e-01
3.742742871231156676e-01
1.369739168327023915e+00
1.373315510803073680e+00
1.376896516046367314e+00
1.380482184056904815e+00
1.384072514834685963e+00
1.387667508379710979e+00
1.391267164691980085e+00
1.394871483771493059e+00
1.398480465618249902e+00
2.826907584034172416e+00
2.834202829412325375e+00
2.841507475879882616e+00
2.848821523436845027e+00
2.856144972083212163e+00
2.863477821818984470e+00
2.870820072644161058e+00
2.878171724558742817e+00
2.885532777562729301e+00
3.965963220102753262e+00
3.976080473215259925e+00
3.986210614548292952e+00
3.996353644101851010e+00
4.006509561875934544e+00
4.016678367870543553e+00
4.026860062085677150e+00
4.037054644521337998e+00
4.047262115177523434e+00
5.095927980443187622e+00
5.108780257821353921e+00
5.121648721946849392e+00
5.134533372819671371e+00
5.147434210439821634e+00
5.160351234807298404e+00
5.173284445922104346e+00
5.186233843784237685e+00
5.199199428393697531e+00
4.973939982178264607e+00
4.986343822532823822e+00
4.998763109762045964e+00
5.011197843865931922e+00
5.023648024844480808e+00
5.036113652697693510e+00
5.048594727425568252e+00
5.061091249028106809e+00
5.073603217505309182e+00
4.478137008982959522e+00
4.489180503456407401e+00
4.500237598292507357e+00
4.511308293491258503e+00
4.522392589052662615e+00
4.533490484976717028e+00
4.544601981263425294e+00
4.555727077912784750e+00
4.566865774924796284e+00
5.298463350553221929e+00
5.311386431896035099e+00
5.324325253898217980e+00
5.337279816559770573e+00
5.350250119880693767e+00
5.363236163860986672e+00
5.376237948500649289e+00
5.389255473799682505e+00
5.402288739758086322e+00
4.596750629420025547e+00
4.607840498248542360e+00
4.618943728364803825e+00
4.630060319768809940e+00
4.641190272460562483e+00
4.652333586440058788e+00
4.663490261707301521e+00
4.674660298262288904e+00
4.685843696105021827e+00
5.092080486277313689e+00
5.104233422998739833e+00
5.116400844746054943e+00
5.128582751519259908e+00
5.140779143318354727e+00
5.152990020143339400e+00
5.165215381994212152e+00
5.177455228870976534e+00
5.189709560773629882e+00
4.804679178487464952e+00
4.816024347740091471e+00
4.827382895730043977e+00
4.838754822457324245e+00
4.850140127921929611e+00
4.861538812123860964e+00
4.872950875063118303e+00
4.884376316739703405e+00
4.895815137153613605e+00
4.909948197088779054e+00
4.921420038670762054e+00
4.932905266298931224e+00
4.944403879973287452e+00
4.955915879693830739e+00
4.967441265460561084e+00
4.978980037273477599e+00
4.990532195132581172e+00
5.002097739037870916e+00
4.840439542298030418e+00
4.851631310025886989e+00
4.862836001273060482e+00
4.874053616039550008e+00
4.885284154325355566e+00
4.896527616130477156e+00
4.907784001454914780e+00
4.919053310298669324e+00
4.930335542661739012e+00
3.263163222963559207e+00
3.270630415693453141e+00
3.278106142357894992e+00
3.285590402956886091e+00
3.293083197490425107e+00
3.300584525958512483e+00
3.308094388361148663e+00
3.315612784698333204e+00
3.323139714970065661e+00
9.333378148600093294e-01
9.354518302957058884e-01
9.375682371515785540e-01
9.396870354276273263e-01
9.418082251238522051e-01
9.439318062402533016e-01
9.460577787768303937e-01
9.481861427335837034e-01
9.503168981105131197e-01
1.502608532032565225e-01
1.505977609458647171e-01
1.509350459647804121e-01
1.512727082600036355e-01
1.516107478315343871e-01
1.519491646793726392e-01
1.522879588035183918e-01
1.526271302039716726e-01
1.529666788807324262e-01
-2.600772423530614663e+00
-2.606545503272081010e+00
-2.612324983323682570e+00
-2.618110863685418011e+00
-2.623903144357288220e+00
-2.629701825339293642e+00
-2.635506906631432944e+00
-2.641318388233707459e+00
-2.647136270146116743e+00
-6.526355893199423441e+00
-6.540699532525136028e+00
-6.555058916789736401e+00
-6.569434045993222782e+00
-6.583824920135595171e+00
-6.598231539216854458e+00
-6.612653903237000641e+00
-6.627092012196033721e+00
-6.641545866093952810e+00
-1.341068364759024334e+01
-1.343986903093646923e+01
-1.346908613752546025e+01
-1.349833496735722171e+01
-1.352761552043175008e+01
-1.355692779674904536e+01
-1.358627179630910753e+01
-1.361564751911193660e+01
-1.364505496515753435e+01
-2.021554531640089181e+01
-2.025911330199658522e+01
-2.030272818531627266e+01
-2.034638996635996477e+01
-2.039009864512765802e+01
-2.043385422161934528e+01
-2.047765669583503723e+01
-2.052150606777472674e+01
-2.056540233743841384e+01
-3.047650707089396249e+01
-3.054155831330782433e+01
-3.060667890672639047e+01
-3.067186885114966088e+01
-3.073712814657763914e+01
-3.080245679301032524e+01
-3.086785479044771563e+01
-3.093332213888981030e+01
-3.099885883833660927e+01
-4.031527949571626834e+01
-4.040051264475584247e+01
-4.048583579712069280e+01
-4.057124895281081223e+01
-4.065675211182622206e+01
-4.074234527416690810e+01
-4.082802843983287744e+01
-4.091380160882412298e+01
-4.099966478114064472e+01
-4.934998760461456158e+01
-4.945333836399595384e+01
-4.955679723086623767e+01
-4.966036420522541306e+01
-4.976403928707348001e+01
-4.986782247641044563e+01
-4.997171377323630281e+01
-5.007571317755104445e+01
-5.017982068935469186e+01
-6.321772500178792598e+01
-6.334888210760076532e+01
-6.348017512751289360e+01
-6.361160406152431079e+01
-6.374316890963500981e+01
-6.387486967184499775e+01
-6.400670634815428173e+01
-6.413867893856284752e+01
-6.427078744307070224e+01
-7.649896763602144745e+01
-7.665621114606464914e+01
-7.681361609708326910e+01
-7.697118248907727889e+01
-7.712891032204670694e+01
-7.728679959599152482e+01
-7.744485031091176097e+01
-7.760306246680738695e+01
-7.776143606367841699e+01
-9.116520108139769718e+01
-9.135087358869178331e+01
-9.153673497951312754e+01
-9.172278525386174408e+01
-9.190902441173760451e+01
-9.209545245314070883e+01
-9.228206937807109966e+01
-9.246887518652873439e+01
-9.265586987851362721e+01
-1.004125668059022729e+02
-1.006152157802835063e+02
-1.008180690379050475e+02
-1.010211265787668822e+02
-1.012243884028690388e+02
-1.014278545102114890e+02
-1.016315249007942327e+02
-1.018353995746172984e+02
-1.020394785316806576e+02
-1.113253445806593760e+02
-1.115479952698207029e+02
-1.117708683872429276e+02
-1.119939639329260501e+02
-1.122172819068700704e+02
-1.124408223090749885e+02
-1.126645851395408187e+02
-1.128885703982675324e+02
-1.131127780852551581e+02
-1.208373225651705525e+02
-1.210768415395316424e+02
-1.213165976613921089e+02
-1.215565909307519235e+02
-1.217968213476111288e+02
-1.220372889119696822e+02
-1.222779936238276122e+02
-1.225189354831849187e+02
-1.227601144900415733e+02
-1.212970034591219530e+02
-1.215353079845819337e+02
-1.217738463712052521e+02
-1.220126186189919224e+02
-1.222516247279419588e+02
-1.224908646980553328e+02
-1.227303385293321014e+02
-1.229700462217721935e+02
-1.232099877753756516e+02
-1.219544646018078424e+02
-1.221919611248882802e+02
-1.224296886757149139e+02
-1.226676472542877292e+02
-1.229058368606067262e+02
-1.231442574946719191e+02
-1.233829091564833078e+02
-1.236217918460408640e+02
-1.238609055633446161e+02
-1.181904101432213565e+02
-1.184185769581696519e+02
-1.186469637989761594e+02
-1.188755706656408506e+02
-1.191043975581637540e+02
-1.193334444765448126e+02
-1.195627114207841117e+02
-1.197921983908815804e+02
-1.200219053868372470e+02
-1.115530647415986465e+02
-1.117665634300993105e+02
-1.119802662282448154e+02
-1.121941731360351611e+02
-1.124082841534703476e+02
-1.126225992805503608e+02
-1.128371185172752149e+02
-1.130518418636449240e+02
-1.132667693196594456e+02
-1.049674762604940241e+02
-1.051666555323355823e+02
-1.053660235996954526e+02
-1.055655804625736636e+02
-1.057653261209702009e+02
-1.059652605748850931e+02
-1.061653838243182975e+02
-1.063656958692698282e+02
-1.065661967097397280e+02
-9.826824334107375591e+01
-9.845313185159318436e+01
-9.863819412950971355e+01
-9.882343017482334346e+01
-9.900883998753408832e+01
-9.919442356764191970e+01
-9.938018091514686603e+01
-9.956611203004892729e+01
-9.975221691234807508e+01
-9.129482018943494381e+01
-9.146514634650478115e+01
-9.163563124183842490e+01
-9.180627487543588927e+01
-9.197707724729717427e+01
-9.214803835742225147e+01
-9.231915820581114929e+01
-9.249043679246386773e+01
-9.266187411738039259e+01
-8.320847444512749291e+01
-8.336242166889275040e+01
-8.351651117290180082e+01
-8.367074295715461574e+01
-8.382511702165122358e+01
-8.397963336639159593e+01
-8.413429199137573278e+01
-8.428909289660366255e+01
-8.444403608207535683e+01
-7.828442290308535689e+01
-7.842806404602680459e+01
-7.857183684904427423e+01
-7.871574131213775161e+01
-7.885977743530726514e+01
-7.900394521855281482e+01
-7.914824466187435803e+01
-7.929267576527193739e+01
-7.943723852874555291e+01
-7.234264171759105011e+01
-7.247429347685873324e+01
-7.260606491954392538e+01
-7.273795604564664075e+01
-7.286996685516687933e+01
-7.300209734810461271e+01
-7.313434752445988352e+01
-7.326671738423266333e+01
-7.339920692742295216e+01
-6.558753138130079208e+01
-6.570592042711540159e+01
-6.582441622590191344e+01
-6.594301877766029918e+01
-6.606172808239054461e+01
-6.618054414009269237e+01
-6.629946695076671404e+01
-6.641849651441260960e+01
-6.653763283103039328e+01
-5.988601165467998300e+01
-5.999323817510017420e+01
-6.010056060475152151e+01
-6.020797894363400360e+01
-6.031549319174764179e+01
-6.042310334909241476e+01
-6.053080941566833673e+01
-6.063861139147540769e+01
-6.074650927651362053e+01
-5.431577374504740163e+01
-5.441224936448798388e+01
-5.450881058784998601e+01
-5.460545741513340801e+01
-5.470218984633824988e+01
-5.479900788146451163e+01
-5.489591152051220035e+01
-5.499290076348129475e+01
-5.508997561037182322e+01
-5.782945692776711155e+01
-5.793135905451207890e+01
-5.803335088383339979e+01
-5.813543241573108844e+01
-5.823760365020513063e+01
-5.833986458725553348e+01
-5.844221522688228987e+01
-5.854465556908542112e+01
-5.864718561386489881e+01
-5.342612871011230169e+01
-5.351953103303207371e+01
-5.361301493003301033e+01
-5.370658040111509024e+01
-5.380022744627832054e+01
-5.389395606552271545e+01
-5.398776625884825364e+01
-5.408165802625494933e+01
-5.417563136774278831e+01
-5.422328629755882190e+01
-5.431734230154417986e+01
-5.441147980986574595e+01
-5.450569882252352016e+01
-5.459999933951750961e+01
-5.469438136084770008e+01
-5.478884488651410578e+01
-5.488338991651671961e+01
-5.497801645085554156e+01
-6.028416536958176408e+01
-6.038792469035557531e+01
-6.049177322808619550e+01
-6.059571098277362466e+01
-6.069973795441787701e+01
-6.080385414301893121e+01
-6.090805954857680860e+01
-6.101235417109149495e+01
-6.111673801056299027e+01
-6.017867541762365136e+01
-6.028145710065973617e+01
-6.038432648137758463e+01
-6.048728355977720383e+01
-6.059032833585859379e+01
-6.069346080962176160e+01
-6.079668098106669305e+01
-6.089998885019340236e+01
-6.100338441700187531e+01
-6.542309036690622293e+01
-6.553397696074844703e+01
-6.564495744671076238e+01
-6.575603182479318320e+01
-6.586720009499570949e+01
-6.597846225731832703e+01
-6.608981831176106425e+01
-6.620126825832389272e+01
-6.631281209700684087e+01
-7.081636760129732977e+01
-7.093548680668219220e+01
-7.105470611223962862e+01
-7.117402551796968169e+01
-7.129344502387230875e+01
-7.141296462994753824e+01
-7.153258433619535595e+01
-7.165230414261577607e+01
-7.177212404920877020e+01
-7.806691317666394525e+01
-7.819724191318591977e+01
-7.832767934756988382e+01
-7.845822547981583739e+01
-7.858888030992376628e+01
-7.871964383789369890e+01
-7.885051606372560684e+01
-7.898149698741950431e+01
-7.911258660897537709e+01
-8.663823953395460364e+01
-8.678179916864218058e+01
-8.692547764408695343e+01
-8.706927496028892222e+01
-8.721319111724807271e+01
-8.735722611496441914e+01
-8.750137995343796149e+01
-8.764565263266868556e+01
-8.779004415265660555e+01
-9.437864418593220250e+01
-9.453387221913274630e+01
-9.468922780207299184e+01
-9.484471093475291070e+01
-9.500032161717251711e+01
-9.515605984933182526e+01
-9.531192563123080674e+01
-9.546791896286947576e+01
-9.562403984424784653e+01
-1.075520164555382365e+02
-1.077276115844452420e+02
-1.079033499393953832e+02
-1.080792315203887028e+02
-1.082552563274251725e+02
-1.084314243605047778e+02
-1.086077356196275474e+02
-1.087841901047934812e+02
-1.089607878160025649e+02
-1.152422045742994783e+02
-1.154289828637229789e+02
-1.156159123906277983e+02
-1.158029931550139224e+02
-1.159902251568813654e+02
-1.161776083962301271e+02
-1.163651428730602078e+02
-1.165528285873715930e+02
-1.167406655391642971e+02
-1.219646670448757959e+02
-1.221609094697267466e+02
-1.223573096457230918e+02
-1.225538675728648172e+02
-1.227505832511519230e+02
-1.229474566805843949e+02
-1.231444878611622613e+02
-1.233416767928854938e+02
-1.235390234757541208e+02
-1.304526120811257215e+02
-1.306610028352489223e+02
-1.308695599028231698e+02
-1.310782832838483785e+02
-1.312871729783246337e+02
-1.314962289862519071e+02
-1.317054513076301987e+02
-1.319148399424594800e+02
-1.321243948907398078e+02
-1.346702176224370930e+02
-1.348838103545900537e+02
-1.350975723361345615e+02
-1.353115035670706447e+02
-1.355256040473983035e+02
-1.357398737771175092e+02
-1.359543127562282621e+02
-1.361689209847306188e+02
-1.363836984626245226e+02
-1.366675794181751371e+02
-1.368828039526919440e+02
-1.370981978220116844e+02
-1.373137610261343298e+02
-1.375294935650599371e+02
-1.377453954387884494e+02
-1.379614666473198952e+02
-1.381777071906542176e+02
-1.383941170687915019e+02
-1.270903650955737163e+02
-1.272890990519389618e+02
-1.274879882692076194e+02
-1.276870327473796891e+02
-1.278862324864551709e+02
-1.280855874864340649e+02
-1.282850977473163425e+02
-1.284847632691020465e+02
-1.286845840517911768e+02
-1.112581765050358200e+02
-1.114309376486771868e+02
-1.116038328195828200e+02
-1.117768620177527055e+02
-1.119500252431868716e+02
-1.121233224958853043e+02
-1.122967537758480034e+02
-1.124703190830749691e+02
-1.126440184175662012e+02
-9.208421849596217612e+01
-9.222621420682719418e+01
-9.236831931346328872e+01
-9.251053381587047397e+01
-9.265285771404873572e+01
-9.279529100799807395e+01
-9.293783369771850289e+01
-9.308048578321002253e+01
-9.322324726447260446e+01
-7.487152876288141101e+01
-7.498618654046620691e+01
-7.510093204397114164e+01
-7.521576527339615836e+01
-7.533068622874129971e+01
-7.544569491000656569e+01
-7.556079131719192787e+01
-7.567597545029740047e+01
-7.579124730932298348e+01
-4.165965935978697132e+01
-4.172302005843303618e+01
-4.178642890350663919e+01
-4.184988589500778744e+01
-4.191339103293648094e+01
-4.197694431729271258e+01
-4.204054574807649658e+01
-4.210419532528781161e+01
-4.216789304892667190e+01
-1.305307246296051105e+01
-1.307279009507978706e+01
-1.309252260843085125e+01
-1.311227000301370360e+01
-1.313203227882834234e+01
-1.315180943587477103e+01
-1.317160147415298610e+01
-1.319140839366299112e+01
-1.321123019440478252e+01
1.665958503746503894e+01
1.668458066392785000e+01
1.670959502774183747e+01
1.673462812890699070e+01
1.675967996742332033e+01
1.678475054329081928e+01
1.680983985650949109e+01
1.683494790707933220e+01
1.686007469500034617e+01
5.299139587762599746e+01
5.307036964197417461e+01
5.314940221031665146e+01
5.322849358265343511e+01
5.330764375898451135e+01
5.338685273930990149e+01
5.346612052362958423e+01
5.354544711194357376e+01
5.362483250425187009e+01
8.362506131488487426e+01
8.374885859292318457e+01
8.387274743699556723e+01
8.399672784710199380e+01
8.412079982324246430e+01
8.424496336541699293e+01
8.436921847362557969e+01
8.449356514786821037e+01
8.461800338814488498e+01
1.101867348960089430e+02
1.103487742120324810e+02
1.105109325870685382e+02
1.106732100211170859e+02
1.108356065141781528e+02
1.109981220662517245e+02
1.111607566773378153e+02
1.113235103474363967e+02
1.114863830765474972e+02
1.311504953788296746e+02
1.313420958103546354e+02
1.315338360962091713e+02
1.317257162363932537e+02
1.319177362309069679e+02
1.321098960797502286e+02
1.323021957829230928e+02
1.324946353404255319e+02
1.326872147522575176e+02
1.548670574146740933e+02
1.550918281801525893e+02
1.553167619411100020e+02
1.555418586975463882e+02
1.557671184494617478e+02
1.559925411968560525e+02
1.562181269397293022e+02
1.564438756780815254e+02
1.566697874119126652e+02
1.788855848241400111e+02
1.791435308729131464e+02
1.794016627617789936e+02
1.796599804907376381e+02
1.799184840597890513e+02
1.801771734689332618e+02
1.804360487181702410e+02
1.806951098074999891e+02
1.809543567369225059e+02
1.949782248040008312e+02
1.952575632349521300e+02
1.955371016218310842e+02
1.958168399646377225e+02
1.960967782633719878e+02
1.963769165180339655e+02
1.966572547286235988e+02
1.969377928951408876e+02
1.972185310175858319e+02
2.145292937224951402e+02
2.148346735000360752e+02
2.151402704751428132e+02
2.154460846478153542e+02
2.157521160180537265e+02
2.160583645858579303e+02
2.163648303512279369e+02
2.166715133141637750e+02
2.169784134746654161e+02
2.238894045840030174e+02
2.242060798380115045e+02
2.245229788907861064e+02
2.248401017423267376e+02
2.251574483926335120e+02
2.254750188417063157e+02
2.257928130895452341e+02
2.261108311361502388e+02
2.264290729815213012e+02
2.405019243809099692e+02
2.408399453568493982e+02
2.411782037070697129e+02
2.415166994315708564e+02
2.418554325303528572e+02
2.421944030034157151e+02
2.425336108507594588e+02
2.428730560723840313e+02
2.432127386682894610e+02
2.478921434276633136e+02
2.482383615050762273e+02
2.485848211861719506e+02
2.489315224709504264e+02
2.492784653594117117e+02
2.496256498515557212e+02
2.499730759473825117e+02
2.503207436468920832e+02
2.506686529500844358e+02
2.570632096104216657e+02
2.574199940789996504e+02
2.577770259709261609e+02
2.581343052862011405e+02
2.584918320248247028e+02
2.588496061867967342e+02
2.592076277721173483e+02
2.595658967807864883e+02
2.599244132128041542e+02
2.622123727104948330e+02
2.625740449487162209e+02
2.629359664441658424e+02
2.632981371968437543e+02
2.636605572067499565e+02
2.640232264738843924e+02
2.643861449982471754e+02
2.647493127798381352e+02
2.651127298186573853e+02
2.699660480154524294e+02
2.703361179921699318e+02
2.707064414414743396e+02
2.710770183633654256e+02
2.714478487578433601e+02
2.718189326249080864e+02
2.721902699645596044e+02
2.725618607767979142e+02
2.729337050616230158e+02
2.690244053623339369e+02
2.693909236257703697e+02
2.697576913910879171e+02
2.701247086582866928e+02
2.704919754273666399e+02
2.708594916983277017e+02
2.712272574711699917e+02
2.715952727458934532e+02
2.719635375224980294e+02
2.697854467270116174e+02
2.701507621592757005e+02
2.705163247603031209e+02
2.708821345300938788e+02
2.712481914686480877e+02
2.716144955759656341e+02
2.719810468520465747e+02
2.723478452968909096e+02
2.727148909104985250e+02
2.559347911704310832e+02
2.562792525313603278e+02
2.566239455408174308e+02
2.569688701988023922e+02
2.573140265053152689e+02
2.576594144603559471e+02
2.580050340639244837e+02
2.583508853160209355e+02
2.586969682166451889e+02
2.530857242272404335e+02
2.534243004469423965e+02
2.537631029876468745e+02
2.541021318493538104e+02
2.544413870320632327e+02
2.547808685357751131e+02
2.551205763604894798e+02
2.554605105062063615e+02
2.558006709729256443e+02
2.232095315022611999e+02
2.235063526877695210e+02
2.238033710966569174e+02
2.241005867289233890e+02
2.243979995845689643e+02
2.246956096635935864e+02
2.249934169659972838e+02
2.252914214917800564e+02
2.255896232409419042e+02
2.258880222134828557e+02
2.261866184094028540e+02
2.264854118287019276e+02
2.267844024713800763e+02
2.270835903374373004e+02
2.273829754268735996e+02
2.276825577396890026e+02
2.279823372758834523e+02
1.797850150574068380e+02
1.800214187589944572e+02
1.802579777849589959e+02
1.804946921353003688e+02
1.807315618100186043e+02
1.809685868091137024e+02
1.812057671325856916e+02
1.814431027804345149e+02
1.816805937526602008e+02
1.819182400492627778e+02
1.821560416702422174e+02
1.823939986155985196e+02
1.826321108853316559e+02
1.828703784794416833e+02
1.831088013979285734e+02
1.833473796407923260e+02
1.835861132080329128e+02
1.111441685367143180e+02
1.112886993150455481e+02
1.114333240055134553e+02
1.115780426081180110e+02
1.117228551228592437e+02
1.118677615497371391e+02
1.120127618887516974e+02
1.121578561399029326e+02
1.123030443031908305e+02
1.124483263786154055e+02
1.125937023661766432e+02
1.127391722658745437e+02
1.128847360777091211e+02
1.130303938016803471e+02
1.131761454377882501e+02
1.133219909860328158e+02
1.134679304464140586e+02
4.197874241307876275e+01
4.203273436473545388e+01
4.208676101558986460e+01
4.214082236564200912e+01
4.219491841489186612e+01
4.224904916333944982e+01
4.230321461098476021e+01
4.235741475782779020e+01
4.241164960386853977e+01
4.246591914910701604e+01
4.252022339354321190e+01
4.257456233717713445e+01
4.262893598000878370e+01
4.268334432203814544e+01
4.273778736326523386e+01
4.279226510369004899e+01
4.284677754331258370e+01
-2.740911687476519631e+01
-2.744398852473309347e+01
-2.747888234358208592e+01
-2.751379833131217723e+01
-2.754873648792336738e+01
-2.758369681341565638e+01
-2.761867930778904068e+01
-2.765368397104352738e+01
-2.768871080317911293e+01
-2.772375980419579378e+01
-2.775883097409357703e+01
-2.779392431287245557e+01
-2.782903982053243297e+01
-2.786417749707351277e+01
-2.789933734249568431e+01
-2.793451935679895826e+01
-2.796972353998332750e+01
-1.013079585512572578e+02
-1.014354701416301481e+02
-1.015630619279718161e+02
-1.016907339102822760e+02
-1.018184860885615137e+02
-1.019463184628095576e+02
-1.020742310330263791e+02
-1.022022237992120068e+02
-1.023302967613663981e+02
-1.024584499194895812e+02
-1.025866832735815706e+02
-1.027149968236423234e+02
-1.028433905696718824e+02
-1.029718645116702334e+02
-1.031004186496373478e+02
-1.032290529835732684e+02
-1.033577675134779668e+02
-1.221372373443978177e+02
-1.222893385117009331e+02
-1.224415343281436179e+02
-1.225938247937258865e+02
-1.227462099084477245e+02
-1.228986896723091604e+02
-1.230512640853101658e+02
-1.232039331474507549e+02
-1.233566968587309134e+02
-1.235095552191506414e+02
-1.236625082287099673e+02
-1.238155558874088626e+02
-1.239686981952473559e+02
-1.241219351522253902e+02
-1.242752667583430366e+02
-1.244286930136002525e+02
-1.245822139179970378e+02
-1.229591339578797431e+02
-1.231106547637428008e+02
-1.232622688705947098e+02
-1.234139762784354417e+02
-1.235657769872649965e+02
-1.237176709970834025e+02
-1.238696583078906315e+02
-1.240217389196866833e+02
-1.241739128324715864e+02
-1.243261800462453124e+02
-1.244785405610078612e+02
-1.246309943767592472e+02
-1.247835414934994560e+02
-1.249361819112285161e+02
-1.250889156299464133e+02
-1.252417426496531192e+02
-1.253946629703486622e+02
-8.351060669759104371e+01
-8.361244890088079273e+01
-8.371435316523287895e+01
-8.381631949064728815e+01
-8.391834787712403454e+01
-8.402043832466310391e+01
-8.412259083326452469e+01
-8.422480540292828266e+01
-8.432708203365434940e+01
-8.442942072544278176e+01
-8.453182147829352289e+01
-8.463428429220660121e+01
-8.473680916718203093e+01
-8.483939610321976943e+01
-8.494204510031985933e+01
-8.504475615848227221e+01
-8.514752927770702229e+01
-3.768942732352638103e+01
-3.773491848505145896e+01
-3.778043708394778122e+01
-3.782598312021534781e+01
-3.787155659385415873e+01
-3.791715750486422110e+01
-3.796278585324552779e+01
-3.800844163899807882e+01
-3.805412486212187417e+01
-3.809983552261691386e+01
-3.814557362048319789e+01
-3.819133915572073334e+01
-3.823713212832951314e+01
-3.828295253830953726e+01
-3.832880038566079861e+01
-3.837467567038331850e+01
-3.842057839247707562e+01
5.038075277425141962e+01
5.044094483252411720e+01
5.050117282635400073e+01
5.056143675574105600e+01
5.062173662068529012e+01
5.068207242118670308e+01
5.074244415724529489e+01
5.080285182886106554e+01
5.086329543603400793e+01
5.092377497876413628e+01
5.098429045705143636e+01
5.104484187089591529e+01
5.110542922029757307e+01
5.116605250525640969e+01
5.122671172577241805e+01
5.128740688184561236e+01
5.134813797347597841e+01
1.041400866613148679e+02
1.042632564858699595e+02
1.043864991058296141e+02
1.045098145211938458e+02
1.046332027319626690e+02
1.047566637381360692e+02
1.048801975397140609e+02
1.050038041366966439e+02
1.051274835290837899e+02
1.052512357168755415e+02
1.053750607000718560e+02
1.054989584786727619e+02
1.056229290526782592e+02
1.057469724220883336e+02
1.058710885869029994e+02
1.059952775471222424e+02
1.061195393027460483e+02
1.551505005094912235e+02
1.553321755686358188e+02
1.555139569326716753e+02
1.556958446015987647e+02
1.558778385754171154e+02
1.560599388541267274e+02
1.562421454377275722e+02
1.564244583262196784e+02
1.566068775196030174e+02
1.567894030178776177e+02
1.569720348210434508e+02
1.571547729291005453e+02
1.573376173420489010e+02
1.575205680598884896e+02
1.577036250826193395e+02
1.578867884102414223e+02
1.580700580427547663e+02
1.985719630810731076e+02
1.988021914440656417e+02
1.990325531954492817e+02
1.992630483352239708e+02
1.994936768633897373e+02
1.997244387799465812e+02
1.999553340848945027e+02
2.001863627782335016e+02
2.004175248599635495e+02
2.006488203300846749e+02
2.008802491885969062e+02
2.011118114355001580e+02
2.013435070707945158e+02
2.015753360944799510e+02
2.018072985065564637e+02
2.020393943070240255e+02
2.022716234958826647e+02
2.209378891398729650e+02
2.211915491733286103e+02
2.214453547374976665e+02
2.216993058323801051e+02
2.219534024579759546e+02
2.222076446142852149e+02
2.224620323013078576e+02
2.227165655190439111e+02
2.229712442674933754e+02
2.232260685466561938e+02
2.234810383565324514e+02
2.237361536971221199e+02
2.239914145684251423e+02
2.242468209704416040e+02
2.245023729031714481e+02
2.247580703666146746e+02
2.250139133607713404e+02
2.317553665672389513e+02
2.320188746588446804e+02
2.322825324709569941e+02
2.325463400035759207e+02
2.328102972567014319e+02
2.330744042303335277e+02
2.333386609244722365e+02
2.336030673391175583e+02
2.338676234742694362e+02
2.341323293299278987e+02
2.343971849060929742e+02
2.346621902027646343e+02
2.349273452199429357e+02
2.351926499576277934e+02
2.354581044158192356e+02
2.357237085945172907e+02
2.359894624937219305e+02
2.118580006328735124e+02
2.120965794624150362e+02
2.123352925512866420e+02
2.125741398994883014e+02
2.128131215070200426e+02
2.130522373738818942e+02
2.132914875000737709e+02
2.135308718855957579e+02
2.137703905304477701e+02
2.140100434346298925e+02
2.142498305981420970e+02
2.144897520209843549e+02
2.147298077031566947e+02
2.149699976446590881e+02
2.152103218454915918e+02
2.154507803056541491e+02
2.156913730251467598e+02
1.770909618763583921e+02
1.772884978070626687e+02
1.774861438469813493e+02
1.776838999961144623e+02
1.778817662544620362e+02
1.780797426220240425e+02
1.782778290988004812e+02
1.784760256847913809e+02
1.786743323799966845e+02
1.788727491844164490e+02
1.790712760980506744e+02
1.792699131208993037e+02
1.794686602529623656e+02
1.796675174942399167e+02
1.798664848447318434e+02
1.800655623044382594e+02
1.802647498733591078e+02
1.301008058900162325e+02
1.302445636865797951e+02
1.303884008634838096e+02
1.305323174207282477e+02
1.306763133583131662e+02
1.308203886762385650e+02
1.309645433745043874e+02
1.311087774531106618e+02
1.312530909120573881e+02
1.313974837513445948e+02
1.315419559709722250e+02
1.316865075709403357e+02
1.318311385512488982e+02
1.319758489118979128e+02
1.321206386528873793e+02
1.322655077742172978e+02
1.324104562758876682e+02
8.316184501260008233e+01
8.325288151507692191e+01
8.334396781870393056e+01
8.343510392348106564e+01
8.352628982940836977e+01
8.361752553648582875e+01
8.370881104471342837e+01
8.380014635409118284e+01
8.389153146461909216e+01
8.398296637629715633e+01
8.407445108912536114e+01
8.416598560310373500e+01
8.425756991823223530e+01
8.434920403451090465e+01
8.444088795193972885e+01
8.453262167051867948e+01
8.462440519024781338e+01
2.074277078116197259e+01
2.076526836335412085e+01
2.078777813935775853e+01
2.081030010917288209e+01
2.083283427279948796e+01
2.085538063023758326e+01
2.087793918148716443e+01
2.090050992654823148e+01
2.092309286542078439e+01
2.094568799810482318e+01
2.096829532460034784e+01
2.099091484490736548e+01
2.101354655902586188e+01
2.103619046695584416e+01
2.105884656869731586e+01
2.108151486425027343e+01
2.110419535361471688e+01
-3.606875741064438756e+01
-3.610752018056448520e+01
-3.614630376829870784e+01
-3.618510817384706968e+01
-3.622393339720956362e+01
-3.626277943838619677e+01
-3.630164629737696913e+01
-3.634053397418186648e+01
-3.637944246880091015e+01
-3.641837178123408592e+01
-3.645732191148138668e+01
-3.649629285954283375e+01
-3.653528462541841293e+01
-3.657429720910813131e+01
-3.661333061061198180e+01
-3.665238482992996438e+01
-3.669145986706208618e+01
-5.940504549885941543e+01
-5.946830965807013314e+01
-5.953160748633843014e+01
-5.959493898366432063e+01
-5.965830415004780463e+01
-5.972170298548887502e+01
-5.978513548998753890e+01
-5.984860166354378208e+01
-5.991210150615762586e+01
-5.997563501782904893e+01
-6.003920219855807261e+01
-6.010280304834468268e+01
-6.016643756718887914e+01
-6.023010575509066911e+01
-6.029380761205004546e+01
-6.035754313806700821e+01
-6.042131233314156447e+01
-8.279739989216459151e+01
-8.288478501078428451e+01
-8.297221621860155949e+01
-8.305969351561643066e+01
-8.314721690182888381e+01
-8.323478637723891893e+01
-8.332240194184655024e+01
-8.341006359565174932e+01
-8.349777133865453038e+01
-8.358552517085490763e+01
-8.367332509225286685e+01
-8.376117110284840805e+01
-8.384906320264153123e+01
-8.393700139163223639e+01
-8.402498566982053774e+01
-8.411301603720640685e+01
-8.420109249378987215e+01
-7.108505885473563524e+01
-7.115941561085982414e+01
-7.123381123617176058e+01
-7.130824573067141614e+01
-7.138271909435880502e+01
-7.145723132723391302e+01
-7.153178242929675434e+01
-7.160637240054732899e+01
-7.168100124098562276e+01
-7.175566895061164985e+01
-7.183037552942541026e+01
-7.190512097742688979e+01
-7.197990529461610265e+01
-7.205472848099303462e+01
-7.212959053655771413e+01
-7.220449146131009854e+01
-7.227943125525023049e+01
-7.368095339300276692e+01
-7.375734629439519097e+01
-7.383377877760182173e+01
-7.391025084262263078e+01
-7.398676248945766076e+01
-7.406331371810685482e+01
-7.413990452857025559e+01
-7.421653492084784887e+01
-7.429320489493963464e+01
-7.436991445084561292e+01
-7.444666358856578370e+01
-7.452345230810014698e+01
-7.460028060944870276e+01
-7.467714849261145105e+01
-7.475405595758840605e+01
-7.483100300437952512e+01
-7.490798963298486512e+01
-1.743389883436534404e+01
-1.745181651045410476e+01
-1.746974338925272363e+01
-1.748767947076119711e+01
-1.750562475497952519e+01
-1.752357924190770788e+01
-1.754154293154574873e+01
-1.755951582389364418e+01
-1.757749791895139424e+01
-1.759548921671899890e+01
-1.761348971719646173e+01
-1.763149942038377915e+01
-1.764951832628095474e+01
-1.766754643488798138e+01
-1.768558374620486617e+01
-1.770363026023160558e+01
-1.772168597696819958e+01
2.659699031485283882e+01
2.662408862388478070e+01
2.665120073042641735e+01
2.667832663447774166e+01
2.670546633603875719e+01
2.673261983510946393e+01
2.675978713168985834e+01
2.678696822577994396e+01
2.681416311737972080e+01
2.684137180648918530e+01
2.686859429310834457e+01
2.689583057723719151e+01
2.692308065887572965e+01
2.695034453802395902e+01
2.697762221468187605e+01
2.700491368884948784e+01
2.703221896052678730e+01
7.315652327842165903e+01
7.323041875648067389e+01
7.330435153664875259e+01
7.337832161892589511e+01
7.345232900331210146e+01
7.352637368980737165e+01
7.360045567841170566e+01
7.367457496912511772e+01
7.374873156194759360e+01
7.382292545687913332e+01
7.389715665391972266e+01
7.397142515306939003e+01
7.404573095432813545e+01
7.412007405769593049e+01
7.419445446317278936e+01
7.426887217075872627e+01
7.434332718045372701e+01
8.095762085730598301e+01
8.103870009702286836e+01
8.111981991693981797e+01
8.120098031705680341e+01
8.128218129737386732e+01
8.136342285789098128e+01
8.144470499860815949e+01
8.152602771952538774e+01
8.160739102064268025e+01
8.168879490196002280e+01
8.177023936347742961e+01
8.185172440519490067e+01
8.193325002711242178e+01
8.201481622923002135e+01
8.209642301154765676e+01
8.217807037406535642e+01
8.225975831678312034e+01
1.211339381923198459e+02
1.212542300872476773e+02
1.213745816803863846e+02
1.214949929717359680e+02
1.216154639612964417e+02
1.217359946490678055e+02
1.218565850350500313e+02
1.219772351192431472e+02
1.220979449016471534e+02
1.222187143822620499e+02
1.223395435610877939e+02
1.224604324381244567e+02
1.225813810133719812e+02
1.227023892868303960e+02
1.228234572584996869e+02
1.229445849283798680e+02
1.230657722964709251e+02
1.231870193627728725e+02
1.233083261272856959e+02
1.234296925900093953e+02
1.235511187509439850e+02
1.236726046100894649e+02
1.237941501674458209e+02
1.239157554230130529e+02
1.240374203767911752e+02
1.241591450287801734e+02
1.242809293789800478e+02
1.244027734273908123e+02
1.245246771740124672e+02
1.246466406188449980e+02
1.247686637618884049e+02
1.248907466031426878e+02
1.250128891426078752e+02
1.111443776463941617e+02
1.112529701013491206e+02
1.113616155799637113e+02
1.114703140822379623e+02
1.115790656081718453e+02
1.116878701577653885e+02
1.117967277310185636e+02
1.119056383279313991e+02
1.120146019485038664e+02
1.121236185927359941e+02
1.122326882606277678e+02
1.123418109521791877e+02
1.124509866673902394e+02
1.125602154062609372e+02
1.126694971687912812e+02
1.127788319549812854e+02
1.128882197648309358e+02
1.129976605983402180e+02
1.131071544555091464e+02
1.132167013363377350e+02
1.133263012408259698e+02
1.134359541689738364e+02
1.135456601207813492e+02
1.136554190962485080e+02
1.137652310953753272e+02
1.138750961181617782e+02
1.139850141646078896e+02
1.140949852347136328e+02
1.142050093284790222e+02
1.143150864459040577e+02
1.144252165869887534e+02
1.145353997517330811e+02
1.146456359401370548e+02
7.167807302304346706e+01
7.174699424710408380e+01
7.181594859044585633e+01
7.188493605306875622e+01
7.195395663497281191e+01
7.202301033615800918e+01
7.209209715662434803e+01
7.216121709637182846e+01
7.223037015540045047e+01
7.229955633371022827e+01
7.236877563130114765e+01
7.243802804817319441e+01
7.250731358432639695e+01
7.257663223976075528e+01
7.264598401447624099e+01
7.271536890847286827e+01
7.278478692175065135e+01
7.285423805430957600e+01
7.292372230614964224e+01
7.299323967727085005e+01
7.306279016767321366e+01
7.313237377735670464e+01
7.320199050632135140e+01
7.327164035456712554e+01
7.334132332209406968e+01
7.341103940890212698e+01
7.348078861499135428e+01
7.355057094036170895e+01
7.362038638501321941e+01
7.369023494894587145e+01
7.376011663215966507e+01
7.383003143465460028e+01
7.389997935643067706e+01
1.956466574919341994e+01
1.958318412661811792e+01
1.960171126391860952e+01
1.962024716109489120e+01
1.963879181814696651e+01
1.965734523507483544e+01
1.967590741187849090e+01
1.969447834855794355e+01
1.971305804511318627e+01
1.973164650154422262e+01
1.975024371785104904e+01
1.976884969403366910e+01
1.978746443009207923e+01
1.980608792602628654e+01
1.982472018183628393e+01
1.984336119752207139e+01
1.986201097308365249e+01
1.988066950852102366e+01
1.989933680383419201e+01
1.991801285902314689e+01
1.993669767408789895e+01
1.995539124902844108e+01
1.997409358384477329e+01
1.999280467853689913e+01
2.001152453310481860e+01
2.003025314754852815e+01
2.004899052186803132e+01
2.006773665606332457e+01
2.008649155013441501e+01
2.010525520408129196e+01
2.012402761790396255e+01
2.014280879160242677e+01
2.016159872517668461e+01
-4.014506716762929273e+01
-4.018248102333071614e+01
-4.021991230514099414e+01
-4.025736101306011960e+01
-4.029482714708809254e+01
-4.033231070722492007e+01
-4.036981169347059506e+01
-4.040733010582512463e+01
-4.044486594428850168e+01
-4.048241920886072620e+01
-4.051998989954180530e+01
-4.055757801633173187e+01
-4.059518355923051303e+01
-4.063280652823813455e+01
-4.067044692335461775e+01
-4.070810474457994133e+01
-4.074577999191412658e+01
-4.078347266535715221e+01
-4.082118276490903241e+01
-4.085891029056976009e+01
-4.089665524233934235e+01
-4.093441762021777208e+01
-4.097219742420504929e+01
-4.100999465430118107e+01
-4.104780931050616033e+01
-4.108564139281998706e+01
-4.112349090124267548e+01
-4.116135783577419716e+01
-4.119924219641458052e+01
-4.123714398316381846e+01
-4.127506319602189677e+01
-4.131299983498882966e+01
-4.135095390006461002e+01
-8.818293010810410237e+01
-8.826386900678066638e+01
-8.834484503339238870e+01
-8.842585818793928354e+01
-8.850690847042135090e+01
-8.858799588083859078e+01
-8.866912041919101739e+01
-8.875028208547860231e+01
-8.883148087970135975e+01
-8.891271680185930393e+01
-8.899398985195242062e+01
-8.907530002998068142e+01
-8.915664733594414315e+01
-8.923803176984276320e+01
-8.931945333167656997e+01
-8.940091202144553506e+01
-8.948240783914968688e+01
-8.956394078478899701e+01
-8.964551085836349387e+01
-8.972711805987314904e+01
-8.980876238931797673e+01
-8.989044384669799115e+01
-8.997216243201316388e+01
-9.005391814526352334e+01
-9.013571098644904112e+01
-9.021754095556974562e+01
-9.029940805262562264e+01
-9.038131227761665798e+01
-9.046325363054288005e+01
-9.054523211140427463e+01
-9.062724772020082753e+01
-9.070930045693255295e+01
-9.079139032159947931e+01
-1.027895914906162602e+02
-1.028825296384378021e+02
-1.029755097827111285e+02
-1.030685319234362396e+02
-1.031615960606131637e+02
-1.032547021942418723e+02
-1.033478503243223798e+02
-1.034410404508546861e+02
-1.035342725738387770e+02
-1.036275466932746667e+02
-1.037208628091623552e+02
-1.038142209215018283e+02
-1.039076210302931145e+02
-1.040010631355361710e+02
-1.040945472372310405e+02
-1.041880733353777089e+02
-1.042816414299761618e+02
-1.043752515210263994e+02
-1.044689036085284357e+02
-1.045625976924822851e+02
-1.046563337728879191e+02
-1.047501118497453518e+02
-1.048439319230545550e+02
-1.049377939928155712e+02
-1.050316980590283862e+02
-1.051256441216930000e+02
-1.052196321808093842e+02
-1.053136622363775956e+02
-1.054077342883975774e+02
-1.055018483368693580e+02
-1.055960043817929375e+02
-1.056902024231683015e+02
-1.057844424609954785e+02
-1.025287989998902418e+02
-1.026201386871952650e+02
-1.027115190422150306e+02
-1.028029400649495244e+02
-1.028944017553987607e+02
-1.029859041135627535e+02
-1.030774471394414746e+02
-1.031690308330349382e+02
-1.032606551943431441e+02
-1.033523202233660783e+02
-1.034440259201037549e+02
-1.035357722845561739e+02
-1.036275593167233495e+02
-1.037193870166052392e+02
-1.038112553842018713e+02
-1.039031644195132600e+02
-1.039951141225393769e+02
-1.040871044932802363e+02
-1.041791355317358381e+02
-1.042712072379061681e+02
-1.043633196117912405e+02
-1.044554726533910554e+02
-1.045476663627056126e+02
-1.046399007397348981e+02
-1.047321757844789403e+02
-1.048244914969377248e+02
-1.049168478771112234e+02
-1.050092449249994786e+02
-1.051016826406024762e+02
-1.051941610239202163e+02
-1.052866800749526703e+02
-1.053792397936998952e+02
-1.054718401801618484e+02
-9.048580190227723108e+01
-9.056524509973313286e+01
-9.064472315598563057e+01
-9.072423607103475263e+01
-9.080378384488045640e+01
-9.088336647752277031e+01
-9.096298396896168015e+01
-9.104263631919721433e+01
-9.112232352822931603e+01
-9.120204559605805628e+01
-9.128180252268336403e+01
-9.136159430810529614e+01
-9.144142095232382417e+01
-9.152128245533894813e+01
-9.160117881715069643e+01
-9.168111003775901224e+01
-9.176107611716395240e+01
-9.184107705536550270e+01
-9.192111285236363472e+01
-9.200118350815837687e+01
-9.208128902274972916e+01
-9.216142939613767737e+01
-9.224160462832220730e+01
-9.232181471930336158e+01
-9.240205966908111179e+01
-9.248233947765547214e+01
-9.256265414502641420e+01
-9.264300367119398061e+01
-9.272338805615814294e+01
-9.280380729991890121e+01
-9.288426140247626961e+01
-9.296475036383023394e+01
-9.304527418398080840e+01
-6.723572313058942029e+01
-6.729391068846965140e+01
-6.735212341397870262e+01
-6.741036130711660235e+01
-6.746862436788333639e+01
-6.752691259627891895e+01
-6.758522599230333583e+01
-6.764356455595660123e+01
-6.770192828723870093e+01
-6.776031718614964916e+01
-6.781873125268943170e+01
-6.787717048685806276e+01
-6.793563488865552813e+01
-6.799412445808182781e+01
-6.805263919513697601e+01
-6.811117909982095853e+01
-6.816974417213380377e+01
-6.822833441207545491e+01
-6.828694981964598298e+01
-6.834559039484533116e+01
-6.840425613767352786e+01
-6.846294704813055887e+01
-6.852166312621642419e+01
-6.858040437193113803e+01
-6.863917078527470039e+01
-6.869796236624709707e+01
-6.875677911484834226e+01
-6.881562103107842177e+01
-6.887448811493734979e+01
-6.893338036642511213e+01
-6.899229778554170878e+01
-6.905124037228715395e+01
-6.911020812666143343e+01
-6.391986292864307018e+01
-6.397440206083474123e+01
-6.402896445065208297e+01
-6.408355009809510250e+01
-6.413815900316377849e+01
-6.419279116585812517e+01
-6.424744658617814252e+01
-6.430212526412383056e+01
-6.435682719969517507e+01
-6.441155239289219026e+01
-6.446630084371489033e+01
-6.452107255216324688e+01
-6.457586751823725990e+01
-6.463068574193695781e+01
-6.468552722326231219e+01
-6.474039196221335146e+01
-6.479527995879004720e+01
-6.485019121299239941e+01
-6.490512572482043652e+01
-6.496008349427414430e+01
-6.501506452135350855e+01
-6.507006880605854349e+01
-6.512509634838924910e+01
-6.518014714834562540e+01
-6.523522120592767237e+01
-6.529031852113537582e+01
-6.534543909396874994e+01
-6.540058292442779475e+01
-6.545575001251251024e+01
-6.551094035822288220e+01
-6.556615396155893905e+01
-6.562139082252065236e+01
-6.567665094110805057e+01
-6.462469988424327028e+01
-6.467907489466333004e+01
-6.473347277094143237e+01
-6.478789351307757727e+01
-6.484233712107176473e+01
-6.489680359492399475e+01
-6.495129293463425313e+01
-6.500580514020255407e+01
-6.506034021162889758e+01
-6.511489814891328365e+01
-6.516947895205571228e+01
-6.522408262105616927e+01
-6.527870915591468304e+01
-6.533335855663122516e+01
-6.538803082320580984e+01
-6.544272595563843709e+01
-6.549744395392910690e+01
-6.555218481807781927e+01
-6.560694854808456000e+01
-6.566173514394935751e+01
-6.571654460567218337e+01
-6.577137693325305179e+01
-6.582623212669196278e+01
-6.588111018598891633e+01
-6.593601111114389823e+01
-6.599093490215693691e+01
-6.604588155902800395e+01
-6.610085108175711355e+01
-6.615584347034426571e+01
-6.621085872478946044e+01
-6.626589684509269773e+01
-6.632095783125396338e+01
-6.637604168327328580e+01
-5.727190963615785080e+01
-5.731943819187250710e+01
-5.736698646079982211e+01
-5.741455444293978871e+01
-5.746214213829240691e+01
-5.750974954685769092e+01
-5.755737666863562652e+01
-5.760502350362621371e+01
-5.765269005182946671e+01
-5.770037631324537131e+01
-5.774808228787393460e+01
-5.779580797571514950e+01
-5.784355337676903019e+01
-5.789131849103555538e+01
-5.793910331851474638e+01
-5.798690785920658897e+01
-5.803473211311109026e+01
-5.808257608022824314e+01
-5.813043976055806183e+01
-5.817832315410052502e+01
-5.822622626085565400e+01
-5.827414908082343459e+01
-5.832209161400387387e+01
-5.837005386039697186e+01
-5.841803582000272144e+01
-5.846603749282112972e+01
-5.851405887885219670e+01
-5.856209997809591528e+01
-5.861016079055229255e+01
-5.865824131622132853e+01
-5.870634155510301611e+01
-5.875446150719736238e+01
-5.880260117250436736e+01
-6.491728410202067323e+01
-6.497042964774479401e+01
-6.502359693878223368e+01
-6.507678597513297802e+01
-6.512999675679702705e+01
-6.518322928377438075e+01
-6.523648355606505334e+01
-6.528975957366901639e+01
-6.534305733658629833e+01
-6.539637684481688495e+01
-6.544971809836079046e+01
-6.550308109721798644e+01
-6.555646584138850130e+01
-6.560987233087232084e+01
-6.566330056566944506e+01
-6.571675054577988817e+01
-6.577022227120362174e+01
-6.582371574194067421e+01
-6.587723095799103135e+01
-6.593076791935469316e+01
-6.598432662603167387e+01
-6.603790707802195925e+01
-6.609150927532554931e+01
-6.614513321794244405e+01
-6.619877890587264346e+01
-6.625244633911616177e+01
-6.630613551767298475e+01
-6.635984644154311241e+01
-6.641357911072654474e+01
-6.646733352522328175e+01
-6.652110968503333766e+01
-6.657490759015669823e+01
-6.662872724059336349e+01
-6.049175294887526633e+01
-6.054061543106337240e+01
-6.058949763972793079e+01
-6.063839957486896282e+01
-6.068732123648644006e+01
-6.073626262458037672e+01
-6.078522373915077992e+01
-6.083420458019763544e+01
-6.088320514772095038e+01
-6.093222544172072475e+01
-6.098126546219695854e+01
-6.103032520914965886e+01
-6.107940468257880440e+01
-6.112850388248441647e+01
-6.117762280886648796e+01
-6.122676146172501177e+01
-6.127591984105999501e+01
-6.132509794687144478e+01
-6.137429577915934686e+01
-6.142351333792370838e+01
-6.147275062316452932e+01
-6.152200763488180257e+01
-6.157128437307554947e+01
-6.162058083774574158e+01
-6.166989702889240021e+01
-6.171923294651551117e+01
-6.176858859061508866e+01
-6.181796396119111847e+01
-6.186735905824360771e+01
-6.191677388177255636e+01
-6.196620843177795734e+01
-6.201566270825982485e+01
-6.206513671121815179e+01
