-2.079822064558373151e-02
-3.490992443172707960e-02
-5.749906060380625961e-02
-7.414941379270457988e-02
-1.048595516219514440e-01
-1.484876120817789080e-01
-1.945302836680302405e-01
-2.443829211313943706e-01
-2.852753033380910908e-01
-3.401466759821430430e-01
-4.004214465596128703e-01
-4.841628988771012887e-01
-5.424435680821261263e-01
-6.259656451508033292e-01
-1.334655148323942386e+00
-1.681316459959530496e+00
-2.060489635108029738e+00
-2.416171478811501405e+00
-2.787338040947728413e+00
-3.317445765695625770e+00
-3.588274624102379740e+00
-3.989886852360519764e+00
-4.360371263370369732e+00
-4.770648849686200954e+00
-5.075215735197460276e+00
-5.307534117123455353e+00
-5.734567962877048508e+00
-6.034262136780491836e+00
-6.518004199305662105e+00
-7.179235970986040272e+00
-8.018193285696373351e+00
-8.793259132436235248e+00
-1.007017812797402811e+01
-1.115832066873862871e+01
-1.269406123550208143e+01
-1.413859077826774069e+01
-1.615987916816790104e+01
-1.744587185845245969e+01
-1.974800588415061497e+01
-2.264235192173895683e+01
-2.652131312726073631e+01
-2.990875224172221536e+01
-3.270544986242253316e+01
-3.680717177106070181e+01
-4.041230994516546104e+01
-4.243338302240662330e+01
-4.294780528456976043e+01
-4.554953381731083084e+01
-4.566631774961361856e+01
-4.745436052989585818e+01
-4.554050545771453073e+01
-4.726749968479738584e+01
-4.726275710837523292e+01
-4.798582657688676534e+01
-4.842974101347475369e+01
-5.142441687599482947e+01
-5.487060161910239486e+01
-5.860104737848342893e+01
-6.204351215198193614e+01
-6.567301511843919570e+01
-6.718028680516103179e+01
-6.852875169630321750e+01
-7.324912096216178270e+01
-7.577169244688920458e+01
-7.509459791905578641e+01
-7.954644200223310690e+01
-7.825228369674097451e+01
-7.765494133036590085e+01
-7.718536622770619715e+01
-7.828203731759772666e+01
-7.663532026087021620e+01
-7.325765262412487289e+01
-7.548346942341861165e+01
-7.123016136195211345e+01
-6.864561702722892278e+01
-6.345963849181319461e+01
-6.014303765407223779e+01
-5.665284047989583627e+01
-5.141943960519641621e+01
-5.197653176779993345e+01
-5.732585872476430211e+01
-5.136948970520326441e+01
-6.319501080530680781e+01
-6.047642147848878835e+01
-6.891941912840711382e+01
-8.758501007993741894e+01
-1.006516099552897145e+02
-1.213846209575809496e+02
-1.308742864680669129e+02
-1.471322961037911909e+02
-1.518708735957117142e+02
-1.673173015579831144e+02
-1.707057616732577401e+02
-1.717459850494053342e+02
-1.813154575831986222e+02
-1.782770887036915326e+02
-1.810938713067183699e+02
-1.848482712627981641e+02
-1.889488103551244365e+02
-1.924890116534821800e+02
-1.858571318193691582e+02
-1.866476636081926301e+02
-1.844122876704836926e+02
-1.783019704750480230e+02
-1.619504951303435121e+02
-1.356158121594576755e+02
-1.306363548692261816e+02
-1.323936893053721917e+02
-8.563690541041141557e+01
-9.785772756095195746e+01
-6.281379367377962808e+01
-6.237049488188863933e+01
-2.513543633875229233e+01
5.642412285931732718e+00
1.483785139084474736e+01
1.130990025713835401e+01
1.273891966668273668e+01
-7.247225301146882259e+01
-1.321818814802227848e+02
-2.029827575164782729e+02
-3.066397636452594497e+02
-3.732337161286833407e+02
-4.270251713249762702e+02
-5.003371589573353049e+02
-5.434073657193952158e+02
-6.109332128393756420e+02
-6.769291149004735644e+02
-7.215225747932182685e+02
-7.375097629365712919e+02
-7.681271021157166388e+02
-7.239967700304276832e+02
-7.562919849060043589e+02
-7.386763887186908732e+02
-6.999027277902189326e+02
-6.829450271866975299e+02
-5.808170320066517434e+02
-5.250591517817449585e+02
-3.842777095800827283e+02
-2.797768906101931066e+02
-1.817807148046614145e+02
-6.960193264673713998e+01
7.051728422925027928e+01
2.140378006431260758e+02
3.693273925671480242e+02
4.926604363771198223e+02
5.718843095821670204e+02
5.893261997869187780e+02
6.012064528414152846e+02
5.560408664187930299e+02
5.513133636384952752e+02
3.909964168544332779e+02
2.515484012059091299e+02
2.988795927602918212e+01
-9.950605425293723272e+01
-3.450044514149922179e+02
-5.178807090442753633e+02
-6.830233783519878443e+02
-8.441421358244446083e+02
-1.023382377021887237e+03
-1.106152996533097848e+03
-1.225474254465283138e+03
-1.231060222059615853e+03
-1.417224521573247330e+03
-1.469427632084193647e+03
-1.487123485822465227e+03
-1.402230495952587262e+03
-1.410902396294349273e+03
-1.284819110213320073e+03
-1.282621664504409864e+03
-9.779248586756742725e+02
-1.427833614654555277e+03
-4.929393752574528094e+02
7.654991250720140670e+02
1.871131813738670644e+03
2.894026918643632598e+03
3.993620988282201324e+03
4.271765866774093411e+03
3.937659245761064994e+03
2.956900480391847395e+03
1.757567286869534655e+03
3.645950784733524301e+02
-7.341524214137016315e+02
-1.803269580258948508e+03
-2.366659887682782028e+03
-2.565546656439232720e+03
-2.666702886143354135e+03
-2.195202298124885601e+03
-1.622962064575160866e+03
-3.683350834228339181e+02
4.139280388715700383e+02
1.487037104184224518e+03
2.494256463951106980e+03
3.437437960936481431e+03
3.748809296204459315e+03
3.563792899956952624e+03
3.118137013301219667e+03
2.557641411603572578e+03
1.925100347070608677e+03
5.439517470714351930e+02
1.017275755518032838e+02
-1.355249965470125744e+03
-1.656819680521352439e+03
-9.459506627685486819e+02
-2.069706068331585982e+02
1.068120666817963411e+03
1.521760198366106806e+03
1.955098230797545511e+03
1.211256452217118294e+03
6.988412803970020377e+02
-3.303886420623656477e+02
-3.311181759552084714e+02
-6.814414267255661173e+01
-2.516948295552285799e+02
-7.373333837925611078e+01
2.279563365454002621e+02
4.874730609085515254e-01
7.322600217446215698e-01
1.964695180807115360e+00
3.013263235282327646e+00
2.162248302007566902e+00
3.596408752297245659e+00
5.141709436973376235e+00
5.716982613135829894e+00
6.201395423570102317e+00
5.359878114463250576e+00
5.357800289100773661e+00
5.343651168017081510e+00
6.456664917634141077e+00
4.470681243456750664e+00
6.007246729244815953e+00
-3.124796278616082112e+00
-9.722924550529628007e+00
-2.073669506763498660e+01
-3.024502195522165948e+01
-4.623034527371080316e+01
-5.300060206918655581e+01
-6.507308518200741787e+01
-7.800777004328146802e+01
-8.477542151631853073e+01
-9.876677824736707123e+01
-9.760349397341985878e+01
-1.057000303603171147e+02
-1.051832519645993358e+02
-1.046207737420112949e+02
-9.337559096799425618e+01
-9.371619225889324412e+01
-8.403985202900200591e+01
-7.017364231771377092e+01
-7.040115112667035646e+01
-6.154256943347262876e+01
-5.251531109557163290e+01
-4.276992600823374602e+01
-3.791950545448882082e+01
-4.517126084078155657e+01
-4.288275519492415100e+01
-5.635825502763687211e+01
-7.052628035926798589e+01
-1.026450692308273318e+02
-1.073659121307000675e+02
-1.312470904146590271e+02
-1.533457698254443926e+02
-1.616760743543879926e+02
-1.705301347662225169e+02
-1.594296130793858595e+02
-1.566661191388572263e+02
-1.289522293588644573e+02
-9.565375101850942485e+01
-5.180446833955482333e+01
1.619277476814104944e-01
3.432325055219471466e+01
6.143141232790818407e+01
8.051201097068904744e+01
4.311217525433472986e+01
-9.492136350871525963e+00
-4.956439896977660453e+01
-1.046926722893484794e+02
-1.834377875140660308e+02
-2.637067007605764957e+02
-3.620302107270213696e+02
-4.248665256506362198e+02
-5.050300211458833815e+02
-5.925956217900283036e+02
-6.490458562045542976e+02
-7.419630424000459925e+02
-7.421909217439844042e+02
-8.099579644871183746e+02
-8.402848073167515395e+02
-8.909480018430197106e+02
-9.390933866222876532e+02
-8.991633129726679954e+02
-8.930261936458730361e+02
-8.353653975618659615e+02
-7.991572477172443314e+02
-6.896090295963371091e+02
-6.560535821243024657e+02
-5.812766282344036881e+02
-4.856142194097168954e+02
-4.369351831036594831e+02
-3.911464466037459715e+02
-3.427983789452059682e+02
-3.577766693214930456e+02
-3.407659977145580683e+02
-3.717365675271928467e+02
-3.738250822328685103e+02
-5.430192118705242592e+02
-5.388270312375686899e+02
-6.419864077222284777e+02
-7.194401818442182730e+02
-7.876289075431520814e+02
-9.080224084154548336e+02
-9.718270196661051159e+02
-1.095800396144380329e+03
-1.142931162196821788e+03
-1.224799285045967281e+03
-1.318787334138955202e+03
-1.341063246165449300e+03
-1.361020786394439028e+03
-1.377051653156482644e+03
-1.370817106570292026e+03
-1.356309980771988421e+03
-1.359683456170924728e+03
-1.314929825723274917e+03
-1.321521350642082552e+03
-1.253233473793872236e+03
-1.089624771619034846e+03
-1.032756520672158331e+03
-8.988138371286966049e+02
-5.992030628127708951e+02
-3.372195470795280698e+02
-1.184851075974734584e+02
-1.065220308070217214e+01
1.186670088079642227e+02
2.593479046673572839e+02
2.887235282356450625e+02
2.499795723496631297e+02
2.459760840906353394e+02
6.209646549112030556e+01
4.761841720194646399e+01
-6.489114423568048551e+01
-1.960311425477539160e+02
-4.663500711764066295e+02
-6.515675614144151950e+02
-8.741023428347937170e+02
-1.058252441585851329e+03
-1.194456793235387295e+03
-1.340130699309050442e+03
-1.465216424630172469e+03
-1.491442351213136817e+03
-1.710518838664308987e+03
-1.745738396970731856e+03
-1.900241309504708170e+03
-1.980834301813857792e+03
-2.017703976104574849e+03
-1.936275059746799570e+03
-1.904332804361774606e+03
-1.949708118383903184e+03
-1.774877307909218644e+03
-1.670460839837246112e+03
-1.392490779985825839e+03
-1.059797486126007016e+03
-8.560190579684008298e+02
-7.441211723420019553e+02
-4.240019032700297998e+02
-3.607895444718861881e+02
3.811026517667703217e+01
1.854950121531149705e+02
2.105647559360676837e+02
1.803221133558832889e+02
1.923742484102068602e+02
1.916728919214628490e+02
1.502295487689975175e+02
4.041990565856021078e+01
-3.143630911620845723e+02
-2.984219932560989719e+02
-5.663289918842160660e+02
-6.306092264825923621e+02
-6.977135612970323564e+02
-9.354023240833262207e+02
-1.054250228961890116e+03
-1.164048879042053386e+03
-1.074226965348618478e+03
-1.463680100225972637e+03
-1.450610271945876775e+03
-1.686956528902558148e+03
-1.610451511827245668e+03
-2.843809540610186104e+03
-2.973316218943085005e+03
-2.547328135710507013e+03
-2.132921162546234882e+03
-1.521571962531329746e+03
-1.085666870792952523e+03
-4.558012188860776632e+02
1.889556919643418951e+02
6.002377455320046238e+02
3.418451660218053689e+02
6.551300036005719676e+02
4.264193556115412775e+02
1.145241137990486493e+02
-2.046587331352895944e+02
-4.091188817379456850e+02
-7.137039702741935798e+02
-1.064318964879503255e+03
-1.194692060373598224e+03
-1.094973645268037444e+03
-1.056162608432704474e+03
-7.993289979442799904e+02
-6.935381760765731087e+02
-4.799178633785327293e+02
-4.674001799652327236e+02
-2.084623605935263058e+01
4.153068221348129363e+00
4.365872350738525398e+01
4.070048268856383515e+02
1.858157464576046891e+02
5.096370138161561414e+01
6.159527211782558709e+01
5.431726955500366216e+01
6.627996606722363993e+01
4.721804935210944620e+01
2.609754872293724759e+01
9.963376145145385721e+00
-2.696863870832406818e+01
4.668283229499357923e+00
-1.709985482877505447e+01
-1.575906563587623488e+01
-4.284144218481510613e+00
-1.052180044020551897e+01
2.539766898610553980e+01
9.169909723765469778e+01
6.890176062713346994e+01
7.129175007926653507e+01
1.178486388390758890e+02
-9.026288170498823149e+00
3.077130796635342502e+00
1.192179752423426038e+02
-1.584104042083178143e+01
-1.704428888306817100e+02
-2.167295335867661379e+02
-3.231377609394576211e+02
-3.660273042196254778e+02
-5.404501416873202970e+02
-6.853787747474104890e+02
-8.622291389384074591e+02
-1.101696073229820968e+03
-1.039723366300314638e+03
-1.314231320488530173e+03
-1.394548351824133078e+03
-1.534348220037133387e+03
-1.568123346230214111e+03
-1.716986938998598589e+03
-1.869085380901898816e+03
-2.027958218854013921e+03
-1.969550681862182728e+03
-2.084983006779452808e+03
-2.063084567042760682e+03
-2.157136284625413737e+03
-2.143142218450791006e+03
-2.204354529346609979e+03
-2.258862526419673941e+03
-2.409019600173323397e+03
-2.570485254605675436e+03
-2.711215124561555513e+03
-2.846314543140810656e+03
-2.901591351547076556e+03
-2.844348773533717576e+03
-2.734810357650012065e+03
-2.653912037097722077e+03
-2.271255870239550404e+03
-2.111087704999220477e+03
-1.681131793705474820e+03
-1.460456986330088512e+03
-1.001547209130502097e+03
-1.125052384522888360e+03
-1.139593874810629359e+03
-1.065554770205435716e+03
-9.240116514251183162e+02
-8.764623988338846630e+02
-7.501717752191703994e+02
-1.060909683783687797e+03
-1.042921592122443826e+03
-9.217304443466226758e+02
-1.122980652467474556e+03
-1.161313046018969317e+03
-1.444412285457632152e+03
-1.634527680653029847e+03
-1.696496960631411866e+03
-2.034984619823763296e+03
-1.952687213310220613e+03
-2.155946334725877023e+03
-2.220181844625408758e+03
-2.497931214357717181e+03
-2.242820818043488998e+03
-2.263956318881980678e+03
-2.422462828817145692e+03
-2.300907518351370527e+03
-2.011572663560307092e+03
-1.821273605467548578e+03
-1.672690013184683494e+03
-1.445828757932793224e+03
-1.153437767041067900e+03
-9.699295014126428214e+02
-5.738238211017453523e+02
-1.704399915006798381e+02
-4.520492680171287816e+02
-2.701168842273965538e+02
-1.432988853671666334e+02
-4.385865690018950858e+01
-8.102133694790754248e+01
-2.348271001735049879e+02
-4.192393641353177713e+02
-3.520758112388352288e+02
-3.314007474677451910e+02
-5.033377538061740779e+02
-4.262663114519053806e+02
-7.270335026099419338e+02
-8.210303843920100917e+02
-9.330395361383158388e+02
-1.090434143668807565e+03
-1.073902109256062658e+03
-1.237126304120939949e+03
-1.365837733369599619e+03
-1.399055114632820050e+03
-1.397355335501115860e+03
-1.391531337294770765e+03
-1.510652981872487089e+03
-1.363537779791285175e+03
-1.238660113728811893e+03
-1.068745023890440052e+03
-7.947471930202984822e+02
-5.637474895657920797e+02
-5.241694556455511247e+02
-2.855186962786090135e+02
-1.878165280012674430e+02
4.940773163316274719e+01
2.597043464610329622e+01
1.210768953698070476e+02
1.064272209761245307e+02
1.751446132541643976e+02
2.423084566374164410e+02
2.380278667277855220e+02
1.678060619471480663e+02
1.358230591836739620e+02
1.267567416528545721e+02
-5.716427034296837917e+01
-1.596702301080960922e+02
-1.018102295242723265e+01
-6.339175112266114098e+01
-1.413415844120181930e+02
-1.313327015713697108e+02
-2.828330999539327308e+02
-3.424374942842283076e+02
-3.005761379332409433e+02
-3.357384050059811216e+02
-2.441223245804258397e+02
-4.367518055176798271e+02
-4.249999828750057418e+02
-5.412076927028720092e+02
-5.435844938619748064e+02
-5.155183474961515913e+02
-4.256245866084045701e+02
-4.929716510758972277e+02
-3.347112952497664651e+02
-4.662987243998217082e+02
-2.521883118012142688e+02
-2.731944265724220031e+02
-2.320531866819505353e+02
-8.475142056013359593e+01
-8.788395184052025400e+01
-3.411045546040389098e+01
2.282680388108916603e+00
4.200143554272671764e+01
5.794300581990271581e+01
-7.747166954124368843e+00
-1.384966624433846993e+00
4.684388689954277396e+01
4.034425650240240202e+01
2.913711964273440458e+01
3.651629932690841684e+01
-6.821057418736877764e+01
-5.649744611017366935e+01
-1.123250667466992780e+02
-3.031641792979388228e+01
-9.526332665486611617e+00
1.122312783189865826e+01
-1.926464441291061860e+02
-3.330740136333827195e+02
-2.100599724987476975e+02
-2.832917068185315088e+02
-3.202618191703530783e+02
-3.098767844526371391e+02
-1.518342266699969230e+02
-1.151022044437789447e+02
-2.007321505888383797e+02
-2.372808902607084391e+01
3.799138258483917951e+01
-3.590936935948528941e+01
8.175156888563938651e+01
1.086375859813762332e+02
4.776319253839029955e+01
6.026592698698521389e+01
-1.083916166748967136e+01
-4.898527953668855872e+01
-2.862756343065842657e+01
-4.269029691025092177e+01
-8.261814271831190126e+01
-3.460906795002740921e+01
-7.939266335332487756e+01
-2.385282229659739528e+01
-5.867612584298914413e+01
-2.715312579588019659e+01
-6.279911299442201766e+01
-8.640909838625651673e+01
-7.962403405865698858e+01
