-8.618097709580024857e-03
-6.118527249902555587e-02
-2.178193170007484622e-02
-3.904881121357988566e-02
-6.111914222036166078e-02
-8.429967676969558898e-02
-1.185053389043166372e-01
-1.686368825429408747e-01
-2.228660933329365545e-01
-2.896436635687860139e-01
-3.386988548800223819e-01
-3.992693961409075065e-01
-4.780581946854047803e-01
-5.752189034654598965e-01
-6.549971473841085245e-01
-7.386101997600030833e-01
-1.534748084490909381e+00
-1.822423513148705876e+00
-2.146956437678028351e+00
-2.431528014068072174e+00
-2.760003707179035093e+00
-3.146475415853125845e+00
-3.412374658390763482e+00
-3.811391126053544909e+00
-4.229731045399362621e+00
-4.747808276774967418e+00
-5.190973846947280812e+00
-5.706430019501275375e+00
-6.400515669206824576e+00
-7.036948402840912387e+00
-7.813571937007041335e+00
-8.732759765331707058e+00
-9.950852417707423569e+00
-1.117386849501460055e+01
-1.266311245657871787e+01
-1.432298278162907579e+01
-1.607250117511459564e+01
-1.795946904926103116e+01
-2.021501099029583770e+01
-2.232914326896988655e+01
-2.509274119508062739e+01
-2.838903745619582253e+01
-3.298899766483771856e+01
-3.676429358610350562e+01
-4.107769438242781490e+01
-4.530982546296704072e+01
-4.956858252777776386e+01
-5.122485591441066077e+01
-5.196739995601141970e+01
-5.437952747051527780e+01
-5.553466531285628349e+01
-5.826955163814503180e+01
-5.951134953258098648e+01
-6.427969129103463786e+01
-6.664489833863193269e+01
-6.940133299605176376e+01
-7.142938635822571314e+01
-7.526298463231589153e+01
-7.799942918896880428e+01
-8.134184021564703926e+01
-8.215130191356013256e+01
-8.372636749641468157e+01
-8.363027587219619363e+01
-8.487422748345467483e+01
-9.029138562182707517e+01
-9.307229577886424465e+01
-9.380485856505571007e+01
-9.914950103311549867e+01
-9.936923120607738724e+01
-9.982400600380158551e+01
-1.007749534124733515e+02
-1.008259691782182728e+02
-9.905848845179858131e+01
-9.668338822376834685e+01
-9.269160384159266641e+01
-8.495976982230008900e+01
-7.772190385026013359e+01
-6.739277195537785303e+01
-5.840520601070239337e+01
-5.433243378833211779e+01
-4.937551099130169519e+01
-4.679914965798140969e+01
-5.830474662045148904e+01
-5.761413722496943990e+01
-7.416455127122090119e+01
-7.357924799721885734e+01
-8.762973126930377532e+01
-1.062322809796259975e+02
-1.204467640146020670e+02
-1.387406781160550224e+02
-1.422768873722614273e+02
-1.544297482120102529e+02
-1.600712704605785177e+02
-1.731009337463560769e+02
-1.728119678981561833e+02
-1.710099677710427386e+02
-1.852415810346836338e+02
-1.808426940831528782e+02
-1.852175204622965907e+02
-1.904408757062301447e+02
-1.945645789786074147e+02
-2.007032658080021577e+02
-1.972823298100966554e+02
-1.979542167167127502e+02
-1.903247345851465298e+02
-1.777859473953618021e+02
-1.574568931191214745e+02
-1.205529293317917165e+02
-1.049695835856386452e+02
-9.819904086226006257e+01
-4.321135138243155893e+01
-4.723050634449406715e+01
-4.343345738984723425e+00
-4.682846077513763916e+00
1.484681328534414213e+01
1.438299168218579993e+01
-1.807386911402562646e+01
-6.604092833131230122e+01
-1.016543237759256186e+02
-2.317857943579601852e+02
-3.101041614329936920e+02
-4.080060077877886897e+02
-5.326565800708335701e+02
-6.004122744902875866e+02
-6.603637947136614912e+02
-7.061542602595314975e+02
-7.390270726660219225e+02
-7.943020152307174158e+02
-8.329817718634767516e+02
-8.574154841531975535e+02
-8.473612015438177423e+02
-8.665708590279018608e+02
-7.918409024521725996e+02
-8.149596105719064099e+02
-7.687616293756690311e+02
-7.038646458513547941e+02
-6.477544836756113682e+02
-5.408818240736376310e+02
-4.225408520021551908e+02
-2.833127941585769349e+02
-1.477719827202344902e+02
-1.983140078469300249e+01
1.085299818240171135e+02
2.934282694291734401e+02
4.503296020009489098e+02
5.997576415005703439e+02
6.702128519165472653e+02
7.107191478726078913e+02
6.876003750484674129e+02
6.445466072136130151e+02
5.324140519114564540e+02
4.295469522868316403e+02
1.852323238126538456e+02
8.979622225871308316e+00
-2.312150735660154055e+02
-4.333769050406110068e+02
-6.943790672645581026e+02
-8.787044982107348687e+02
-1.036456723763606988e+03
-1.136417940767055597e+03
-1.297750339370430538e+03
-1.349335984673491339e+03
-1.437423020683511368e+03
-1.390260361221639869e+03
-1.484573122797751694e+03
-1.515548562022778924e+03
-1.423761199710538222e+03
-1.273997045955104568e+03
-1.229433334924690826e+03
-1.037672630477487473e+03
-8.926342438287769028e+02
-5.561188224353358009e+02
-3.551912269686712307e+02
8.831549343310921358e+02
2.314182306004774091e+03
3.564297800426530557e+03
4.532619346508467970e+03
5.257637293275661250e+03
5.023722726472774411e+03
4.135929048930051067e+03
2.579945200349512106e+03
1.027740618082146284e+03
-6.783558885391670401e+02
-1.802819651261974059e+03
-2.860640686683251261e+03
-3.293597815548755989e+03
-3.206145957919667580e+03
-2.867770742369506024e+03
-2.081508886492097645e+03
-1.205658890252097081e+03
2.843398416148177716e+02
1.286540649866877402e+03
2.372129006511301213e+03
3.321897281746445969e+03
4.107504009810683783e+03
4.247227911590581243e+03
3.830710714726351853e+03
3.022729575976659817e+03
2.177104012333826176e+03
1.442681804089225125e+03
6.015659553245975388e+01
-3.988107614633162257e+02
-2.275204634045069724e+03
-2.196463633597295484e+03
-8.366329188820146783e+02
1.884676600300221239e+01
1.196696798119097366e+03
1.799420236692693379e+03
1.934346952357458576e+03
9.824748245154803499e+02
3.338199975161180646e+02
-8.180866563205245257e+02
-7.595376620773790819e+02
-3.309694723798759810e+02
-4.375508089309783486e+02
-1.756362770321511562e+02
1.591581026594399084e+01
