-1.325660976881244723e-03
4.284279279567714677e-03
1.758485825730850619e-03
2.476696416235071863e-02
2.515271954372460747e-02
4.886272396959372155e-02
6.087726861956731933e-02
8.969805402576472297e-02
9.732171424673302651e-02
1.372057282488061691e-01
1.711744545445067767e-01
2.090273692668307426e-01
2.615097769559074359e-01
2.910755911722744949e-01
6.206070200498502443e-01
7.461597127320676037e-01
8.731165968680887346e-01
9.614860966023631716e-01
1.095448174047324752e+00
1.131602029409045196e+00
1.307863849329168104e+00
1.344327120123520292e+00
1.400982055287330885e+00
1.551767635237308651e+00
1.674133341034544697e+00
1.743170451412532129e+00
1.847614836863055610e+00
2.047712406623616310e+00
2.173480769956506631e+00
2.437035637595269755e+00
2.849151702489301830e+00
2.978430397501531601e+00
3.239551378199600595e+00
3.427570158751137352e+00
3.854224353069965581e+00
4.141981785397859106e+00
4.116304488784281901e+00
4.607539199594856250e+00
5.187506001153945334e+00
6.778225458684910443e+00
8.656388022654963876e+00
1.101140703706096957e+01
1.460465452000908293e+01
1.720186513258919447e+01
2.125921623439108288e+01
2.512827061757265668e+01
2.810305686955305404e+01
3.434123603401796743e+01
3.826704400095736958e+01
4.296846670649029676e+01
4.792110038442567088e+01
4.989202210371878721e+01
5.459047748248030985e+01
5.383557689929980938e+01
5.480566276550526084e+01
5.633444485023468928e+01
5.776296998205749134e+01
5.606228401985993059e+01
5.824308901236905456e+01
5.951055561497659596e+01
5.850383961439602132e+01
6.004015940974548471e+01
6.026227720768421392e+01
6.240829800957956763e+01
6.122858832353376357e+01
6.085433864332362219e+01
6.112775531581377209e+01
5.911201759074600659e+01
5.314172503429753647e+01
4.662304080901540715e+01
3.266848948729045787e+01
1.719997127380889168e+01
-3.900967638563118012e+00
-2.704477091497892260e+01
-6.116172525327688447e+01
-1.003599900148320074e+02
-1.392142920360760741e+02
-1.872520346425855848e+02
-2.344566032572827226e+02
-2.676159646542694759e+02
-3.090310644891268907e+02
-3.320635215676292091e+02
-3.492525474006922082e+02
-3.581797762423447011e+02
-3.596172672796491838e+02
-3.601720709480222240e+02
-3.511454655862468712e+02
-3.373114194957756240e+02
-3.331656690351049974e+02
-3.225810095827958435e+02
-3.090882274703363919e+02
-3.046602807449157240e+02
-2.922153143219127855e+02
-2.838300138419255632e+02
-2.716370551290906974e+02
-2.768900174789498010e+02
-2.601381397176627388e+02
-2.573509846429111008e+02
-2.586604447811272962e+02
-2.467860252425716396e+02
-2.477736552922144995e+02
-2.367162916329446318e+02
-2.364375851078239350e+02
-2.487659092216755710e+02
-2.459398819050081499e+02
-2.636186010769121140e+02
-2.694017963165733249e+02
-2.644982327948155216e+02
-3.094241757954206946e+02
-3.351069395977948489e+02
-3.702044700887578301e+02
-3.984193873803509973e+02
-4.483132974687858905e+02
-5.413498886712950480e+02
-5.910884449682113200e+02
-6.359477666122103301e+02
-6.699884788792367090e+02
-7.265898257426885039e+02
-6.828839671809948868e+02
-6.890054147107633753e+02
-6.932339924555485595e+02
-6.508161353521480805e+02
-5.972067457415034823e+02
-5.668563471798870523e+02
-5.057310076687364244e+02
-5.077748733942885906e+02
-4.454322139337625686e+02
-3.804145217221220605e+02
-3.278316020628471961e+02
-2.813158707791204165e+02
-2.418803639120103810e+02
-1.916278472219397599e+02
-1.352207267428929356e+02
-1.219621325299764152e+02
-1.499307534285487122e+02
-1.026037516941887162e+02
-1.859335599172183322e+02
-2.300416515310603529e+02
-2.950208375725057408e+02
-4.650720843377563938e+02
-5.571988773761166840e+02
-7.693823222635396633e+02
-9.965614210981412953e+02
-1.244315192617466437e+03
-1.563095926054165147e+03
-1.982560826990446003e+03
-2.213287310988418085e+03
-2.533473854240633955e+03
-2.850001073226434983e+03
-3.091396428181803913e+03
-3.314072695484577707e+03
-3.467129139672525525e+03
-3.471287889448876285e+03
-3.655478958081067503e+03
-3.519201756512626162e+03
-3.468363422120316500e+03
-3.362431725780204033e+03
-3.280677333400808948e+03
-3.124172887949561755e+03
-2.946850053523749011e+03
-2.795957205593238996e+03
-2.568784013387404684e+03
-2.308985812450619051e+03
-2.242191117942178153e+03
-2.085487413519934307e+03
-1.829157866852042162e+03
-1.753030428785591312e+03
-1.524463628764151508e+03
-1.393108374758696300e+03
-1.245460067150250097e+03
-2.033751548038691226e+03
-1.420595373572623885e+03
-1.102785882139251044e+03
-8.988375644999221095e+02
-1.066329859178017841e+03
-1.432889186314503604e+03
-1.367310332476355597e+03
-1.634867742571865847e+03
-1.652719533400355658e+03
-1.323220075076726744e+03
-6.479046272380090841e+02
9.779697890033413898e+01
9.339153420562663541e+02
2.136497298218255310e+03
2.952971894675568365e+03
3.655347539610290369e+03
4.592201259504546215e+03
5.323940548996090911e+03
5.201945215878103227e+03
5.269565317337861416e+03
5.221096300688552219e+03
4.580336785413733196e+03
3.896703932478231309e+03
3.308260604651532958e+03
2.732163657344065541e+03
2.237368080695991921e+03
1.921504050946366760e+03
1.770962108281968085e+03
1.815207063038477600e+03
9.759105490826856339e+02
3.240005067208328910e+03
4.225026867943794969e+03
5.014367053027271140e+03
5.391540937982183095e+03
4.951580486353791457e+03
4.337553760915153362e+03
3.486864101965420559e+03
2.975621270697090040e+03
2.948404390306466667e+03
2.526577773066490408e+03
2.265711322963176826e+03
2.030422185365975565e+03
1.844310358594883382e+03
1.453770489098077405e+03
1.338283045038400132e+03
