0.000000000000000000e+00
0.000000000000000000e+00
0.000000000000000000e+00
0.000000000000000000e+00
0.000000000000000000e+00
0.000000000000000000e+00
0.000000000000000000e+00
0.000000000000000000e+00
0.000000000000000000e+00
0.000000000000000000e+00
0.000000000000000000e+00
0.000000000000000000e+00
0.000000000000000000e+00
0.000000000000000000e+00
0.000000000000000000e+00
0.000000000000000000e+00
0.000000000000000000e+00
0.000000000000000000e+00
0.000000000000000000e+00
0.000000000000000000e+00
0.000000000000000000e+00
0.000000000000000000e+00
0.000000000000000000e+00
0.000000000000000000e+00
0.000000000000000000e+00
0.000000000000000000e+00
0.000000000000000000e+00
0.000000000000000000e+00
-1.326682375046741528e-03
-1.415127866716524253e-03
-1.506426438762751554e-03
-1.600578091185423648e-03
-1.697582823984540319e-03
-2.383422919237221122e-03
-2.519618514622205038e-03
-2.659597320990105245e-03
-2.803359338340921745e-03
-2.950904566674654537e-03
-9.562733957677440949e-04
-1.004087065556131348e-03
-1.053066922412527941e-03
-1.103212966336933982e-03
-1.154525197329349688e-03
-9.267805226855853383e-04
-9.679707681382779911e-04
-1.010056453709507309e-03
-1.053037579399273725e-03
-1.096914145207576697e-03
1.943873095319010322e-03
2.021628019131770527e-03
2.100907549293801364e-03
2.181711685805101317e-03
2.264040428665670818e-03
1.818668355893247011e-03
1.884801750653001531e-03
1.952116098890608643e-03
2.020611400606068565e-03
2.090287655799381080e-03
3.074821639547132418e-03
3.177315694198703730e-03
3.281489979254398771e-03
3.387344494714218408e-03
3.494879240578161773e-03
8.118397644975640023e-03
8.368194495590276089e-03
8.621776146971800447e-03
8.879142599120211365e-03
9.140293852035512312e-03
1.646772870695291033e-02
1.693823524143727929e-02
1.741536862852001780e-02
1.789912886820112931e-02
1.838951596048061382e-02
1.675195401926233771e-02
1.719867279310933680e-02
1.765126944555958297e-02
1.810974397661307619e-02
1.857409638626982343e-02
2.736323241816771348e-02
2.804731322862190693e-02
2.873983948118047013e-02
2.944081117584341004e-02
3.015022831261071970e-02
3.069694150662024418e-02
3.141922248324660605e-02
3.214990207588024757e-02
3.288898028452117567e-02
3.363645710916938342e-02
3.213801010129532787e-02
3.285218810354634256e-02
3.357421421571218922e-02
3.430408843779288869e-02
3.504181076978843401e-02
3.818136812057078278e-02
3.898518639679332543e-02
3.979737778005985188e-02
4.061794227037036215e-02
4.144687986772485622e-02
4.510708176341773207e-02
4.600922339868608602e-02
4.692029712935313207e-02
4.784030295541889105e-02
4.876924087688332826e-02
4.970711089374647146e-02
5.065391300600830676e-02
5.160964721366884111e-02
5.257431351672807451e-02
5.893771729825441480e-02
6.001914330372697115e-02
6.111040045470383236e-02
6.221148875118497762e-02
6.332240819317042080e-02
6.444315878066016190e-02
6.557374051365419398e-02
6.671415339215253093e-02
6.786439741615517274e-02
6.795465220854148003e-02
6.910642597478794391e-02
7.026787851217934644e-02
7.143900982071567374e-02
7.261981990039692580e-02
7.381030875122310264e-02
7.501047637319420425e-02
7.622032276631024450e-02
7.743984793057120952e-02
8.022721436398798367e-02
8.149063506263347356e-02
8.276392623548710359e-02
8.404708788254891538e-02
8.534012000381890894e-02
8.664302259929705652e-02
8.795579566898338586e-02
8.927843921287786921e-02
9.061095323098052046e-02
9.323726301644515158e-02
9.460839923727523693e-02
9.598954375168801401e-02
9.738069655968348282e-02
9.878185766126167111e-02
1.001930270564225511e-01
1.016142047451661368e-01
1.030453907274924141e-01
1.044865850034013971e-01
9.734117258934149586e-02
9.868380945264276782e-02
1.000356424588433463e-01
1.013966716079432590e-01
1.027668968999424920e-01
1.041463183348410454e-01
1.055349359126389330e-01
1.069327496333361410e-01
1.083397594969326694e-01
1.099769156032846529e-01
1.114051872344961475e-01
1.128426735213928778e-01
1.142893744639748438e-01
1.157452900622420455e-01
1.172104203161944552e-01
1.186847652258321423e-01
1.201683247911550373e-01
1.216610990121631680e-01
1.136702506358679976e-01
1.150649776375350930e-01
1.164682090721391589e-01
1.178799449396802507e-01
1.193001852401583268e-01
1.207289299735734012e-01
1.221661791399254460e-01
1.236119327392145306e-01
1.250661907714405718e-01
1.321901348666970621e-01
1.337272294581702825e-01
1.352732089894785883e-01
1.368280734606220350e-01
1.383918228716005672e-01
1.399644572224142125e-01
1.415459765130629710e-01
1.431363807435468150e-01
1.447356699138657721e-01
1.375656619593168817e-01
1.390857245224032535e-01
1.406141390775945132e-01
1.421509056248906055e-01
1.436960241642915859e-01
1.452494946957974542e-01
1.468113172194081828e-01
1.483814917351237717e-01
1.499600182429442485e-01
1.528501580163938445e-01
1.544591070481453887e-01
1.560764798968170552e-01
1.577022765624088996e-01
1.593364970449209217e-01
1.609791413443530661e-01
1.626302094607054161e-01
1.642897013939779161e-01
1.659576171441705938e-01
1.629324615884327754e-01
1.645699737652009387e-01
1.662156735028529342e-01
1.678695608013887897e-01
1.695316356608084774e-01
1.712018980811120250e-01
1.728803480622993771e-01
1.745669856043705892e-01
1.762618107073256335e-01
1.617489506575868485e-01
1.633042290292943954e-01
1.648669489243115849e-01
1.664371103426383336e-01
1.680147132842747526e-01
1.695997577492207031e-01
1.711922437374763240e-01
1.727921712490415040e-01
1.743995402839163267e-01
1.634853771120272914e-01
1.649921547812625566e-01
1.665058442746686351e-01
1.680264455922455269e-01
1.695539587339932042e-01
1.710883836999116947e-01
1.726297204900009985e-01
1.741779691042610878e-01
1.757331295426919904e-01
1.919976773457509056e-01
1.936967718355362966e-01
1.954033513230740426e-01
1.971174158083641992e-01
1.988389652914066552e-01
2.005679997722015218e-01
2.023045192507487156e-01
2.040485237270482644e-01
2.058000132011001682e-01
2.078218091120158095e-01
2.095905053597776624e-01
2.113666960831655783e-01
2.131503812821796684e-01
2.149415609568198215e-01
2.167402351070860933e-01
2.185464037329784559e-01
2.203600668344969649e-01
2.221812244116415647e-01
2.502559920029021612e-01
2.523072706258767672e-01
2.543669218146594191e-01
2.564349455692501722e-01
2.585113418896489157e-01
2.605961107758557604e-01
2.626892522278707065e-01
2.647907662456936428e-01
2.669006528293246805e-01
2.567653486670158358e-01
2.587951142691266582e-01
2.608328710743954004e-01
2.628786190828220071e-01
2.649323582944065336e-01
2.669940887091490356e-01
2.690638103270494019e-01
2.711415231481076882e-01
2.732272271723238943e-01
3.222947310113106201e-01
3.247549961335343682e-01
3.272246158759946622e-01
3.297035902386916684e-01
3.321919192216251648e-01
3.346896028247952626e-01
3.371966410482019616e-01
3.397130338918452619e-01
3.422387813557251635e-01
3.464503208447946569e-01
3.490071497809185685e-01
3.515733788234253199e-01
3.541490079723148554e-01
3.567340372275872862e-01
3.593284665892424457e-01
3.619322960572804448e-01
3.645455256317012283e-01
3.671681553125048514e-01
3.506175003748756014e-01
3.531219110918389914e-01
3.556352343024570262e-01
3.581574700067298167e-01
3.606886182046571965e-01
3.632286788962392765e-01
3.657776520814760568e-01
3.683355377603675374e-01
3.709023359329136627e-01
3.715912775697465809e-01
3.741628435044852541e-01
3.767432769079644972e-01
3.793325777801841991e-01
3.819307461211443044e-01
3.845377819308449796e-01
3.871536852092861136e-01
3.897784559564677065e-01
3.924120941723897582e-01
3.296847190618976131e-01
3.318973681831184352e-01
3.341174174686242226e-01
3.363448669184150308e-01
3.385797165324908597e-01
3.408219663108517650e-01
3.430716162534976355e-01
3.453286663604285822e-01
3.475931166316444942e-01
3.321528136810477094e-01
3.343166756594259104e-01
3.364875631637078701e-01
3.386654761938936997e-01
3.408504147499833437e-01
3.430423788319768019e-01
3.452413684398740745e-01
3.474473835736752170e-01
3.496604242333801182e-01
3.852552954251924899e-01
3.876936200797823084e-01
3.901396366102541369e-01
3.925933450166079752e-01
3.950547452988437680e-01
3.975238374569615152e-01
4.000006214909612168e-01
4.024850974008429838e-01
4.049772651866067052e-01
4.927168110961314684e-01
4.957489145490306948e-01
4.987903189327671516e-01
5.018410242473406724e-01
5.049010304927512571e-01
5.079703376689990169e-01
5.110489457760838405e-01
5.141368548140058392e-01
5.172340647827649018e-01
6.118742577545671635e-01
6.155381754656723547e-01
6.192130302445718604e-01
6.228988220912657914e-01
6.265955510057539257e-01
6.303032169880364854e-01
6.340218200381134706e-01
6.377513601559847700e-01
6.414918373416502728e-01
9.449058882656311553e-01
9.504155435907950533e-01
9.559412153558578540e-01
9.614829035608193353e-01
9.670406082056796082e-01
9.726143292904385618e-01
9.782040668150961960e-01
9.838098207796526218e-01
9.894315911841078393e-01
1.312588372193207009e+00
1.320046260671577487e+00
1.327525276312776059e+00
1.335025419116803169e+00
1.342546689083658373e+00
1.350089086213341893e+00
1.357652610505853730e+00
1.365237261961193660e+00
1.372843040579361684e+00
1.746330504575924536e+00
1.756005465820112521e+00
1.765707153476577362e+00
1.775435567545318838e+00
1.785190708026336948e+00
1.794972574919631914e+00
1.804781168225203736e+00
1.814616487943052414e+00
1.824478534073177505e+00
2.250452178556496374e+00
2.262616784927071745e+00
2.274814179994064212e+00
2.287044363757473331e+00
2.299307336217298658e+00
2.311603097373540638e+00
2.323931647226199715e+00
2.336292985775275000e+00
2.348687113020767381e+00
2.609558078515714197e+00
2.623328833547459382e+00
2.637135827408235489e+00
2.650979060098042517e+00
2.664858531616880466e+00
2.678774241964749336e+00
2.692726191141649128e+00
2.706714379147579397e+00
2.720738805982541031e+00
3.171059962684544153e+00
3.187405632595289084e+00
3.203793322223028373e+00
3.220223031567762018e+00
3.236694760629489576e+00
3.253208509408211491e+00
3.269764277903927763e+00
3.286362066116637948e+00
3.303001874046342490e+00
3.735416087478176550e+00
3.754234304543557776e+00
3.773099803561364762e+00
3.792012584531597064e+00
3.810972647454255124e+00
3.829979992329338945e+00
3.849034619156847636e+00
3.868136527936782532e+00
3.887285718669142742e+00
4.143938134644862714e+00
4.164351622992866986e+00
4.184815267331898347e+00
4.205329067661956799e+00
4.225893023983042340e+00
4.246507136295154972e+00
4.267171404598294693e+00
4.287885828892460616e+00
4.308650409177654517e+00
4.664476459424886201e+00
4.686955864048620413e+00
4.709489305702700968e+00
4.732076784387126089e+00
4.754718300101896666e+00
4.777413852847013587e+00
4.800163442622475074e+00
4.822967069428282905e+00
4.845824733264435302e+00
5.087307466104399545e+00
5.111304199435080520e+00
5.135357395667715430e+00
5.159467054802306052e+00
5.183633176838851497e+00
5.207855761777349990e+00
5.232134809617803306e+00
5.256470320360212334e+00
5.280862294004575297e+00
5.183560448078866401e+00
5.207502990564218948e+00
5.231500700198155940e+00
5.255553576980675601e+00
5.279661620911779707e+00
5.303824831991467370e+00
5.328043210219739478e+00
5.352316755596594255e+00
5.376645468122033478e+00
5.379960572371169647e+00
5.404304285368324301e+00
5.428702950313553544e+00
5.453156567206858263e+00
5.477665136048236683e+00
5.502228656837690579e+00
5.526847129575219952e+00
5.551520554260823026e+00
5.576248930894502465e+00
5.353626751788661764e+00
5.377367890377525050e+00
5.401161553609284738e+00
5.425007741483939050e+00
5.448906454001489763e+00
5.472857691161935989e+00
5.496861452965276840e+00
5.520917739411514980e+00
5.545026550500647744e+00
5.731208290431359487e+00
5.756126587346278356e+00
5.781098936966001745e+00
5.806125339290530540e+00
5.831205794319862967e+00
5.856340302054000801e+00
5.881528862492941379e+00
5.906771475636689139e+00
5.932068141485239643e+00
5.957625592403222647e+00
5.983031245249292418e+00
6.008490952675884955e+00
6.034004714683001147e+00
6.059572531270640994e+00
6.085194402438804495e+00
6.110870328187491651e+00
6.136600308516702462e+00
6.162384343426436040e+00
5.999808958649174073e+00
6.024912761823438601e+00
6.050068973772596337e+00
6.075277594496649058e+00
6.100538623995595877e+00
6.125852062269436793e+00
6.151217909318170918e+00
6.176636165141800028e+00
6.202106829740322347e+00
6.205919258968411789e+00
6.231405580360480201e+00
6.256944127820974089e+00
6.282534901349893453e+00
6.308177900947240957e+00
6.333873126613013049e+00
6.359620578347212394e+00
6.385420256149838103e+00
6.411272160020890176e+00
6.221770395493424921e+00
6.246858179346221007e+00
6.271996441637352149e+00
6.297185182366819234e+00
6.322424401534622262e+00
6.347714099140760347e+00
6.373054275185234374e+00
6.398444929668044345e+00
6.423886062589189372e+00
6.147096818100620474e+00
6.171441755994088396e+00
6.195834806413037299e+00
6.220275969357468071e+00
6.244765244827378936e+00
6.269302632822771670e+00
6.293888133343645386e+00
6.318521746390000082e+00
6.343203471961835760e+00
6.139235358735182224e+00
6.163123434061000161e+00
6.187057893999100777e+00
6.211038738549484961e+00
6.235065967712151824e+00
6.259139581487102255e+00
6.283259579874336254e+00
6.307425962873852043e+00
6.331638730485652289e+00
5.981762561958297475e+00
6.004637370990642431e+00
6.027555834238698118e+00
6.050517951702464536e+00
6.073523723381942574e+00
6.096573149277130454e+00
6.119666229388028178e+00
6.142802963714636633e+00
6.165983352256956707e+00
6.244534826259432236e+00
6.268010521094994125e+00
6.291530260386157813e+00
6.315094044132921525e+00
6.338701872335287923e+00
6.362353744993255233e+00
6.386049662106824343e+00
6.409789623675994363e+00
6.433573629700766183e+00
6.182559883252479516e+00
6.205415927183173253e+00
6.228314140936616283e+00
6.251254524512809496e+00
6.274237077911753779e+00
6.297261801133449133e+00
6.320328694177893780e+00
6.343437757045088610e+00
6.366588989735033621e+00
6.290188016933163873e+00
6.313061427903829959e+00
6.335976351417092367e+00
6.358932787472951986e+00
6.381930736071407040e+00
6.404970197212459304e+00
6.428051170896107891e+00
6.451173657122352800e+00
6.474337655891194032e+00
6.523960458257406003e+00
6.547301998358506125e+00
6.570685219781214670e+00
6.594110122525533413e+00
6.617576706591460578e+00
6.641084971978997054e+00
6.664634918688141951e+00
6.688226546718896159e+00
6.711859856071260566e+00
6.389052686283794635e+00
6.411549350672118841e+00
6.434085552256203044e+00
6.456661291036049910e+00
6.479276567011656773e+00
6.501931380183026299e+00
6.524625730550157598e+00
6.547359618113049784e+00
6.570133042871704632e+00
6.125949162737867937e+00
6.147182955329679288e+00
6.168453484586875923e+00
6.189760750509455178e+00
6.211104753097419717e+00
6.232485492350766876e+00
6.253902968269498430e+00
6.275357180853612604e+00
6.296848130103112062e+00
5.560566662651037717e+00
5.579544705868276999e+00
5.598555079653176669e+00
5.617597784005738504e+00
5.636672818925962503e+00
5.655780184413846889e+00
5.674919880469393441e+00
5.694091907092600380e+00
5.713296264283468595e+00
5.077514440173055199e+00
5.094581715602209293e+00
5.111677627399531687e+00
5.128802175565024157e+00
5.145955360098685816e+00
5.163137181000518439e+00
5.180347638270520250e+00
5.197586731908692137e+00
5.214854461915033212e+00
3.689514590031619967e+00
3.701731525760201702e+00
3.713968654770979150e+00
3.726225977063952310e+00
3.738503492639122072e+00
3.750801201496487547e+00
3.763119103636049179e+00
3.775457199057806967e+00
3.787815487761760025e+00
1.948726661254379211e+00
1.955084660149173148e+00
1.961453014091027125e+00
1.967831723079941142e+00
1.974220787115914977e+00
1.980620206198948630e+00
1.987029980329042544e+00
1.993450109506196055e+00
1.999880593730409606e+00
-2.804817804838257156e-01
-2.813836511606225832e-01
-2.822869694629038806e-01
-2.831917353906696078e-01
-2.840979489439197092e-01
-2.850056101226542959e-01
-2.859147189268733125e-01
-2.868252753565767033e-01
-2.877372794117645238e-01
-3.306089238620948390e+00
-3.316568126857465160e+00
-3.327063595613342972e+00
-3.337575644888582271e+00
-3.348104274683183945e+00
-3.358649484997146661e+00
-3.369211275830470864e+00
-3.379789647183156553e+00
-3.390384599055204173e+00
-8.586770727214613430e+00
-8.613604385737160030e+00
-8.640479906441488112e+00
-8.667397289327597676e+00
-8.694356534395490499e+00
-8.721357641645166581e+00
-8.748400611076624145e+00
-8.775485442689864968e+00
-8.802612136484887273e+00
-1.251985067974975152e+01
-1.255843265410953613e+01
-1.259707398535295120e+01
-1.263577467347999495e+01
-1.267453471849066915e+01
-1.271335412038497381e+01
-1.275223287916291071e+01
-1.279117099482447628e+01
-1.283016846736967409e+01
-1.829038651016636408e+01
-1.834598039013647508e+01
-1.840165863107770861e+01
-1.845742123299006465e+01
-1.851326819587354677e+01
-1.856919951972814786e+01
-1.862521520455387503e+01
-1.868131525035072471e+01
-1.873749965711869692e+01
-2.219294310896300360e+01
-2.225948866551161842e+01
-2.232613384115686017e+01
-2.239287863589873595e+01
-2.245972304973723865e+01
-2.252666708267237183e+01
-2.259371073470413549e+01
-2.266085400583252962e+01
-2.272809689605755068e+01
-2.642153360330631529e+01
-2.649970382106757683e+01
-2.657798950443852704e+01
-2.665639065341917657e+01
-2.673490726800951123e+01
-2.681353934820953810e+01
-2.689228689401925720e+01
-2.697114990543866853e+01
-2.705012838246777207e+01
-3.115460933168337121e+01
-3.124557169469558460e+01
-3.133666665590461164e+01
-3.142789421531044525e+01
-3.151925437291309606e+01
-3.161074712871254988e+01
-3.170237248270882091e+01
-3.179413043490189850e+01
-3.188602098529178974e+01
-3.335936381818173402e+01
-3.345550031333499419e+01
-3.355177513438056280e+01
-3.364818828131843986e+01
-3.374473975414861826e+01
-3.384142955287111221e+01
-3.393825767748590039e+01
-3.403522412799300412e+01
-3.413232890439241629e+01
-3.648969813658724348e+01
-3.659350951108677918e+01
-3.669746834492509180e+01
-3.680157463810218843e+01
-3.690582839061805487e+01
-3.701022960247270532e+01
-3.711477827366612559e+01
-3.721947440419833697e+01
-3.732431799406931816e+01
-3.787822210983782867e+01
-3.798462161014636251e+01
-3.809117033836556487e+01
-3.819786829449544285e+01
-3.830471547853598935e+01
-3.841171189048721146e+01
-3.851885753034909499e+01
-3.862615239812166124e+01
-3.873359649380488889e+01
-3.961754710829298176e+01
-3.972744321677645019e+01
-3.983749153593649339e+01
-3.994769206577311849e+01
-4.005804480628630415e+01
-4.016854975747605039e+01
-4.027920691934237851e+01
-4.039001629188527431e+01
-4.050097787510473779e+01
-4.064086653193224663e+01
-4.075221137174575858e+01
-4.086370853008158832e+01
-4.097535800693972874e+01
-4.108715980232019405e+01
-4.119911391622297714e+01
-4.131122034864807802e+01
-4.142347909959548957e+01
-4.153589016906521891e+01
-4.025057531565889235e+01
-4.035950786049152583e+01
-4.046858761146582850e+01
-4.057781456858180036e+01
-4.068718873183943430e+01
-4.079671010123873032e+01
-4.090637867677969552e+01
-4.101619445846232281e+01
-4.112615744628661929e+01
-3.977206308890662001e+01
-3.987840550358284020e+01
-3.998488989745088418e+01
-4.009151627051075195e+01
-4.019828462276244352e+01
-4.030519495420595888e+01
-4.041224726484130514e+01
-4.051944155466846809e+01
-4.062677782368745483e+01
-3.925230825932181489e+01
-3.935601316885767176e+01
-3.945985489225835607e+01
-3.956383342952385362e+01
-3.966794878065417862e+01
-3.977220094564933106e+01
-3.987658992450930384e+01
-3.998111571723409696e+01
-4.008577832382371042e+01
-3.744181953704389088e+01
-3.753957885698395813e+01
-3.763746563366448328e+01
-3.773547986708548763e+01
-3.783362155724695697e+01
-3.793189070414889841e+01
-3.803028730779131195e+01
-3.812881136817418337e+01
-3.822746288529753400e+01
-3.686873686394151406e+01
-3.696388199133233599e+01
-3.705914972842339239e+01
-3.715454007521470459e+01
-3.725005303170625837e+01
-3.734568859789806083e+01
-3.744144677379010488e+01
-3.753732755938239762e+01
-3.763333095467493195e+01
-3.540677407585592817e+01
-3.549709747911066415e+01
-3.558753594402559628e+01
-3.567808947060072455e+01
-3.576875805883604897e+01
-3.585954170873157665e+01
-3.595044042028729336e+01
-3.604145419350321333e+01
-3.613258302837932945e+01
-3.496278589636314393e+01
-3.505096442321399763e+01
-3.513925400614400729e+01
-3.522765464515317291e+01
-3.531616634024150159e+01
-3.540478909140897912e+01
-3.549352289865561971e+01
-3.558236776198141627e+01
-3.567132368138636878e+01
-3.489158193209306802e+01
-3.497859335835764227e+01
-3.506571314256276395e+01
-3.515294128470844726e+01
-3.524027778479467798e+01
-3.532772264282146324e+01
-3.541527585878880302e+01
-3.550293743269669022e+01
-3.559070736454514616e+01
-3.310634896492918955e+01
-3.318799224227796429e+01
-3.326973606553480778e+01
-3.335158043469971290e+01
-3.343352534977268675e+01
-3.351557081075372224e+01
-3.359771681764282647e+01
-3.367996337043999233e+01
-3.376231046914521983e+01
-3.194065166396806177e+01
-3.201855569241676847e+01
-3.209655461005967680e+01
-3.217464841689680810e+01
-3.225283711292814814e+01
-3.233112069815370404e+01
-3.240949917257346868e+01
-3.248797253618744918e+01
-3.256654078899564553e+01
-3.144884684911197326e+01
-3.152471861473106429e+01
-3.160068179211595663e+01
-3.167673638126665736e+01
-3.175288238218316295e+01
-3.182911979486547338e+01
-3.190544861931359222e+01
-3.198186885552751590e+01
-3.205838050350724444e+01
-3.049513804100330105e+01
-3.056791880005104289e+01
-3.064078630612982934e+01
-3.071374055923966040e+01
-3.078678155938053962e+01
-3.085990930655247055e+01
-3.093312380075543544e+01
-3.100642504198945559e+01
-3.107981303025452036e+01
-2.872526440002223325e+01
-2.879309265126195783e+01
-2.886100088864700908e+01
-2.892898911217739055e+01
-2.899705732185310225e+01
-2.906520551767414418e+01
-2.913343369964051277e+01
-2.920174186775221514e+01
-2.927013002200924774e+01
-2.825069914376318536e+01
-2.831670545017384555e+01
-2.838278877677868550e+01
-2.844894912357770167e+01
-2.851518649057089760e+01
-2.858150087775827330e+01
-2.864789228513982522e+01
-2.871436071271555690e+01
-2.878090616048546480e+01
-2.860631878977893905e+01
-2.867246056732755832e+01
-2.873867872106272969e+01
-2.880497325098444250e+01
-2.887134415709270030e+01
-2.893779143938750664e+01
-2.900431509786885798e+01
-2.907091513253675430e+01
-2.913759154339119561e+01
-2.726701292021664358e+01
-2.732940883078922312e+01
-2.739187605097388101e+01
-2.745441458077062791e+01
-2.751702442017945316e+01
-2.757970556920036387e+01
-2.764245802783335648e+01
-2.770528179607843455e+01
-2.776817687393559098e+01
-2.660213608529274509e+01
-2.666239007416090345e+01
-2.672271222364995680e+01
-2.678310253375990158e+01
-2.684356100449073423e+01
-2.690408763584246188e+01
-2.696468242781508096e+01
-2.702534538040859147e+01
-2.708607649362299341e+01
-2.776062000879751679e+01
-2.782286355141813772e+01
-2.788517679565423535e+01
-2.794755974150581324e+01
-2.801001238897286427e+01
-2.807253473805539201e+01
-2.813512678875340001e+01
-2.819778854106688115e+01
-2.826051999499583900e+01
-2.665238623779691807e+01
-2.671154802744796442e+01
-2.677077540666625666e+01
-2.683006837545178414e+01
-2.688942693380455395e+01
-2.694885108172456256e+01
-2.700834081921181351e+01
-2.706789614626630680e+01
-2.712751706288803533e+01
-2.536782564715284494e+01
-2.542357911011361793e+01
-2.547939377336304645e+01
-2.553526963690112339e+01
-2.559120670072785231e+01
-2.564720496484322965e+01
-2.570326442924725541e+01
-2.575938509393993670e+01
-2.581556695892126996e+01
-2.575261028808357366e+01
-2.580865514181172315e+01
-2.586476091385913634e+01
-2.592092760422582387e+01
-2.597715521291178220e+01
-2.603344373991700778e+01
-2.608979318524150415e+01
-2.614620354888526776e+01
-2.620267483084830218e+01
-2.844786521494801335e+01
-2.850917526929057644e+01
-2.857055131938592396e+01
-2.863199336523406657e+01
-2.869350140683500072e+01
-2.875507544418872286e+01
-2.881671547729523652e+01
-2.887842150615454173e+01
-2.894019353076663492e+01
-2.786521999503377955e+01
-2.792469751903598407e+01
-2.798423845191239323e+01
-2.804384279366300348e+01
-2.810351054428781836e+01
-2.816324170378683789e+01
-2.822303627216005850e+01
-2.828289424940748020e+01
-2.834281563552910654e+01
-3.082871318945984740e+01
-3.089389017294708140e+01
-3.095913598112648302e+01
-3.102445061399805581e+01
-3.108983407156180334e+01
-3.115528635381772204e+01
-3.122080746076581548e+01
-3.128639739240607653e+01
-3.135205614873851587e+01
-3.460732635301294380e+01
-3.467980242914491384e+01
-3.475235431707199751e+01
-3.482498201679418770e+01
-3.489768552831150572e+01
-3.497046485162393736e+01
-3.504331998673148973e+01
-3.511625093363415573e+01
-3.518925769233194245e+01
-3.647338279846233888e+01
-3.654905371713135054e+01
-3.662480305126012325e+01
-3.670063080084864993e+01
-3.677653696589694476e+01
-3.685252154640499356e+01
-3.692858454237281052e+01
-3.700472595380038143e+01
-3.708094578068771341e+01
-4.475650306108576615e+01
-4.484849998413013594e+01
-4.494059135986757525e+01
-4.503277718829806986e+01
-4.512505746942163398e+01
-4.521743220323825341e+01
-4.530990138974794235e+01
-4.540246502895070080e+01
-4.549512312084651455e+01
-4.893864267034953031e+01
-4.903831404035024377e+01
-4.913808680543743179e+01
-4.923796096561108016e+01
-4.933793652087121018e+01
-4.943801347121780054e+01
-4.953819181665087257e+01
-4.963847155717040494e+01
-4.973885269277641186e+01
-5.292511533145406588e+01
-5.303192686592723248e+01
-5.313884607331821996e+01
-5.324587295362701411e+01
-5.335300750685362914e+01
-5.346024973299805794e+01
-5.356759963206030051e+01
-5.367505720404036396e+01
-5.378262244893823407e+01
-5.554283463971119517e+01
-5.565392030899062092e+01
-5.576511695296463245e+01
-5.587642457163322263e+01
-5.598784316499639857e+01
-5.609937273305416028e+01
-5.621101327580650775e+01
-5.632276479325344098e+01
-5.643462728539495288e+01
-6.285224272777949039e+01
-6.297682596410809452e+01
-6.310153255017564078e+01
-6.322636248598211495e+01
-6.335131577152753835e+01
-6.347639240681188966e+01
-6.360159239183519020e+01
-6.372691572659742576e+01
-6.385236241109860345e+01
-7.022240137050846442e+01
-7.036036286632479175e+01
-7.049845975124398478e+01
-7.063669202526602930e+01
-7.077505968839093953e+01
-7.091356274061870124e+01
-7.105220118194934287e+01
-7.119097501238283598e+01
-7.132988423191919480e+01
-7.552289180396167012e+01
-7.566996656891582518e+01
-7.581718440270749682e+01
-7.596454530533665661e+01
-7.611204927680333299e+01
-7.625969631710751173e+01
-7.640748642624919285e+01
-7.655541960422837633e+01
-7.670349585104506218e+01
-7.629447843158490628e+01
-7.644176506948370786e+01
-7.658919373885591142e+01
-7.673676443970148853e+01
-7.688447717202045339e+01
-7.703233193581279181e+01
-7.718032873107853220e+01
-7.732846755781764614e+01
-7.747674841603013363e+01
-7.619400825528181542e+01
-7.633983410840197337e+01
-7.648579937438361753e+01
-7.663190405322676213e+01
-7.677814814493139295e+01
-7.692453164949750999e+01
-7.707105456692512746e+01
-7.721771689721423115e+01
-7.736451864036482107e+01
-7.431848794842578343e+01
-7.445950974718941495e+01
-7.460066521590445632e+01
-7.474195435457093595e+01
-7.488337716318885384e+01
-7.502493364175822421e+01
-7.516662379027900442e+01
-7.530844760875123711e+01
-7.545040509717489385e+01
-7.599126089188078481e+01
-7.613423598292854422e+01
-7.627734544906186898e+01
-7.642058929028075909e+01
-7.656396750658522876e+01
-7.670748009797526379e+01
-7.685112706445087838e+01
-7.699490840601205832e+01
-7.713882412265881783e+01
-7.423548337257348351e+01
-7.437398240871634414e+01
-7.451261052131413010e+01
-7.465136771036685559e+01
-7.479025397587452062e+01
-7.492926931783711098e+01
-7.506841373625462666e+01
-7.520768723112709608e+01
-7.534708980245449084e+01
-6.865540807517874100e+01
-6.878243010677019242e+01
-6.890956953395460971e+01
-6.903682635673199286e+01
-6.916420057510235608e+01
-6.929169218906567096e+01
-6.941930119862195170e+01
-6.954702760377122672e+01
-6.967487140451343919e+01
-6.507941880148514713e+01
-6.519883057910256241e+01
-6.531835180839514976e+01
-6.543798248936289497e+01
-6.555772262200582645e+01
-6.567757220632394422e+01
-6.579753124231721984e+01
-6.591759972998568173e+01
-6.603777766932932991e+01
-5.961123642753481988e+01
-5.971971911439111835e+01
-5.982830042187183039e+01
-5.993698034997695601e+01
-6.004575889870649519e+01
-6.015463606806044794e+01
-6.026361185803882137e+01
-6.037268626864160126e+01
-6.048185929986880183e+01
-5.079977477386211149e+01
-5.089147111821926472e+01
-5.098325014638557917e+01
-5.107511185836104772e+01
-5.116705625414567038e+01
-5.125908333373946135e+01
-5.135119309714240643e+01
-5.144338554435451272e+01
-5.153566067537577311e+01
-4.685560053303053962e+01
-4.693949596818367809e+01
-4.702346644397649555e+01
-4.710751196040897781e+01
-4.719163251748113908e+01
-4.727582811519297223e+01
-4.736009875354447729e+01
-4.744444443253564714e+01
-4.752886515216649599e+01
-4.070541433473748327e+01
-4.077771524829829275e+01
-4.085008031528728623e+01
-4.092250953570446370e+01
-4.099500290954982518e+01
-4.106756043682336355e+01
-4.114018211752508591e+01
-4.121286795165498518e+01
-4.128561793921306844e+01
-3.785909178867029112e+01
-3.792580384468556787e+01
-3.799257462610227520e+01
-3.805940413292039182e+01
-3.812629236513993902e+01
-3.819323932276090261e+01
-3.826024500578328968e+01
-3.832730941420710025e+01
-3.839443254803232719e+01
-2.931563105024563143e+01
-2.936688215348032571e+01
-2.941817801750387318e+01
-2.946951864231627027e+01
-2.952090402791751700e+01
-2.957233417430762046e+01
-2.962380908148657355e+01
-2.967532874945437626e+01
-2.972689317821102861e+01
-2.513180185525012789e+01
-2.517539561388889879e+01
-2.521902714874832441e+01
-2.526269645982840828e+01
-2.530640354712914686e+01
-2.535014841065054725e+01
-2.539393105039260234e+01
-2.543775146635531925e+01
-2.548160965853868731e+01
-1.987902757680969756e+01
-1.991324277057357151e+01
-1.994748738410851985e+01
-1.998176141741454614e+01
-2.001606487049165750e+01
-2.005039774333983971e+01
-2.008476003595910342e+01
-2.011915174834944153e+01
-2.015357288051086115e+01
-1.650005523050812428e+01
-1.652823636668320262e+01
-1.655644154819631453e+01
-1.658467077504746001e+01
-1.661292404723663552e+01
-1.664120136476384815e+01
-1.666950272762909080e+01
-1.669782813583237058e+01
-1.672617758937368038e+01
-1.832558060321294846e+01
-1.835664090932008818e+01
-1.838772751543239892e+01
-1.841884042154988421e+01
-1.844997962767253696e+01
-1.848114513380036072e+01
-1.851233693993335905e+01
-1.854355504607152483e+01
-1.857479945221486517e+01
-1.827740646648572564e+01
-1.830815063211480265e+01
-1.833892063317717813e+01
-1.836971646967285920e+01
-1.840053814160183876e+01
-1.843138564896412390e+01
-1.846225899175970753e+01
-1.849315816998859674e+01
-1.852408318365078443e+01
-2.498843413525839452e+01
-2.503015105368119819e+01
-2.507190276519692773e+01
-2.511368926980559024e+01
-2.515551056750718217e+01
-2.519736665830170352e+01
-2.523925754218915429e+01
-2.528118321916953448e+01
-2.532314368924284409e+01
-2.226031426233615917e+01
-2.229719962151153112e+01
-2.233411551492462976e+01
-2.237106194257545511e+01
-2.240803890446401070e+01
-2.244504640059029299e+01
-2.248208443095430198e+01
-2.251915299555604122e+01
-2.255625209439550716e+01
-3.453832047999549815e+01
-3.459512692815338397e+01
-3.465198005375430057e+01
-3.470887985679822663e+01
-3.476582633728518346e+01
-3.482281949521515685e+01
-3.487985933058815391e+01
-3.493694584340417464e+01
-3.499407903366321904e+01
-4.471644594500142489e+01
-4.478945238736061896e+01
-4.486251837820459798e+01
-4.493564391753336906e+01
-4.500882900534694642e+01
-4.508207364164530873e+01
-4.515537782642847731e+01
-4.522874155969643795e+01
-4.530216484144919065e+01
-5.243590558236137156e+01
-5.252089084262451735e+01
-5.260594491686359220e+01
-5.269106780507858190e+01
-5.277625950726948645e+01
-5.286152002343632006e+01
-5.294684935357907563e+01
-5.303224749769775315e+01
-5.311771445579235262e+01
-7.421381290243397189e+01
-7.433322370356420095e+01
-7.445273049408439192e+01
-7.457233327399457323e+01
-7.469203204329471646e+01
-7.481182680198485002e+01
-7.493171755006495971e+01
-7.505170428753503131e+01
-7.517178701439509325e+01
-9.955536476594161854e+01
-9.971439889496069497e+01
-9.987355994666853576e+01
-1.000328479210651267e+02
-1.001922628181504962e+02
-1.003518046379246300e+02
-1.005114733803875140e+02
-1.006712690455391481e+02
-1.008311916333795608e+02
-1.300405649580654881e+02
-1.302468148628364020e+02
-1.304532281985936777e+02
-1.306598049653372868e+02
-1.308665451630672578e+02
-1.310734487917835622e+02
-1.312805158514862285e+02
-1.314877463421752282e+02
-1.316951402638505897e+02
-1.617930009412238235e+02
-1.620477930686902823e+02
-1.623027856620320506e+02
-1.625579787212490999e+02
-1.628133722463414017e+02
-1.630689662373089561e+02
-1.633247606941518200e+02
-1.635807556168699080e+02
-1.638369510054632769e+02
-1.954191310372969497e+02
-1.957247121647986035e+02
-1.960305320275560916e+02
-1.963365906255694426e+02
-1.966428879588386849e+02
-1.969494240273637615e+02
-1.972561988311447010e+02
-1.975632123701814749e+02
-1.978704646444741400e+02
-2.275979390855198403e+02
-2.279513520344104052e+02
-2.283050391593668280e+02
-2.286590004603890804e+02
-2.290132359374772193e+02
-2.293677455906312161e+02
-2.297225294198510710e+02
-2.300775874251367554e+02
-2.304329196064883263e+02
-2.719827554417211104e+02
-2.724021583028494433e+02
-2.728218842786627647e+02
-2.732419333691611314e+02
-2.736623055743444297e+02
-2.740830008942127733e+02
-2.745040193287661054e+02
-2.749253608780044260e+02
-2.753470255419277350e+02
-3.059327199167204867e+02
-3.064012233162866323e+02
-3.068700851729298051e+02
-3.073393054866498346e+02
-3.078088842574468913e+02
-3.082788214853208615e+02
-3.087491171702717452e+02
-3.092197713122995992e+02
-3.096907839114044236e+02
-3.262376533033581723e+02
-3.267338322437435636e+02
-3.272303882197978737e+02
-3.277273212315211595e+02
-3.282246312789134208e+02
-3.287223183619747147e+02
-3.292203824807050410e+02
-3.297188236351042860e+02
-3.302176418251725067e+02
-3.537062690054413565e+02
-3.542405685054495734e+02
-3.547752712503634598e+02
-3.553103772401830156e+02
-3.558458864749082409e+02
-3.563817989545390787e+02
-3.569181146790756429e+02
-3.574548336485178766e+02
-3.579919558628657228e+02
-3.689149950654552867e+02
-3.694685059357710770e+02
-3.700224317317767486e+02
-3.705767724534722447e+02
-3.711315281008576790e+02
-3.716866986739330514e+02
-3.722422841726982483e+02
-3.727982845971533834e+02
-3.733546999472983430e+02
-3.746528091788904931e+02
-3.752111591180542973e+02
-3.757699248054973964e+02
-3.763291062412199039e+02
-3.768887034252216495e+02
-3.774487163575028603e+02
-3.780091450380633660e+02
-3.785699894669031664e+02
-3.791312496440224322e+02
-3.904205972417776138e+02
-3.909985699986121972e+02
-3.915769702500894596e+02
-3.921557979962093441e+02
-3.927350532369717939e+02
-3.933147359723769227e+02
-3.938948462024247306e+02
-3.944753839271150468e+02
-3.950563491464480990e+02
-3.847137405887717136e+02
-3.852794960896375187e+02
-3.858456672815400452e+02
-3.864122541644791227e+02
-3.869792567384549216e+02
-3.875466750034672714e+02
-3.881145089595163427e+02
-3.886827586066020217e+02
-3.892514239447243085e+02
-3.694359936872567687e+02
-3.699757102594806497e+02
-3.705158207854069019e+02
-3.710563252650354684e+02
-3.715972236983664629e+02
-3.721385160853997718e+02
-3.726802024261354518e+02
-3.732222827205734461e+02
-3.737647569687138116e+02
-3.545313349131684504e+02
-3.550458941800961270e+02
-3.555608265864486839e+02
-3.560761321322261779e+02
-3.565918108174284953e+02
-3.571078626420557498e+02
-3.576242876061078846e+02
-3.581410857095849565e+02
-3.586582569524868518e+02
-3.562657589025407106e+02
-3.567794802564016550e+02
-3.572935717265117432e+02
-3.578080333128709754e+02
-3.583228650154794082e+02
-3.588380668343370417e+02
-3.593536387694438758e+02
-3.598695808207998539e+02
-3.603858929884050326e+02
-3.401824425488245538e+02
-3.406698099450263157e+02
-3.411575262083692337e+02
-3.416455913388533077e+02
-3.421340053364785376e+02
-3.426227682012449804e+02
-3.431118799331525224e+02
-3.436013405322012204e+02
-3.440911499983911312e+02
-3.258938735655019059e+02
-3.263577794353460604e+02
-3.268220152524660875e+02
-3.272865810168618736e+02
-3.277514767285335893e+02
-3.282167023874810639e+02
-3.286822579937044679e+02
-3.291481435472036878e+02
-3.296143590479787804e+02
-3.086500266658022156e+02
-3.090865896455275674e+02
-3.095234611503269093e+02
-3.099606411802002413e+02
-3.103981297351476201e+02
-3.108359268151689889e+02
-3.112740324202643478e+02
-3.117124465504337536e+02
-3.121511692056771494e+02
-2.960564827243909463e+02
-2.964725845975102629e+02
-2.968889786770012051e+02
-2.973056649628636023e+02
-2.977226434550976251e+02
-2.981399141537032733e+02
-2.985574770586804334e+02
-2.989753321700291622e+02
-2.993934794877495165e+02
-2.607679664048372388e+02
-2.611321674752350646e+02
-2.614966226985082471e+02
-2.618613320746567865e+02
-2.622262956036806827e+02
-2.625915132855799925e+02
-2.629569851203546023e+02
-2.633227111080046257e+02
-2.636886912485299490e+02
-2.463503467308650556e+02
-2.466922625486733409e+02
-2.470344154786992306e+02
-2.473768055209427530e+02
-2.477194326754039082e+02
-2.480622969420826394e+02
-2.484053983209790033e+02
-2.487487368120930284e+02
-2.490923124154246295e+02
-2.366276215116209016e+02
-2.369540044378438495e+02
-2.372806123006113808e+02
-2.376074450999234955e+02
-2.379345028357802505e+02
-2.382617855081816174e+02
-2.385892931171275677e+02
-2.389170256626181015e+02
-2.392449831446532755e+02
-2.170818808745166280e+02
-2.173794571334261718e+02
-2.176772372116911356e+02
-2.179752211093115193e+02
-2.182734088262873229e+02
-2.185718003626185748e+02
-2.188703957183051898e+02
-2.191691948933472531e+02
-2.194681978877447079e+02
-1.860738406162461445e+02
-1.863273472110911655e+02
-1.865810263767972117e+02
-1.868348781133642831e+02
-1.870889024207923796e+02
-1.873430992990815014e+02
-1.875974687482316483e+02
-1.878520107682428204e+02
-1.881067253591149893e+02
-1.767517430116167247e+02
-1.769910818647130384e+02
-1.772305826520806988e+02
-1.774702453737197629e+02
-1.777100700296302023e+02
-1.779500566198119884e+02
-1.781902051442651782e+02
-1.784305156029897717e+02
-1.786709879959856835e+02
-1.553104498945430123e+02
-1.555194814556393226e+02
-1.557286535894061217e+02
-1.559379662958434949e+02
-1.561474195749514422e+02
-1.563570134267298783e+02
-1.565667478511788886e+02
-1.567766228482984445e+02
-1.569866384180885177e+02
-1.345450517558126080e+02
-1.347250451360879140e+02
-1.349051588327939442e+02
-1.350853928459305848e+02
-1.352657471754979213e+02
-1.354462218214959250e+02
-1.356268167839245677e+02
-1.358075320627839062e+02
-1.359883676580738836e+02
-1.111064341228285883e+02
-1.112541820405451034e+02
-1.114020281296355392e+02
-1.115499723900998532e+02
-1.116980148219380879e+02
-1.118461554251502008e+02
-1.119943941997362060e+02
-1.121427311456961320e+02
-1.122911662630299361e+02
-1.124396995517376610e+02
-1.125883310118192639e+02
-1.127370606432747735e+02
-1.128858884461041754e+02
-1.130348144203074838e+02
-1.131838385658846846e+02
-1.133329608828357919e+02
-1.134821813711607916e+02
-7.174166316318694214e+01
-7.183599802599191264e+01
-7.193039486965287210e+01
-7.202485369416982053e+01
-7.211937449954274371e+01
-7.221395728577165585e+01
-7.230860205285654274e+01
-7.240330880079741860e+01
-7.249807752959426921e+01
-7.259290823924710878e+01
-7.268780092975593732e+01
-7.278275560112074061e+01
-7.287777225334151865e+01
-7.297285088641828565e+01
-7.306799150035102741e+01
-7.316319409513975813e+01
-7.325845867078447782e+01
-4.374356472384742744e+01
-4.380044842309820297e+01
-4.385736908381698385e+01
-4.391432670600375587e+01
-4.397132128965853326e+01
-4.402835283478130890e+01
-4.408542134137207569e+01
-4.414252680943084783e+01
-4.419966923895761823e+01
-4.425684862995239399e+01
-4.431406498241516090e+01
-4.437131829634593316e+01
-4.442860857174470368e+01
-4.448593580861146535e+01
-4.454330000694623237e+01
-4.460070116674899765e+01
-4.465813928801976118e+01
-3.349123386704280847e+01
-3.353430940899399104e+01
-3.357741263445542046e+01
-3.362054354342710383e+01
-3.366370213590904115e+01
-3.370688841190122531e+01
-3.375010237140366343e+01
-3.379334401441635549e+01
-3.383661334093929440e+01
-3.387991035097248727e+01
-3.392323504451592697e+01
-3.396658742156962063e+01
-3.400996748213356824e+01
-3.405337522620776269e+01
-3.409681065379221110e+01
-3.414027376488691345e+01
-3.418376455949186266e+01
-3.986003060488755523e+01
-3.991074311201845859e+01
-3.996148785850544272e+01
-4.001226484434852892e+01
-4.006307406954769590e+01
-4.011391553410296495e+01
-4.016478923801431478e+01
-4.021569518128175957e+01
-4.026663336390529935e+01
-4.031760378588491989e+01
-4.036860644722064251e+01
-4.041964134791245300e+01
-4.047070848796035136e+01
-4.052180786736434470e+01
-4.057293948612441881e+01
-4.062410334424059499e+01
-4.067529944171285905e+01
-4.308061114797708768e+01
-4.313483469882413601e+01
-4.318909235253335055e+01
-4.324338410910472419e+01
-4.329770996853827825e+01
-4.335206993083399141e+01
-4.340646399599187788e+01
-4.346089216401193056e+01
-4.351535443489414945e+01
-4.356985080863853455e+01
-4.362438128524510006e+01
-4.367894586471381757e+01
-4.373354454704470839e+01
-4.378817733223777253e+01
-4.384284422029300288e+01
-4.389754521121039232e+01
-4.395228030498996219e+01
-4.779294633866849296e+01
-4.785246432912760639e+01
-4.791201935629516129e+01
-4.797161142017114344e+01
-4.803124052075557415e+01
-4.809090665804843923e+01
-4.815060983204973866e+01
-4.821035004275947955e+01
-4.827012729017765480e+01
-4.832994157430426441e+01
-4.838979289513932258e+01
-4.844968125268280801e+01
-4.850960664693474200e+01
-4.856956907789510325e+01
-4.862956854556390596e+01
-4.868960504994114302e+01
-4.874967859102682155e+01
-5.485468901483760362e+01
-5.492228567412883677e+01
-5.498992395697874969e+01
-5.505760386338734236e+01
-5.512532539335460058e+01
-5.519308854688054566e+01
-5.526089332396516340e+01
-5.532873972460846090e+01
-5.539662774881043816e+01
-5.546455739657108808e+01
-5.553252866789041775e+01
-5.560054156276842008e+01
-5.566859608120509506e+01
-5.573669222320045691e+01
-5.580482998875449852e+01
-5.587300937786720567e+01
-5.594123039053859259e+01
-7.101696627236199788e+01
-7.110357232879169942e+01
-7.119023116161169185e+01
-7.127694277082193253e+01
-7.136370715642244988e+01
-7.145052431841322971e+01
-7.153739425679428621e+01
-7.162431697156559096e+01
-7.171129246272717239e+01
-7.179832073027903050e+01
-7.188540177422115107e+01
-7.197253559455353411e+01
-7.205972219127620804e+01
-7.214696156438911601e+01
-7.223425371389231486e+01
-7.232159863978577619e+01
-7.240899634206951418e+01
-5.258209398370713217e+01
-5.264556060287877415e+01
-5.270906550107283550e+01
-5.277260867828932334e+01
-5.283619013452822344e+01
-5.289980986978955002e+01
-5.296346788407329598e+01
-5.302716417737945420e+01
-5.309089874970803891e+01
-5.315467160105903588e+01
-5.321848273143245223e+01
-5.328233214082829505e+01
-5.334621982924655725e+01
-5.341014579668723172e+01
-5.347411004315033267e+01
-5.353811256863585299e+01
-5.360215337314378559e+01
-3.214882713248322688e+01
-3.218723672284461657e+01
-3.222566924430473279e+01
-3.226412469686356843e+01
-3.230260308052112350e+01
-3.234110439527741221e+01
-3.237962864113241324e+01
-3.241817581808614079e+01
-3.245674592613859488e+01
-3.249533896528977550e+01
-3.253395493553967555e+01
-3.257259383688829502e+01
-3.261125566933564102e+01
-3.264994043288170644e+01
-3.268864812752649840e+01
-3.272737875327001689e+01
-3.276613231011225480e+01
-5.758155195681250227e+00
-5.764965550732322086e+00
-5.771779930815930548e+00
-5.778598335932074725e+00
-5.785420766080754618e+00
-5.792247221261970225e+00
-5.799077701475722435e+00
-5.805912206722011248e+00
-5.812750737000835777e+00
-5.819593292312196020e+00
-5.826439872656092867e+00
-5.833290478032525428e+00
-5.840145108441494592e+00
-5.847003763882999472e+00
-5.853866444357040955e+00
-5.860733149863618152e+00
-5.867603880402731065e+00
4.136045171494620121e+01
4.140888315723537261e+01
4.145734293857795194e+01
4.150583105897394631e+01
4.155434751842336283e+01
4.160289231692619438e+01
4.165146545448244098e+01
4.170006693109210971e+01
4.174869674675518638e+01
4.179735490147167809e+01
4.184604139524159905e+01
4.189475622806492794e+01
4.194349939994167897e+01
4.199227091087183794e+01
4.204107076085542616e+01
4.208989894989242231e+01
4.213875547798283350e+01
8.870997679415070536e+01
8.881282894115841486e+01
8.891574067805430559e+01
8.901871200483839175e+01
8.912174292151065913e+01
8.922483342807112194e+01
8.932798352451975177e+01
8.943119321085657702e+01
8.953446248708158350e+01
8.963779135319477120e+01
8.974117980919615434e+01
8.984462785508570448e+01
8.994813549086346427e+01
9.005170271652939107e+01
9.015532953208351330e+01
9.025901593752581675e+01
9.036276193285630143e+01
1.374641356558837799e+02
1.376219590033647080e+02
1.377798728978034433e+02
1.379378773392000141e+02
1.380959723275543922e+02
1.382541578628666059e+02
1.384124339451366268e+02
1.385708005743644833e+02
1.387292577505501470e+02
1.388878054736936178e+02
1.390464437437949243e+02
1.392051725608540664e+02
1.393639919248709873e+02
1.395229018358457722e+02
1.396819022937783643e+02
1.398409932986687636e+02
1.400001748505169985e+02
1.990793538266794087e+02
1.993057089759991243e+02
1.995321927361991357e+02
1.997588051072794428e+02
1.999855460892400174e+02
2.002124156820808878e+02
2.004394138858020824e+02
2.006665407004035728e+02
2.008937961258853306e+02
2.011211801622473843e+02
2.013486928094897621e+02
2.015763340676124074e+02
2.018041039366153768e+02
2.020320024164986137e+02
2.022600295072621464e+02
2.024881852089059748e+02
2.027164695214301275e+02
2.317442564600040669e+02
2.320052297217833370e+02
2.322663498452743625e+02
2.325276168304771431e+02
2.327890306773916791e+02
2.330505913860179703e+02
2.333122989563559884e+02
2.335741533884057901e+02
2.338361546821673187e+02
2.340983028376406025e+02
2.343605978548256417e+02
2.346230397337224076e+02
2.348856284743309288e+02
2.351483640766512053e+02
2.354112465406832371e+02
2.356742758664270241e+02
2.359374520538825379e+02
2.650960942985177553e+02
2.653917954633794807e+02
2.656876614560922576e+02
2.659836922766561429e+02
2.662798879250711366e+02
2.665762484013372386e+02
2.668727737054543923e+02
2.671694638374226543e+02
2.674663187972420246e+02
2.677633385849124465e+02
2.680605232004340337e+02
2.683578726438066724e+02
2.686553869150303626e+02
2.689530660141052181e+02
2.692509099410311251e+02
2.695489186958081405e+02
2.698470922784362642e+02
2.745335020190996715e+02
2.748368539550323817e+02
2.751403733961754483e+02
2.754440603425288145e+02
2.757479147940925372e+02
2.760519367508666164e+02
2.763561262128510521e+02
2.766604831800458442e+02
2.769650076524509359e+02
2.772696996300663841e+02
2.775745591128921888e+02
2.778795861009283499e+02
2.781847805941748675e+02
2.784901425926316847e+02
2.787956720962988584e+02
2.791013691051763885e+02
2.794072336192642183e+02
2.736305937334196301e+02
2.739301346132591561e+02
2.742298393557244367e+02
2.745297079608154718e+02
2.748297404285322045e+02
2.751299367588746350e+02
2.754302969518428768e+02
2.757308210074368162e+02
2.760315089256564534e+02
2.763323607065019019e+02
2.766333763499729912e+02
2.769345558560698919e+02
2.772358992247924903e+02
2.775374064561408431e+02
2.778390775501148937e+02
2.781409125067146419e+02
2.784429113259402016e+02
2.816514123202751421e+02
2.819568910755031652e+02
2.822625354018722987e+02
2.825683452993824858e+02
2.828743207680336695e+02
2.831804618078259068e+02
2.834867684187591976e+02
2.837932406008334851e+02
2.840998783540488830e+02
2.844066816784053344e+02
2.847136505739027825e+02
2.850207850405413410e+02
2.853280850783208962e+02
2.856355506872414480e+02
2.859431818673031103e+02
2.862509786185058260e+02
2.865589409408495385e+02
2.486461852359963984e+02
2.489134030600007179e+02
2.491807643951886746e+02
2.494482692415603253e+02
2.497159175991156417e+02
2.499837094678546521e+02
2.502516448477773281e+02
2.505197237388836413e+02
2.507879461411736770e+02
2.510563120546474067e+02
2.513248214793047737e+02
2.515934744151458347e+02
2.518622708621705328e+02
2.521312108203789535e+02
2.524002942897710398e+02
2.526695212703467917e+02
2.529388917621062092e+02
2.295821796308374871e+02
2.298266760947681178e+02
2.300713026792223275e+02
2.303160593842002584e+02
2.305609462097017683e+02
2.308059631557269711e+02
2.310511102222758097e+02
2.312963874093482843e+02
2.315417947169443948e+02
2.317873321450641697e+02
2.320329996937076089e+02
2.322787973628746556e+02
2.325247251525653667e+02
2.327707830627797421e+02
2.330169710935177250e+02
2.332632892447793722e+02
2.335097375165646554e+02
1.853864633408061593e+02
1.855821218773135968e+02
1.857778836092516883e+02
1.859737485366204339e+02
1.861697166594198336e+02
1.863657879776498589e+02
1.865619624913105667e+02
1.867582402004019002e+02
1.869546211049238593e+02
1.871511052048765009e+02
1.873476925002597682e+02
1.875443829910736611e+02
1.877411766773182649e+02
1.879380735589934659e+02
1.881350736360993210e+02
1.883321769086358302e+02
1.885293833766029934e+02
1.504053512262229901e+02
1.505626789994721548e+02
1.507200890141083107e+02
1.508775812701314010e+02
1.510351557675414824e+02
1.511928125063384982e+02
1.513505514865224768e+02
1.515083727080933897e+02
1.516662761710512939e+02
1.518242618753961324e+02
1.519823298211279337e+02
1.521404800082466977e+02
1.522987124367523961e+02
1.524570271066450857e+02
1.526154240179247097e+02
1.527739031705912964e+02
1.529324645646448460e+02
1.226863699263547858e+02
1.228135719687874854e+02
1.229408399190142234e+02
1.230681737770349429e+02
1.231955735428496865e+02
1.233230392164584259e+02
1.234505707978611611e+02
1.235781682870579203e+02
1.237058316840486896e+02
1.238335609888334545e+02
1.239613562014122294e+02
1.240892173217850143e+02
1.242171443499518091e+02
1.243451372859125996e+02
1.244731961296674143e+02
1.246013208812162105e+02
1.247295115405590309e+02
1.055805996232879096e+02
1.056891100031679542e+02
1.057976761151383442e+02
1.059062979591990512e+02
1.060149755353501035e+02
1.061237088435915012e+02
1.062324978839232159e+02
1.063413426563452759e+02
1.064502431608576529e+02
1.065591993974603611e+02
1.066682113661534288e+02
1.067772790669368135e+02
1.068864024998105435e+02
1.069955816647745905e+02
1.071048165618289687e+02
1.072141071909737065e+02
1.073234535522087612e+02
9.236859209543672478e+01
9.246270171550339967e+01
9.255685925289189697e+01
9.265106470760221669e+01
9.274531807963437302e+01
9.283961936898835177e+01
9.293396857566413871e+01
9.302836569966177649e+01
9.312281074098122247e+01
9.321730369962250506e+01
9.331184457558561007e+01
9.340643336887055170e+01
9.350107007947730153e+01
9.359575470740588798e+01
9.369048725265629685e+01
9.378526771522854233e+01
9.388009609512259601e+01
7.903704862776832840e+01
7.911688403042263928e+01
7.919675973363357002e+01
7.927667573740110640e+01
7.935663204172526264e+01
7.943662864660603873e+01
7.951666555204342046e+01
7.959674275803742205e+01
7.967686026458804349e+01
7.975701807169527058e+01
7.983721617935911752e+01
7.991745458757957010e+01
7.999773329635665675e+01
8.007805230569034904e+01
8.015841161558064698e+01
8.023881122602757898e+01
8.031925113703111663e+01
5.103424000923118342e+01
5.108535091559997454e+01
5.113648740300297391e+01
5.118764947144019573e+01
5.123883712091163289e+01
5.129005035141729252e+01
5.134128916295716749e+01
5.139255355553127202e+01
5.144384352913957770e+01
5.149515908378211293e+01
5.154650021945886351e+01
5.159786693616983655e+01
5.164925923391502494e+01
5.170067711269443578e+01
5.175212057250806197e+01
5.180358961335590351e+01
5.185508423523797461e+01
8.816250587320689647e+01
8.825005553147224191e+01
8.833764863869950545e+01
8.842528519488868710e+01
8.851296520003980106e+01
8.860068865415281891e+01
8.868845555722775487e+01
8.877626590926460892e+01
8.886411971026339529e+01
8.895201696022409976e+01
8.903995765914670812e+01
8.912794180703124880e+01
8.921596940387769337e+01
8.930404044968605604e+01
8.939215494445635102e+01
8.948031288818854989e+01
8.956851428088268108e+01
8.965675912253871616e+01
8.974504741315668355e+01
8.983337915273655483e+01
8.992175434127834421e+01
9.001017297878206591e+01
9.009863506524770571e+01
9.018714060067524940e+01
9.027568958506472541e+01
9.036428201841611951e+01
9.045291790072941751e+01
9.054159723200463361e+01
9.063032001224178202e+01
9.071908624144084854e+01
9.080789591960183316e+01
9.089674904672472167e+01
9.098564562280954249e+01
1.203684753962410667e+02
1.204860801596961153e+02
1.206037423473520676e+02
1.207214619592089377e+02
1.208392389952666974e+02
1.209570734555253608e+02
1.210749653399849421e+02
1.211929146486454272e+02
1.213109213815068159e+02
1.214289855385691084e+02
1.215471071198323045e+02
1.216652861252964186e+02
1.217835225549614222e+02
1.219018164088273437e+02
1.220201676868941547e+02
1.221385763891618979e+02
1.222570425156305305e+02
1.223755660663000668e+02
1.224941470411705069e+02
1.226127854402418649e+02
1.227314812635141266e+02
1.228502345109872920e+02
1.229690451826613611e+02
1.230879132785363339e+02
1.232068387986122104e+02
1.233258217428889907e+02
1.234448621113666889e+02
1.235639599040452907e+02
1.236831151209247963e+02
1.238023277620052056e+02
1.239215978272865186e+02
1.240409253167687353e+02
1.241603102304518558e+02
1.379433833473607081e+02
1.380760212159639195e+02
1.382087228221301700e+02
1.383414881658594027e+02
1.384743172471516459e+02
1.386072100660068713e+02
1.387401666224250789e+02
1.388731869164063255e+02
1.390062709479505543e+02
1.391394187170577936e+02
1.392726302237280436e+02
1.394059054679612473e+02
1.395392444497574900e+02
1.396726471691167148e+02
1.398061136260389503e+02
1.399396438205241964e+02
1.400732377525724246e+02
1.402068954221836634e+02
1.403406168293578844e+02
1.404744019740951160e+02
1.406082508563953581e+02
1.407421634762585825e+02
1.408761398336848174e+02
1.410101799286740629e+02
1.411442837612262906e+02
1.412784513313415289e+02
1.414126826390197778e+02
1.415469776842610088e+02
1.416813364670652220e+02
1.418157589874324742e+02
1.419502452453627086e+02
1.420847952408559252e+02
1.422194089739121523e+02
1.492587069454994264e+02
1.493999835256655331e+02
1.495413269348667313e+02
1.496827371731030212e+02
1.498242142403743742e+02
1.499657581366808472e+02
1.501073688620223550e+02
1.502490464163989543e+02
1.503907907998106737e+02
1.505326020122574562e+02
1.506744800537393019e+02
1.508164249242562676e+02
1.509584366238082964e+02
1.511005151523954169e+02
1.512426605100176005e+02
1.513848726966748757e+02
1.515271517123672425e+02
1.516694975570947008e+02
1.518119102308572224e+02
1.519543897336548355e+02
1.520969360654875402e+02
1.522395492263553081e+02
1.523822292162581675e+02
1.525249760351961186e+02
1.526677896831691612e+02
1.528106701601772670e+02
1.529536174662204644e+02
1.530966316012987249e+02
1.532397125654121055e+02
1.533828603585605492e+02
1.535260749807440845e+02
1.536693564319626830e+02
1.538127047122164015e+02
1.471196712063147061e+02
1.472567818038974963e+02
1.473939562629602733e+02
1.475311945835030656e+02
1.476684967655258731e+02
1.478058628090286675e+02
1.479432927140115055e+02
1.480807864804743303e+02
1.482183441084171704e+02
1.483559655978400542e+02
1.484936509487428964e+02
1.486314001611257822e+02
1.487692132349886833e+02
1.489070901703315712e+02
1.490450309671545028e+02
1.491830356254573928e+02
1.493211041452403265e+02
1.494592365265032754e+02
1.495974327692462396e+02
1.497356928734691905e+02
1.498740168391721852e+02
1.500124046663551667e+02
1.501508563550181350e+02
1.502893719051611470e+02
1.504279513167841742e+02
1.505665945898871882e+02
1.507053017244702460e+02
1.508440727205332905e+02
1.509829075780763503e+02
1.511218062970994254e+02
1.512607688776024872e+02
1.513997953195855928e+02
1.515388856230486851e+02
1.336695594192111400e+02
1.337922483218446530e+02
1.339149935037912940e+02
1.340377949650510914e+02
1.341606527056239884e+02
1.342835667255100418e+02
1.344065370247092517e+02
1.345295636032215612e+02
1.346526464610469986e+02
1.347757855981856210e+02
1.348989810146373429e+02
1.350222327104021929e+02
1.351455406854801709e+02
1.352689049398713053e+02
1.353923254735755677e+02
1.355158022865929581e+02
1.356393353789235050e+02
1.357629247505671515e+02
1.358865704015239544e+02
1.360102723317938853e+02
1.361340305413769727e+02
1.362578450302731881e+02
1.363817157984825030e+02
1.365056428460049744e+02
1.366296261728406023e+02
1.367536657789893297e+02
1.368777616644512136e+02
1.370019138292262255e+02
1.371261222733143654e+02
1.372503869967156618e+02
1.373747079994300861e+02
1.374990852814576101e+02
1.376235188427983189e+02
1.131947954852995224e+02
1.132971415933332366e+02
1.133995339490434304e+02
1.135019725524301037e+02
1.136044574034932566e+02
1.137069885022328606e+02
1.138095658486489441e+02
1.139121894427415072e+02
1.140148592845105355e+02
1.141175753739560434e+02
1.142203377110780167e+02
1.143231462958764695e+02
1.144260011283514018e+02
1.145289022085027852e+02
1.146318495363306482e+02
1.147348431118350049e+02
1.148378829350158128e+02
1.149409690058730860e+02
1.150441013244068529e+02
1.151472798906170851e+02
1.152505047045037827e+02
1.153537757660669740e+02
1.154570930753066023e+02
1.155604566322227242e+02
1.156638664368153258e+02
1.157673224890843926e+02
1.158708247890299248e+02
1.159743733366519365e+02
1.160779681319504277e+02
1.161816091749253843e+02
1.162852964655768062e+02
1.163890300039047077e+02
1.164928097899090886e+02
9.679861976622916586e+01
9.688485461680041055e+01
9.697112786222943726e+01
9.705743950251624597e+01
9.714378953766083669e+01
9.723017796766319520e+01
9.731660479252334994e+01
9.740307001224127248e+01
9.748957362681697703e+01
9.757611563625044937e+01
9.766269604054171793e+01
9.774931483969075430e+01
9.783597203369757267e+01
9.792266762256217305e+01
9.800940160628454123e+01
9.809617398486469142e+01
9.818298475830263783e+01
9.826983392659835204e+01
9.835672148975183404e+01
9.844364744776309806e+01
9.853061180063215829e+01
9.861761454835898633e+01
9.870465569094359637e+01
9.879173522838597421e+01
9.887885316068613406e+01
9.896600948784409013e+01
9.905320420985979979e+01
9.914043732673330567e+01
9.922770883846457934e+01
9.931501874505364924e+01
9.940236704650047272e+01
9.948975374280509243e+01
9.957717883396749414e+01
7.955144822919224623e+01
7.962129146732146978e+01
7.969116535189129991e+01
7.976106988290173661e+01
7.983100506035276567e+01
7.990097088424440130e+01
7.997096735457662930e+01
8.004099447134946388e+01
8.011105223456290503e+01
8.018114064421693854e+01
8.025125970031156442e+01
8.032140940284681108e+01
8.039158975182265010e+01
8.046180074723908149e+01
8.053204238909613366e+01
8.060231467739376399e+01
8.067261761213201510e+01
8.074295119331085857e+01
8.081331542093029441e+01
8.088371029499033682e+01
8.095413581549098581e+01
8.102459198243222716e+01
8.109507879581407508e+01
8.116559625563651537e+01
8.123614436189957644e+01
8.130672311460321566e+01
8.137733251374746146e+01
8.144797255933231384e+01
8.151864325135777278e+01
8.158934458982382409e+01
8.166007657473046777e+01
8.173083920607773223e+01
8.180163248386558905e+01
7.499375038611594846e+01
7.505865194421731701e+01
7.512358157392684177e+01
7.518853927524455116e+01
7.525352504817041677e+01
7.531853889270448121e+01
7.538358080884671608e+01
7.544865079659712137e+01
7.551374885595571129e+01
7.557887498692245742e+01
7.564402918949738819e+01
7.570921146368050358e+01
7.577442180947178940e+01
7.583966022687124564e+01
7.590492671587888651e+01
7.597022127649468359e+01
7.603554390871867952e+01
7.610089461255083165e+01
7.616627338799116842e+01
7.623168023503968982e+01
7.629711515369636743e+01
7.636257814396122967e+01
7.642806920583426233e+01
7.649358833931547963e+01
7.655913554440486735e+01
7.662471082110242548e+01
7.669031416940816825e+01
7.675594558932208145e+01
7.682160508084417927e+01
7.688729264397443330e+01
7.695300827871288618e+01
7.701875198505949527e+01
7.708452376301428899e+01
7.266862441243553405e+01
7.273062835817994198e+01
7.279265874483937182e+01
7.285471557241382357e+01
7.291679884090331143e+01
7.297890855030783541e+01
7.304104470062738130e+01
7.310320729186194910e+01
7.316539632401156723e+01
7.322761179707619306e+01
7.328985371105585500e+01
7.335212206595055306e+01
7.341441686176027304e+01
7.347673809848502913e+01
7.353908577612480713e+01
7.360145989467963545e+01
7.366386045414947148e+01
7.372628745453434362e+01
7.378874089583425189e+01
7.385122077804918206e+01
7.391372710117913414e+01
7.397625986522412234e+01
7.403881907018414665e+01
7.410140471605920709e+01
7.416401680284928943e+01
7.422665533055439369e+01
7.428932029917451985e+01
7.435201170870969634e+01
7.441472955915989473e+01
7.447747385052511504e+01
7.454024458280537146e+01
7.460304175600066401e+01
7.466586537011097846e+01
6.935305119027832177e+01
6.941140461997143518e+01
6.946978258853323496e+01
6.952818509596369267e+01
6.958661214226282254e+01
6.964506372743062457e+01
6.970353985146708453e+01
6.976204051437221665e+01
6.982056571614602092e+01
6.987911545678849734e+01
6.993768973629963170e+01
6.999628855467943822e+01
7.005491191192791689e+01
7.011355980804505350e+01
7.017223224303087648e+01
7.023092921688535739e+01
7.028965072960849625e+01
7.034839678120032147e+01
7.040716737166079042e+01
7.046596250098995995e+01
7.052478216918777321e+01
7.058362637625427283e+01
7.064249512218943039e+01
7.070138840699324589e+01
7.076030623066574776e+01
7.081924859320690757e+01
7.087821549461673953e+01
7.093720693489522944e+01
7.099622291404240571e+01
7.105526343205823991e+01
7.111432848894274628e+01
7.117341808469591058e+01
7.123253221931774704e+01
5.553806604775784450e+01
5.558415572912527836e+01
5.563026452690970558e+01
5.567639244111112617e+01
5.572253947172954014e+01
5.576870561876493326e+01
5.581489088221733397e+01
5.586109526208671383e+01
5.590731875837309417e+01
5.595356137107646077e+01
5.599982310019682075e+01
5.604610394573417409e+01
5.609240390768852080e+01
5.613872298605985378e+01
5.618506118084818723e+01
5.623141849205350695e+01
5.627779491967581293e+01
5.632419046371511939e+01
5.637060512417141922e+01
5.641703890104470531e+01
5.646349179433498477e+01
5.650996380404225761e+01
5.655645493016652381e+01
5.660296517270777628e+01
5.664949453166602211e+01
5.669604300704126132e+01
5.674261059883349390e+01
5.678919730704271984e+01
5.683580313166893205e+01
5.688242807271213763e+01
5.692907213017233659e+01
5.697573530404952891e+01
5.702241759434370749e+01
4.897760392331277046e+01
4.901770020159628416e+01
4.905781288588563882e+01
4.909794197618084866e+01
4.913808747248189235e+01
4.917824937478878411e+01
4.921842768310151683e+01
4.925862239742009763e+01
4.929883351774452649e+01
4.933906104407478921e+01
4.937930497641090710e+01
4.941956531475286596e+01
4.945984205910066578e+01
4.950013520945431367e+01
4.954044476581380252e+01
4.958077072817913944e+01
4.962111309655031022e+01
4.966147187092733617e+01
4.970184705131021019e+01
4.974223863769891807e+01
4.978264663009348112e+01
4.982307102849387803e+01
4.986351183290012301e+01
4.990396904331220895e+01
4.994444265973014296e+01
4.998493268215391794e+01
5.002543911058354098e+01
5.006596194501901209e+01
5.010650118546032417e+01
5.014705683190747720e+01
5.018762888436047831e+01
5.022821734281932038e+01
5.026882220728400341e+01
4.085706353940098978e+01
4.089006601398855167e+01
4.092308181214276175e+01
4.095611093386362001e+01
4.098915337915112644e+01
4.102220914800527396e+01
4.105527824042608387e+01
4.108836065641352775e+01
4.112145639596762692e+01
4.115456545908837427e+01
4.118768784577576980e+01
4.122082355602982062e+01
4.125397258985050541e+01
4.128713494723784549e+01
4.132031062819183376e+01
4.135349963271247020e+01
4.138670196079975483e+01
4.141991761245368764e+01
4.145314658767426863e+01
4.148638888646149780e+01
4.151964450881537516e+01
4.155291345473589359e+01
4.158619572422307442e+01
4.161949131727688922e+01
4.165280023389736641e+01
4.168612247408447757e+01
4.171945803783825113e+01
4.175280692515866576e+01
4.178616913604572147e+01
4.181954467049943247e+01
4.185293352851979165e+01
4.188633571010679901e+01
4.191975121526045456e+01
