4.778474733412042255e-04
4.194029148954826931e-03
2.406478802340616778e-03
1.053893425659302441e-02
2.946748532518824251e-02
4.711698330867995083e-02
5.914372044287676683e-02
9.505300807443996247e-02
1.323433243937597592e-01
1.268851040298034361e-01
1.940652837798762242e-01
2.318582088962918286e-01
2.527547486933935939e-01
2.849907479809579702e-01
5.906293570634525425e-01
7.640450311386171034e-01
8.697954975505153286e-01
9.741918838062388897e-01
1.105930488772460363e+00
1.164576978540296626e+00
1.292494611783505221e+00
1.312734172526314413e+00
1.460332021887071008e+00
1.505946159660212391e+00
1.665131037605935393e+00
1.790240342529160866e+00
1.815840868856908097e+00
1.862695989891546278e+00
2.149736891714205456e+00
2.293170608452198334e+00
2.689496156059256293e+00
2.730086264670303020e+00
3.349519143776956476e+00
3.593568513649137763e+00
3.728836401411870227e+00
4.140323704110922876e+00
4.024608984129786293e+00
4.476994309415126772e+00
5.388204517719770159e+00
6.745734830454746422e+00
8.012572123507897714e+00
1.112171626000704983e+01
1.438268412940363739e+01
1.798361002786068141e+01
2.215484408076181921e+01
2.473374257346742411e+01
2.943908419620809269e+01
3.445752467842486055e+01
3.842681252058766717e+01
4.381845650782427271e+01
4.815691074839867269e+01
4.968325270426635143e+01
5.161285474957972497e+01
5.147529990096114716e+01
5.476359753180589252e+01
5.680497765301813473e+01
5.687286635139214752e+01
5.862592362576046412e+01
5.874189486588102227e+01
5.819767838290693618e+01
5.819672602705912823e+01
5.738208596625947422e+01
6.035382009447102547e+01
6.008311431575448580e+01
6.101479792085429921e+01
6.299711235064496861e+01
6.110733937936409887e+01
5.774914660297384472e+01
5.098106201989213560e+01
4.522903623342247670e+01
3.135619315701444165e+01
1.498194257261192419e+01
-3.740674550750271443e+00
-2.770103493333926181e+01
-7.001472681829487499e+01
-1.002712763885206471e+02
-1.490107153936504290e+02
-1.851674509260159027e+02
-2.277672445275202904e+02
-2.759045360943675291e+02
-3.004232945933529209e+02
-3.313517244753129489e+02
-3.417668090564930026e+02
-3.551861729835054575e+02
-3.613734415720668380e+02
-3.552960064898522887e+02
-3.507154535635058323e+02
-3.459922542159503109e+02
-3.304331123409061775e+02
-3.249058982271006926e+02
-3.112261615716619190e+02
-3.060682509661093036e+02
-3.037273825739221138e+02
-2.867404557080745349e+02
-2.758609828011204286e+02
-2.723490809201849174e+02
-2.649201268067616297e+02
-2.503937340903691222e+02
-2.481855403271213731e+02
-2.523096100335583856e+02
-2.432216561240888097e+02
-2.398016901709661397e+02
-2.535434462613855544e+02
-2.485158503396530705e+02
-2.425085492552916833e+02
-2.532700841894751420e+02
-2.832807809501269958e+02
-2.794475740266922799e+02
-3.031979301620888236e+02
-3.327868036783095818e+02
-3.455976779463487105e+02
-4.225511517076977270e+02
-4.677790777639539783e+02
-5.193287211070837657e+02
-5.581683284144107802e+02
-6.313210144283586942e+02
-6.915398139929117178e+02
-7.212872380511216761e+02
-7.062727481655493875e+02
-6.808263299507146940e+02
-6.412136622836853803e+02
-6.413320441033561110e+02
-6.149454368037767154e+02
-5.611202612445654268e+02
-5.250124671085853834e+02
-4.782224552094260162e+02
-4.033961043798570358e+02
-3.725743788296290404e+02
-3.201324149229621980e+02
-3.000813891490570313e+02
-2.254201992413945561e+02
-1.852278379365937440e+02
-1.360633504452444811e+02
-1.032184545564298759e+02
-1.175663278074324012e+02
-1.193766990917560662e+02
-1.839936124098435926e+02
-1.700329375912504020e+02
-2.995699255227913227e+02
-4.167981689807587600e+02
-5.135493230355524474e+02
-7.309293251046383375e+02
-9.823481246511228164e+02
-1.270361975332719112e+03
-1.564397702859803303e+03
-1.863649862244724318e+03
-2.145881906359138611e+03
-2.539870554738478404e+03
-2.834351583879148620e+03
-3.007974406513026224e+03
-3.237915573140603101e+03
-3.362401604976552335e+03
-3.398278911422639339e+03
-3.523470457357324449e+03
-3.468343888219194014e+03
-3.319987383012713508e+03
-3.180183821672590511e+03
-3.187913320809341258e+03
-3.030878518172754411e+03
-2.882890564696817819e+03
-2.700321740663564469e+03
-2.564694403258941747e+03
-2.223056422394563924e+03
-2.084819045271313371e+03
-1.991209762522924166e+03
-1.827648829985558450e+03
-1.567482296769511095e+03
-1.498426415082278254e+03
-1.318963789543261100e+03
-1.144785614424102960e+03
-1.829096904482464652e+03
-1.238947575970486469e+03
-9.031863634946048478e+02
-8.361574414187136881e+02
-1.027283063469623357e+03
-1.124945238589755263e+03
-1.249046898635415801e+03
-1.413824731557335781e+03
-1.636516562330675924e+03
-1.192468389991390268e+03
-6.343545076248722125e+02
7.567714263382472772e+00
9.171498383248726896e+02
1.701901398394338457e+03
2.470627875445971767e+03
3.490621011847491445e+03
4.081373994224464695e+03
4.659502963432709294e+03
4.805291226363713577e+03
4.717352772776725942e+03
4.769615250460035895e+03
4.103796453186177132e+03
3.746337254283866059e+03
2.982088960540300377e+03
2.469645701842250219e+03
2.077393693092931244e+03
1.864080947940685519e+03
1.683336912053621518e+03
1.513208978317064521e+03
1.013773714456442235e+03
3.280234114927637165e+03
4.333350716047661990e+03
4.788404177113622609e+03
5.072066106797846260e+03
4.847676232463164524e+03
4.315254820692210160e+03
3.634595226167500641e+03
3.133647150793233322e+03
2.615235271255046882e+03
2.512354801884292101e+03
2.459650533625137996e+03
2.347602312913275455e+03
1.896646783125649790e+03
1.667270170249773400e+03
1.404246317921685431e+03
