0.000000000000000000e+00
0.000000000000000000e+00
0.000000000000000000e+00
0.000000000000000000e+00
0.000000000000000000e+00
0.000000000000000000e+00
0.000000000000000000e+00
0.000000000000000000e+00
0.000000000000000000e+00
0.000000000000000000e+00
0.000000000000000000e+00
0.000000000000000000e+00
0.000000000000000000e+00
0.000000000000000000e+00
0.000000000000000000e+00
0.000000000000000000e+00
0.000000000000000000e+00
0.000000000000000000e+00
0.000000000000000000e+00
0.000000000000000000e+00
0.000000000000000000e+00
0.000000000000000000e+00
0.000000000000000000e+00
0.000000000000000000e+00
0.000000000000000000e+00
0.000000000000000000e+00
0.000000000000000000e+00
0.000000000000000000e+00
-2.330557104914097620e-04
-2.485927578575037569e-04
-2.646310002999233157e-04
-2.811704378186685466e-04
-2.982110704137393956e-04
7.667886210589943980e-04
8.106051136909369226e-04
8.556387311182111479e-04
9.018894733408171823e-04
9.493573403587549173e-04
3.190173400662162876e-04
3.349682070695271020e-04
3.513081196095039875e-04
3.680370776861470526e-04
3.851550812994562431e-04
4.540975714443400320e-03
4.742796857307550983e-03
4.949005416320922425e-03
5.159601391483515515e-03
5.374584782795328516e-03
4.651155535641606290e-03
4.837201757067270159e-03
5.026895943618928629e-03
5.220238095296579096e-03
5.417228212100224163e-03
9.098983665438251101e-03
9.429855798726913610e-03
9.766636362967160215e-03
1.010932535815899092e-02
1.045792278430240398e-02
1.140280466466818757e-02
1.178289815349045991e-02
1.216922268311309771e-02
1.256177825353610271e-02
1.296056486475947143e-02
1.688480262266479209e-02
1.740433501105448019e-02
1.793173910229855714e-02
1.846701489639701946e-02
1.901016239334987409e-02
1.839820919765169926e-02
1.892387231758460575e-02
1.945693914343205738e-02
1.999740967519405763e-02
2.054528391287060995e-02
2.603437586611834567e-02
2.672862588921483609e-02
2.743201078103628052e-02
2.814453054158267548e-02
2.886618517085402791e-02
3.258550133514699632e-02
3.340013886852567782e-02
3.422483365540285316e-02
3.505958569577853623e-02
3.590439498965271314e-02
3.990572131994078731e-02
4.084467946864527715e-02
4.179455573535795221e-02
4.275535012007882635e-02
4.372706262280789957e-02
5.005293464054409724e-02
5.116522207700063135e-02
5.228973245231932632e-02
5.342646576650018214e-02
5.457542201954319189e-02
5.583949077600217775e-02
5.701505900286537448e-02
5.820287273209174411e-02
5.940293196368125889e-02
6.061523669763393962e-02
6.373938277916907369e-02
6.501417043475246627e-02
6.630157975029210560e-02
6.760161072578804720e-02
6.891426336124023555e-02
7.023953765664869842e-02
7.157743361201343579e-02
7.292795122733444768e-02
7.429109050261172020e-02
7.712594144431361709e-02
7.854109633320009720e-02
7.996911626653101235e-02
8.141000124430634866e-02
8.286375126652610612e-02
8.433036633319028474e-02
8.580984644429888453e-02
8.730219159985190547e-02
8.880740179984936145e-02
9.074043587801192134e-02
9.227840936746974088e-02
9.382930700389781331e-02
9.539312878729611089e-02
9.696987471766463362e-02
9.855954479500340926e-02
1.001621390193124100e-01
1.017776573905916221e-01
1.034060999088411009e-01
1.003925670980937157e-01
1.019735524067251209e-01
1.035668891630801974e-01
1.051725773671589592e-01
1.067906170189614062e-01
1.084210081184875385e-01
1.100637506657373560e-01
1.117188446607108449e-01
1.133862901034080189e-01
1.148457707565257446e-01
1.165346791500040530e-01
1.182359153419749176e-01
1.199494793324383246e-01
1.216753711213942740e-01
1.234135907088427658e-01
1.251641380947838000e-01
1.269270132792173766e-01
1.287022162621434818e-01
1.190597632453132826e-01
1.207019668762831233e-01
1.223554184773281012e-01
1.240201180484482024e-01
1.256960655896434687e-01
1.273832611009138305e-01
1.290817045822593712e-01
1.307913960336800074e-01
1.325123354551757948e-01
1.380393799179654990e-01
1.398320991376793276e-01
1.416363842878429480e-01
1.434522353684563323e-01
1.452796523795194528e-01
1.471186353210323650e-01
1.489691841929950411e-01
1.508312989954074812e-01
1.527049797282696575e-01
1.422869156932181356e-01
1.440327674195152896e-01
1.457892645831679046e-01
1.475564071841760083e-01
1.493341952225395730e-01
1.511226286982586264e-01
1.529217076113331131e-01
1.547314319617631162e-01
1.565518017495485525e-01
1.486571313746480882e-01
1.503857026697021371e-01
1.521242657063461012e-01
1.538728204845799807e-01
1.556313670044037201e-01
1.573999052658174302e-01
1.591784352688210002e-01
1.609669570134145133e-01
1.627654704995979140e-01
1.650309263599271103e-01
1.668544725075506163e-01
1.686880381395017281e-01
1.705316232557804179e-01
1.723852278563867135e-01
1.742488519413206427e-01
1.761224955105821499e-01
1.780061585641712629e-01
1.798998411020879817e-01
1.784110032776660693e-01
1.802890138384836138e-01
1.821768569153263684e-01
1.840745325081943329e-01
1.859820406170875629e-01
1.878993812420059750e-01
1.898265543829496527e-01
1.917635600399185125e-01
1.937103982129126101e-01
1.861162545235073296e-01
1.879867696443466019e-01
1.898666373407900676e-01
1.917558576128377268e-01
1.936544304604895794e-01
1.955623558837456255e-01
1.974796338826058928e-01
1.994062644570703258e-01
2.013422476071389799e-01
1.976054759784648951e-01
1.995055286321039678e-01
2.014146724467652805e-01
2.033329074224487221e-01
2.052602335591544314e-01
2.071966508568822696e-01
2.091421593156323755e-01
2.110967589354046103e-01
2.130604497161990851e-01
2.193503958347186589e-01
2.213720584691400428e-01
2.234029947853707065e-01
2.254432047834106223e-01
2.274926884632597901e-01
2.295514458249182654e-01
2.316194768683859651e-01
2.336967815936630000e-01
2.357833600007492592e-01
2.331595894450551321e-01
2.352229486436838990e-01
2.372953975304123997e-01
2.393769361052405786e-01
2.414675643681684636e-01
2.435672823191959990e-01
2.456760899583232405e-01
2.477939872855501602e-01
2.499209743008767581e-01
2.617819028879210808e-01
2.640098339763289337e-01
2.662472054507045716e-01
2.684940173110481054e-01
2.707502695573594242e-01
2.730159621896385835e-01
2.752910952078855833e-01
2.775756686121003680e-01
2.798696824022830487e-01
3.064298465978872454e-01
3.089415666519682580e-01
3.114635386246374371e-01
3.139957625158946164e-01
3.165382383257399068e-01
3.190909660541733084e-01
3.216539457011947656e-01
3.242271772668043339e-01
3.268106607510019579e-01
3.207027553044053958e-01
3.232379549510805417e-01
3.257831356987268556e-01
3.283382975473443377e-01
3.309034404969329879e-01
3.334785645474927507e-01
3.360636696990236816e-01
3.386587559515258361e-01
3.412638233049991032e-01
3.491931696845744226e-01
3.518587663997238546e-01
3.545344984636000785e-01
3.572203658762031497e-01
3.599163686375329574e-01
3.626225067475895569e-01
3.653387802063730594e-01
3.680651890138832982e-01
3.708017331701203290e-01
3.698299835204986175e-01
3.725593560926055980e-01
3.752987631226982757e-01
3.780482046107766503e-01
3.808076805568407774e-01
3.835771909608904906e-01
3.863567358229259008e-01
3.891463151429470635e-01
3.919459289209538677e-01
4.162553836539077956e-01
4.192286363942928085e-01
4.222124701052842322e-01
4.252068847868820112e-01
4.282118804390861455e-01
4.312274570618965797e-01
4.342536146553133691e-01
4.372903532193365694e-01
4.403376727539661251e-01
4.477266604167403075e-01
4.508251148140879905e-01
4.539342535369437770e-01
4.570540765853076115e-01
4.601845839591796050e-01
4.633257756585596465e-01
4.664776516834478470e-01
4.696402120338440400e-01
4.728134567097484475e-01
4.453189996280503826e-01
4.483077177463594687e-01
4.513064315774387714e-01
4.543151411212883461e-01
4.573338463779081930e-01
4.603625473472983121e-01
4.634012440294587587e-01
4.664499364243894219e-01
4.695086245320903018e-01
4.988509466522980662e-01
5.021007899529645879e-01
5.053611846929187967e-01
5.086321308721609702e-01
5.119136284906911083e-01
5.152056775485089890e-01
5.185082780456148344e-01
5.218214299820085333e-01
5.251451333576901970e-01
5.620555640076070336e-01
5.656128777038577082e-01
5.691814132098756973e-01
5.727611705256611119e-01
5.763521496512138409e-01
5.799543505865339954e-01
5.835677733316213533e-01
5.871924178864761368e-01
5.908282842510983457e-01
7.349164311420156581e-01
7.394389937951972858e-01
7.439754293399530871e-01
7.485257377762830622e-01
7.530899191041872109e-01
7.576679733236656444e-01
7.622599004347181406e-01
7.668657004373448105e-01
7.714853733315457651e-01
9.391691401077708612e-01
9.447929074138055050e-01
9.504334620849326232e-01
9.560908041211524377e-01
9.617649335224649487e-01
9.674558502888700451e-01
9.731635544203678378e-01
9.788880459169582160e-01
9.846293247786412905e-01
1.195419058057767936e+00
1.202389431574139689e+00
1.209380067804221914e+00
1.216390966748014613e+00
1.223422128405517562e+00
1.230473552776730983e+00
1.237545239861654656e+00
1.244637189660288801e+00
1.251749402172633419e+00
1.586445484206713052e+00
1.595459379003342004e+00
1.604498808912709462e+00
1.613563773934815204e+00
1.622654274069659230e+00
1.631770309317241763e+00
1.640911879677562357e+00
1.650078985150621236e+00
1.659271625736418621e+00
1.869619284627045852e+00
1.879977286203926790e+00
1.890363901044832762e+00
1.900779129149762881e+00
1.911222970518717590e+00
1.921695425151696890e+00
1.932196493048700781e+00
1.942726174209729040e+00
1.953284468634781890e+00
2.311835137561188525e+00
2.324331543710167924e+00
2.336861632894589480e+00
2.349425405114452747e+00
2.362022860369758170e+00
2.374653998660505305e+00
2.387318819986695040e+00
2.400017324348326042e+00
2.412749511745399644e+00
2.733966656047114530e+00
2.748393920722824735e+00
2.762859151884523801e+00
2.777362349532211727e+00
2.791903513665888514e+00
2.806482644285553718e+00
2.821099741391207338e+00
2.835754804982849819e+00
2.850447835060481161e+00
3.059109121133522624e+00
3.074877724850705540e+00
3.090686864824231161e+00
3.106536541054099043e+00
3.122426753540309186e+00
3.138357502282861589e+00
3.154328787281756696e+00
3.170340608536994065e+00
3.186392966048573694e+00
3.739888082106864076e+00
3.758728828112440468e+00
3.777616912675819449e+00
3.796552335797001465e+00
3.815535097475986959e+00
3.834565197712774598e+00
3.853642636507365271e+00
3.872767413859758978e+00
3.891939529769956163e+00
4.169269696242506207e+00
4.189807970608232957e+00
4.210396707564538765e+00
4.231035907111424521e+00
4.251725569248888448e+00
4.272465693976931433e+00
4.293256281295554366e+00
4.314097331204755470e+00
4.334988843704536521e+00
4.683483655459053097e+00
4.706054661027530450e+00
4.728679923820932274e+00
4.751359443839257679e+00
4.774093221082507554e+00
4.796881255550681900e+00
4.819723547243780715e+00
4.842620096161803112e+00
4.865570902304749978e+00
5.225432350906895174e+00
5.250080616713059811e+00
5.274786878438767701e+00
5.299551136084020619e+00
5.324373389648817678e+00
5.349253639133157101e+00
5.374191884537041553e+00
5.399188125860469256e+00
5.424242363103441988e+00
5.442463797110281831e+00
5.467602198020721893e+00
5.492798521513904575e+00
5.518052767589830765e+00
5.543364936248499575e+00
5.568735027489911893e+00
5.594163041314066831e+00
5.619648977720964389e+00
5.645192836710605455e+00
5.957217747319337953e+00
5.984173483732547538e+00
6.011190068309217871e+00
6.038267501049349839e+00
6.065405781952941666e+00
6.092604911019996017e+00
6.119864888250510226e+00
6.147185713644485183e+00
6.174567387201922664e+00
5.876945250605696280e+00
5.903007092071796968e+00
5.929126592479193825e+00
5.955303751827887737e+00
5.981538570117878706e+00
6.007831047349165843e+00
6.034181183521750036e+00
6.060588978635630397e+00
6.087054432690807815e+00
5.984905940600981467e+00
6.010927270777506770e+00
6.037005046355718108e+00
6.063139267335612814e+00
6.089329933717191778e+00
6.115577045500455888e+00
6.141880602685403368e+00
6.168240605272036881e+00
6.194657053260353763e+00
6.153891205681033760e+00
6.180133812101847646e+00
6.206432253855473036e+00
6.232786530941908154e+00
6.259196643361153889e+00
6.285662591113209352e+00
6.312184374198075432e+00
6.338761992615751240e+00
6.365395446366237664e+00
6.311953784984898341e+00
6.338363633457638535e+00
6.364828617313411208e+00
6.391348736552217247e+00
6.417923991174055764e+00
6.444554381178927649e+00
6.471239906566832012e+00
6.497980567337769742e+00
6.524776363491739950e+00
6.127996112158464292e+00
6.153162420627288576e+00
6.178380299400351383e+00
6.203649748477652714e+00
6.228970767859194346e+00
6.254343357544975390e+00
6.279767517534995847e+00
6.305243247829254827e+00
6.330770548427754107e+00
6.368258267075225909e+00
6.393936727829561129e+00
6.419666855506943826e+00
6.445448650107373112e+00
6.471282111630848988e+00
6.497167240077373229e+00
6.523104035446943172e+00
6.549092497739560592e+00
6.575132626955224602e+00
6.508700366934590420e+00
6.534477398090767331e+00
6.560305371996264512e+00
6.586184288651081964e+00
6.612114148055220575e+00
6.638094950208678569e+00
6.664126695111457721e+00
6.690209382763557144e+00
6.716343013164977727e+00
6.400358807526899341e+00
6.425262927400544832e+00
6.450215404788507634e+00
6.475216239690788633e+00
6.500265432107386943e+00
6.525362982038304338e+00
6.550508889483538155e+00
6.575703154443090170e+00
6.600945776916960384e+00
6.570181397975521698e+00
6.595306374640819591e+00
6.620479299734868484e+00
6.645700173257668375e+00
6.670968995209218377e+00
6.696285765589519379e+00
6.721650484398570491e+00
6.747063151636372602e+00
6.772523767302924824e+00
6.596183616710481701e+00
6.620981299480069637e+00
6.645825506982809827e+00
6.670716239218700494e+00
6.695653496187741638e+00
6.720637277889935035e+00
6.745667584325279797e+00
6.770744415493774149e+00
6.795867771395421642e+00
6.832781079372614030e+00
6.858040898520017414e+00
6.883347322499795418e+00
6.908700351311948928e+00
6.934099984956478835e+00
6.959546223433383361e+00
6.985039066742663394e+00
7.010578514884318047e+00
7.036164567858348207e+00
6.705232805902852533e+00
6.729615470651590492e+00
6.754042387060489538e+00
6.778513555129549673e+00
6.803028974858770006e+00
6.827588646248151427e+00
6.852192569297695712e+00
6.876840744007399309e+00
6.901533170377263993e+00
6.665799639766015083e+00
6.689648654577342590e+00
6.713540256915118576e+00
6.737474446779343928e+00
6.761451224170017760e+00
6.785470589087140070e+00
6.809532541530711747e+00
6.833637081500731902e+00
6.857784208997201425e+00
6.697258414634872814e+00
6.720840310461052347e+00
6.744463650743867333e+00
6.768128435483320438e+00
6.791834664679408107e+00
6.815582338332133006e+00
6.839371456441496022e+00
6.863202019007493604e+00
6.887074026030128415e+00
6.477825512190673152e+00
6.500278980170535625e+00
6.522771294980815426e+00
6.545302456621508114e+00
6.567872465092618128e+00
6.590481320394141029e+00
6.613129022526079481e+00
6.635815571488433484e+00
6.658540967281202150e+00
5.824800562331390985e+00
5.844680427731839600e+00
5.864594160023941072e+00
5.884541759207696288e+00
5.904523225283104360e+00
5.924538558250166176e+00
5.944587758108880848e+00
5.964670824859248377e+00
5.984787758501269650e+00
5.111344849750218522e+00
5.128525840841816397e+00
5.145735659099675452e+00
5.162974304523794800e+00
5.180241777114174440e+00
5.197538076870817036e+00
5.214863203793719038e+00
5.232217157882883107e+00
5.249599939138308358e+00
3.582202781942512626e+00
3.594064380558216421e+00
3.605945585122045216e+00
3.617846395633999013e+00
3.629766812094078254e+00
3.641706834502282497e+00
3.653666462858611741e+00
3.665645697163066430e+00
3.677644537415645676e+00
1.886395820979440696e+00
1.892550456610694987e+00
1.898715116078482312e+00
1.904889799382802451e+00
1.911074506523655847e+00
1.917269237501041834e+00
1.923473992314961301e+00
1.929688770965413358e+00
1.935913573452398673e+00
-4.279164864155978187e-01
-4.292924236709533825e-01
-4.306705694933321005e-01
-4.320509238827338061e-01
-4.334334868391585549e-01
-4.348182583626063469e-01
-4.362052384530771820e-01
-4.375944271105710048e-01
-4.389858243350879818e-01
-2.967216430814975769e+00
-2.976621237251790397e+00
-2.986040924711447886e+00
-2.995475493193948235e+00
-3.004924942699292334e+00
-3.014389273227478849e+00
-3.023868484778508670e+00
-3.033362577352381795e+00
-3.042871550949097781e+00
-6.711547518752088770e+00
-6.732521104748189877e+00
-6.753527410847247836e+00
-6.774566437049263534e+00
-6.795638183354237860e+00
-6.816742649762170814e+00
-6.837879836273060619e+00
-6.859049742886909939e+00
-6.880252369603716112e+00
-1.101484637332765182e+01
-1.104879042994807570e+01
-1.108278670819407097e+01
-1.111683520806563408e+01
-1.115093592956276858e+01
-1.118508887268547092e+01
-1.121929403743374465e+01
-1.125355142380758799e+01
-1.128786103180700273e+01
-1.528179985723998158e+01
-1.532824909692764237e+01
-1.537476882104578380e+01
-1.542135902959440763e+01
-1.546801972257351210e+01
-1.551475089998310075e+01
-1.556155256182317004e+01
-1.560842470809372173e+01
-1.565536733879475584e+01
-2.055834349708098685e+01
-2.061998770546803783e+01
-2.068172419560416841e+01
-2.074355296748938216e+01
-2.080547402112367905e+01
-2.086748735650705555e+01
-2.092959297363951876e+01
-2.099179087252106157e+01
-2.105408105315169109e+01
-2.574500894814552510e+01
-2.582117761367258169e+01
-2.589745878830676773e+01
-2.597385247204809033e+01
-2.605035866489653529e+01
-2.612697736685211325e+01
-2.620370857791482067e+01
-2.628055229808466109e+01
-2.635750852736162742e+01
-2.939069072759281909e+01
-2.947650296329381803e+01
-2.956244028971741500e+01
-2.964850270686360645e+01
-2.973469021473239948e+01
-2.982100281332378344e+01
-2.990744050263776899e+01
-2.999400328267434546e+01
-3.008069115343351996e+01
-3.394418384657615206e+01
-3.404200570204179144e+01
-3.413996830837859875e+01
-3.423807166558658110e+01
-3.433631577366574561e+01
-3.443470063261607805e+01
-3.453322624243757843e+01
-3.463189260313025386e+01
-3.473069971469411144e+01
-3.647944215355841635e+01
-3.658322435029685238e+01
-3.668715396492837755e+01
-3.679123099745299186e+01
-3.689545544787070952e+01
-3.699982731618151632e+01
-3.710434660238541937e+01
-3.720901330648241867e+01
-3.731382742847250711e+01
-3.837326729657766577e+01
-3.848105737325344222e+01
-3.858899862815737691e+01
-3.869709106128946985e+01
-3.880533467264972103e+01
-3.891372946223813045e+01
-3.902227543005469101e+01
-3.913097257609941693e+01
-3.923982090037229398e+01
-3.935961899098149530e+01
-3.946879962618532289e+01
-3.957813148110550117e+01
-3.968761455574203723e+01
-3.979724885009491686e+01
-3.990703436416414007e+01
-4.001697109794972107e+01
-4.012705905145164564e+01
-4.023729822466991379e+01
-3.952296324319565457e+01
-3.963124533427289720e+01
-3.973967555406571250e+01
-3.984825390257408628e+01
-3.995698037979802564e+01
-4.006585498573753767e+01
-4.017487772039260108e+01
-4.028404858376323716e+01
-4.039336757584943172e+01
-3.958919717579223629e+01
-3.969633979331806017e+01
-3.980362719816486816e+01
-3.991105939033265315e+01
-4.001863636982142225e+01
-4.012635813663116835e+01
-4.023422469076189856e+01
-4.034223603221360577e+01
-4.045039216098629709e+01
-3.860202084969323266e+01
-3.870523480918438963e+01
-3.880858657102466935e+01
-3.891207613521406472e+01
-3.901570350175258284e+01
-3.911946867064022371e+01
-3.922337164187698733e+01
-3.932741241546286659e+01
-3.943159099139786861e+01
-3.708591503104485554e+01
-3.718389631250072114e+01
-3.728200685686088178e+01
-3.738024666412533037e+01
-3.747861573429408111e+01
-3.757711406736713400e+01
-3.767574166334447483e+01
-3.777449852222611071e+01
-3.787338464401204163e+01
-3.663463654979477724e+01
-3.673028834235298490e+01
-3.682606484389758350e+01
-3.692196605442856594e+01
-3.701799197394593932e+01
-3.711414260244968943e+01
-3.721041793993983049e+01
-3.730681798641635538e+01
-3.740334274187927832e+01
-3.547503934489990485e+01
-3.556658783353190501e+01
-3.565825429702039173e+01
-3.575003873536535792e+01
-3.584194114856681068e+01
-3.593396153662475001e+01
-3.602609989953917591e+01
-3.611835623731008127e+01
-3.621073054993747320e+01
-3.399521533776675142e+01
-3.408193782587329679e+01
-3.416877078848698801e+01
-3.425571422560781798e+01
-3.434276813723579380e+01
-3.442993252337090837e+01
-3.451720738401316169e+01
-3.460459271916256796e+01
-3.469208852881911298e+01
-3.351206990091221627e+01
-3.359658962323482001e+01
-3.368121579357042350e+01
-3.376594841191902674e+01
-3.385078747828063683e+01
-3.393573299265523957e+01
-3.402078495504284916e+01
-3.410594336544345850e+01
-3.419120822385706049e+01
-3.214677043695271408e+01
-3.222693694677055021e+01
-3.230720329034905092e+01
-3.238756946768823042e+01
-3.246803547878807450e+01
-3.254860132364859737e+01
-3.262926700226977772e+01
-3.271003251465163686e+01
-3.279089786079416058e+01
-3.122774119031762652e+01
-3.130475164947993960e+01
-3.138185694910919921e+01
-3.145905708920540889e+01
-3.153635206976856864e+01
-3.161374189079867136e+01
-3.169122655229572771e+01
-3.176880605425973414e+01
-3.184648039669068353e+01
-2.988946175121790105e+01
-2.996236287744038407e+01
-3.003535279918810730e+01
-3.010843151646107074e+01
-3.018159902925927440e+01
-3.025485533758272183e+01
-3.032820044143140592e+01
-3.040163434080533378e+01
-3.047515703570450185e+01
-3.047068325103757402e+01
-3.054419515272886088e+01
-3.061779562297639856e+01
-3.069148466178019419e+01
-3.076526226914024065e+01
-3.083912844505654149e+01
-3.091308318952910028e+01
-3.098712650255791345e+01
-3.106125838414297746e+01
-2.863015868490085936e+01
-2.869848841923236549e+01
-2.876689959544031083e+01
-2.883539221352469184e+01
-2.890396627348551206e+01
-2.897262177532277150e+01
-2.904135871903646304e+01
-2.911017710462659736e+01
-2.917907693209317088e+01
-2.832627318826595442e+01
-2.839315931149680594e+01
-2.846012430987297748e+01
-2.852716818339446903e+01
-2.859429093206128059e+01
-2.866149255587341216e+01
-2.872877305483085664e+01
-2.879613242893362823e+01
-2.886357067818171629e+01
-2.847322004259727279e+01
-2.853974625765006934e+01
-2.860635009955823449e+01
-2.867303156832177535e+01
-2.873979066394068482e+01
-2.880662738641496645e+01
-2.887354173574462024e+01
-2.894053371192963908e+01
-2.900760331497003364e+01
-2.716872104218313666e+01
-2.723153889430379238e+01
-2.729442928435992144e+01
-2.735739221235152385e+01
-2.742042767827860317e+01
-2.748353568214115228e+01
-2.754671622393918184e+01
-2.760996930367268121e+01
-2.767329492134165037e+01
-2.728003740970179081e+01
-2.734246312459813311e+01
-2.740496018316864024e+01
-2.746752858541332287e+01
-2.753016833133216323e+01
-2.759287942092517554e+01
-2.765566185419235623e+01
-2.771851563113370176e+01
-2.778144075174921568e+01
-2.606503703397433824e+01
-2.612407449044993157e+01
-2.618317873137855045e+01
-2.624234975676019843e+01
-2.630158756659486841e+01
-2.636089216088257103e+01
-2.642026353962329566e+01
-2.647970170281704938e+01
-2.653920665046383220e+01
-2.603671946058900133e+01
-2.609509775534368359e+01
-2.615354142332877885e+01
-2.621205046454427645e+01
-2.627062487899018706e+01
-2.632926466666650356e+01
-2.638796982757323306e+01
-2.644674036171036491e+01
-2.650557626907790620e+01
-2.739677074737129914e+01
-2.745758488887489790e+01
-2.751846645182140705e+01
-2.757941543621082303e+01
-2.764043184204314585e+01
-2.770151566931837905e+01
-2.776266691803651909e+01
-2.782388558819757307e+01
-2.788517167980153033e+01
-2.708790815521377482e+01
-2.714744201929116585e+01
-2.720704123338401459e+01
-2.726670579749231393e+01
-2.732643571161606388e+01
-2.738623097575526799e+01
-2.744609158990992270e+01
-2.750601755408003157e+01
-2.756600886826559460e+01
-2.903753948009982011e+01
-2.910073325481168283e+01
-2.916399571840910099e+01
-2.922732687089207460e+01
-2.929072671226060365e+01
-2.935419524251469170e+01
-2.941773246165433164e+01
-2.948133836967953059e+01
-2.954501296659028142e+01
-2.967705367935575822e+01
-2.974101284676816448e+01
-2.980504086150824605e+01
-2.986913772357600649e+01
-2.993330343297144580e+01
-2.999753798969455687e+01
-3.006184139374535036e+01
-3.012621364512382272e+01
-3.019065474382996683e+01
-2.913928573218025875e+01
-2.920148271346559810e+01
-2.926374600283332583e+01
-2.932607560028344906e+01
-2.938847150581596779e+01
-2.945093371943088201e+01
-2.951346224112818817e+01
-2.957605707090788627e+01
-2.963871820876997631e+01
-3.409145380845139073e+01
-3.416352876364896218e+01
-3.423567982756374306e+01
-3.430790700019573336e+01
-3.438021028154493308e+01
-3.445258967161134223e+01
-3.452504517039496079e+01
-3.459757677789579589e+01
-3.467018449411383330e+01
-3.692403814154721431e+01
-3.700136597011589856e+01
-3.707877468553455458e+01
-3.715626428780316814e+01
-3.723383477692176058e+01
-3.731148615289031056e+01
-3.738921841570883231e+01
-3.746703156537732582e+01
-3.754492560189578398e+01
-4.079446812110700193e+01
-4.087910394708440265e+01
-4.096382747858095286e+01
-4.104863871559664545e+01
-4.113353765813148755e+01
-4.121852430618547913e+01
-4.130359865975862022e+01
-4.138876071885090369e+01
-4.147401048346233665e+01
-4.390695329570994687e+01
-4.399720397052126941e+01
-4.408754730516299958e+01
-4.417798329963513027e+01
-4.426851195393766147e+01
-4.435913326807059320e+01
-4.444984724203392545e+01
-4.454065387582766533e+01
-4.463155316945179862e+01
-4.940911490799246764e+01
-4.950974446992320566e+01
-4.961047640170331618e+01
-4.971131070333279212e+01
-4.981224737481164055e+01
-4.991328641613986150e+01
-5.001442782731745496e+01
-5.011567160834440671e+01
-5.021701775922073807e+01
-5.966718215407000514e+01
-5.978760028152524342e+01
-5.990813979822186752e+01
-6.002880070415987035e+01
-6.014958299933927321e+01
-6.027048668376005480e+01
-6.039151175742222222e+01
-6.051265822032578257e+01
-6.063392607247072164e+01
-6.515404651932770719e+01
-6.528435461236635717e+01
-6.541479288332014619e+01
-6.554536133218904581e+01
-6.567605995897307025e+01
-6.580688876367221951e+01
-6.593784774628649359e+01
-6.606893690681589248e+01
-6.620015624526041620e+01
-7.010375130445984837e+01
-7.024270819505342445e+01
-7.038180266672681284e+01
-7.052103471947997093e+01
-7.066040435331294134e+01
-7.079991156822569565e+01
-7.093955636421824806e+01
-7.107933874129061280e+01
-7.121925869944276144e+01
-7.386139204621413512e+01
-7.400650283608881352e+01
-7.415175603105660684e+01
-7.429715163111750087e+01
-7.444268963627150981e+01
-7.458837004651860525e+01
-7.473419286185882981e+01
-7.488015808229214088e+01
-7.502626570781856685e+01
-8.010678042482905425e+01
-8.026278194464370586e+01
-8.041893521690955993e+01
-8.057524024162657383e+01
-8.073169701879477600e+01
-8.088830554841418063e+01
-8.104506583048474511e+01
-8.120197786500648363e+01
-8.135904165197942461e+01
-7.529327288778863192e+01
-7.543862669645230312e+01
-7.558412067272320201e+01
-7.572975481660127173e+01
-7.587552912808655492e+01
-7.602144360717902316e+01
-7.616749825387870487e+01
-7.631369306818557163e+01
-7.646002805009962344e+01
-7.597324640379196126e+01
-7.611864974619156499e+01
-7.626419209752270945e+01
-7.640987345778540885e+01
-7.655569382697966319e+01
-7.670165320510545826e+01
-7.684775159216279405e+01
-7.699398898815168479e+01
-7.714036539307213047e+01
-7.644449203774946966e+01
-7.658954799987044737e+01
-7.673474145579436367e+01
-7.688007240552124699e+01
-7.702554084905108311e+01
-7.717114678638388625e+01
-7.731689021751964219e+01
-7.746277114245836515e+01
-7.760878956120004091e+01
-7.177157584036241644e+01
-7.190661173093694458e+01
-7.204177453494247629e+01
-7.217706425237898316e+01
-7.231248088324649359e+01
-7.244802442754497918e+01
-7.258369488527445412e+01
-7.271949225643493264e+01
-7.285541654102640052e+01
-6.586371595976797266e+01
-6.598659602685708592e+01
-6.610959061404599879e+01
-6.623269972133472550e+01
-6.635592334872326603e+01
-6.647926149621159198e+01
-6.660271416379973175e+01
-6.672628135148767115e+01
-6.684996305927542437e+01
-6.252035546265882715e+01
-6.263602679561471831e+01
-6.275180503368424212e+01
-6.286769017686740568e+01
-6.298368222516421611e+01
-6.309978117857465918e+01
-6.321598703709872780e+01
-6.333229980073645038e+01
-6.344871946948780561e+01
-5.578204904262093322e+01
-5.588440142618537720e+01
-5.598684762495015832e+01
-5.608938763891526236e+01
-5.619202146808071063e+01
-5.629474911244648894e+01
-5.639757057201259727e+01
-5.650048584677904984e+01
-5.660349493674583243e+01
-5.601084326778958911e+01
-5.611277382878648723e+01
-5.621479705392972903e+01
-5.631691294321933583e+01
-5.641912149665530762e+01
-5.652142271423763731e+01
-5.662381659596633199e+01
-5.672630314184137745e+01
-5.682888235186279502e+01
-4.913694239247180207e+01
-4.922563723433547267e+01
-4.931441205351371337e+01
-4.940326685000653129e+01
-4.949220162381391930e+01
-4.958121637493589162e+01
-4.967031110337243405e+01
-4.975948580912355368e+01
-4.984874049218924341e+01
-4.196708290764264859e+01
-4.204222540165812205e+01
-4.211743510720670969e+01
-4.219271202428839729e+01
-4.226805615290319906e+01
-4.234346749305110791e+01
-4.241894604473213093e+01
-4.249449180794625391e+01
-4.257010478269349107e+01
-3.616823362579209800e+01
-3.623247560381304311e+01
-3.629677458447642380e+01
-3.636113056778223296e+01
-3.642554355373047059e+01
-3.649001354232114380e+01
-3.655454053355425259e+01
-3.661912452742978985e+01
-3.668376552394775558e+01
-3.103809888139572237e+01
-3.109279156664928578e+01
-3.114753239687226127e+01
-3.120232137206464884e+01
-3.125715849222644849e+01
-3.131204375735766021e+01
-3.136697716745828757e+01
-3.142195872252833055e+01
-3.147698842256778207e+01
-2.668858221798105390e+01
-2.673524057850199753e+01
-2.678193968868278674e+01
-2.682867954852342152e+01
-2.687546015802389476e+01
-2.692228151718421714e+01
-2.696914362600438153e+01
-2.701604648448439150e+01
-2.706299009262423994e+01
-2.114497363854669842e+01
-2.118165182352249687e+01
-2.121836179202080430e+01
-2.125510354404161717e+01
-2.129187707958494258e+01
-2.132868239865077697e+01
-2.136551950123911681e+01
-2.140238838734997273e+01
-2.143928905698333409e+01
-1.492158869820450384e+01
-1.494727129493119122e+01
-1.497297597471611219e+01
-1.499870273755926497e+01
-1.502445158346065668e+01
-1.505022251242028020e+01
-1.507601552443813731e+01
-1.510183061951422978e+01
-1.512766779764855762e+01
-1.345921476631479052e+01
-1.348220232355871140e+01
-1.350520949475932397e+01
-1.352823627991662825e+01
-1.355128267903062600e+01
-1.357434869210131723e+01
-1.359743431912869838e+01
-1.362053956011277478e+01
-1.364366441505354466e+01
-1.654657082467811335e+01
-1.657461585997418041e+01
-1.660268464212485640e+01
-1.663077717113014131e+01
-1.665889344699004226e+01
-1.668703346970455215e+01
-1.671519723927367096e+01
-1.674338475569740581e+01
-1.677159601897574959e+01
-1.132407519459962231e+01
-1.134312326052830144e+01
-1.136218733323507202e+01
-1.138126741271993403e+01
-1.140036349898288570e+01
-1.141947559202393059e+01
-1.143860369184306514e+01
-1.145774779844029290e+01
-1.147690791181561210e+01
-2.052197616620019360e+01
-2.055623656046763870e+01
-2.059052552887542475e+01
-2.062484307142354822e+01
-2.065918918811201266e+01
-2.069356387894082161e+01
-2.072796714390996797e+01
-2.076239898301945175e+01
-2.079685939626927649e+01
-2.539156306547848629e+01
-2.543363690651490217e+01
-2.547574557688992769e+01
-2.551788907660355932e+01
-2.556006740565579705e+01
-2.560228056404663732e+01
-2.564452855177609081e+01
-2.568681136884414684e+01
-2.572912901525080898e+01
-3.256543600336096489e+01
-3.261899757573490888e+01
-3.267260315926118608e+01
-3.272625275393977518e+01
-3.277994635977068327e+01
-3.283368397675391037e+01
-3.288746560488946358e+01
-3.294129124417733578e+01
-3.299516089461752699e+01
-5.133876437882141630e+01
-5.142258276964398078e+01
-5.150646952783262833e+01
-5.159042465338737316e+01
-5.167444814630820105e+01
-5.175854000659511200e+01
-5.184270023424811313e+01
-5.192692882926719733e+01
-5.201122579165237170e+01
-6.151145528108211380e+01
-6.161114969806928343e+01
-6.171092483928073591e+01
-6.181078070471646413e+01
-6.191071729437647519e+01
-6.201073460826076200e+01
-6.211083264636933876e+01
-6.221101140870219126e+01
-6.231127089525932661e+01
-8.493922690125241104e+01
-8.507589500567920027e+01
-8.521267297192626700e+01
-8.534956079999362544e+01
-8.548655848988124717e+01
-8.562366604158916061e+01
-8.576088345511735156e+01
-8.589821073046582001e+01
-8.603564786763456596e+01
-1.100247043473726762e+02
-1.102004626610266342e+02
-1.103763612446835083e+02
-1.105524000983432842e+02
-1.107285792220059761e+02
-1.109048986156715983e+02
-1.110813582793401366e+02
-1.112579582130115625e+02
-1.114346984166859329e+02
-1.373840442209938999e+02
-1.376019411983467933e+02
-1.378200108357451086e+02
-1.380382531331889027e+02
-1.382566680906781187e+02
-1.384752557082127851e+02
-1.386940159857929018e+02
-1.389129489234184689e+02
-1.391320545210894863e+02
-1.725881597541079202e+02
-1.728599521316734240e+02
-1.731319583506060269e+02
-1.734041784109057289e+02
-1.736766123125725301e+02
-1.739492600556063735e+02
-1.742221216400073445e+02
-1.744951970657753577e+02
-1.747684863329104701e+02
-2.189127657273831176e+02
-2.192550843602641066e+02
-2.195976704295769935e+02
-2.199405239353218633e+02
-2.202836448774986593e+02
-2.206270332561073815e+02
-2.209706890711480582e+02
-2.213146123226206328e+02
-2.216588030105251903e+02
-2.444000516989434288e+02
-2.447795548848113754e+02
-2.451593524874255081e+02
-2.455394445067858271e+02
-2.459198309428924176e+02
-2.463005117957451944e+02
-2.466814870653441858e+02
-2.470627567516893635e+02
-2.474443208547807842e+02
-2.797683591793570486e+02
-2.801997675975210882e+02
-2.806315083796436056e+02
-2.810635815257247145e+02
-2.814959870357642444e+02
-2.819287249097623089e+02
-2.823617951477189649e+02
-2.827951977496340987e+02
-2.832289327155078240e+02
-3.147354089271856878e+02
-3.152173927080849012e+02
-3.156997452600483030e+02
-3.161824665830758931e+02
-3.166655566771676718e+02
-3.171490155423236388e+02
-3.176328431785438511e+02
-3.181170395858281950e+02
-3.186016047641767841e+02
-3.414078037359643076e+02
-3.419270551484905241e+02
-3.424467011289593188e+02
-3.429667416773708055e+02
-3.434871767937249274e+02
-3.440080064780216844e+02
-3.445292307302611334e+02
-3.450508495504432176e+02
-3.455728629385679369e+02
-3.660148349101510235e+02
-3.665677274100153227e+02
-3.671210371872379596e+02
-3.676747642418190480e+02
-3.682289085737584742e+02
-3.687834701830562949e+02
-3.693384490697124534e+02
-3.698938452337271201e+02
-3.704496586751000677e+02
-3.829343705000913474e+02
-3.835089156921395102e+02
-3.840838915777349030e+02
-3.846592981568775826e+02
-3.852351354295674923e+02
-3.858114033958046889e+02
-3.863881020555891723e+02
-3.869652314089208858e+02
-3.875427914557998861e+02
-3.834090852525807804e+02
-3.839804847835086434e+02
-3.845523097794632008e+02
-3.851245602404445663e+02
-3.856972361664526261e+02
-3.862703375574874940e+02
-3.868438644135490563e+02
-3.874178167346374266e+02
-3.879921945207525482e+02
-4.037692666057643578e+02
-4.043670005311614659e+02
-4.049651765674501576e+02
-4.055637947146304896e+02
-4.061628549727022346e+02
-4.067623573416656768e+02
-4.073623018215206457e+02
-4.079626884122671981e+02
-4.085635171139052773e+02
-3.887318392076417126e+02
-3.893035036770646684e+02
-3.898755881791618094e+02
-3.904480927139329083e+02
-3.910210172813781924e+02
-3.915943618814974911e+02
-3.921681265142909183e+02
-3.927423111797583601e+02
-3.933169158778999304e+02
-3.831310047925873050e+02
-3.836907286856371115e+02
-3.842508611362731017e+02
-3.848114021444951618e+02
-3.853723517103035192e+02
-3.859337098336980034e+02
-3.864954765146786144e+02
-3.870576517532454091e+02
-3.876202355493983873e+02
-3.714434556782524623e+02
-3.719825608388885030e+02
-3.725220569387273599e+02
-3.730619439777689763e+02
-3.736022219560134090e+02
-3.741428908734606011e+02
-3.746839507301105527e+02
-3.752254015259633206e+02
-3.757672432610189048e+02
-3.624257741402102511e+02
-3.629483779962163794e+02
-3.634713583679688327e+02
-3.639947152554676677e+02
-3.645184486587129982e+02
-3.650425585777046535e+02
-3.655670450124427475e+02
-3.660919079629272233e+02
-3.666171474291581376e+02
-3.451490855289735578e+02
-3.456435684595308544e+02
-3.461384053506683358e+02
-3.466335962023860588e+02
-3.471291410146839098e+02
-3.476250397875620592e+02
-3.481212925210203935e+02
-3.486178992150589693e+02
-3.491148598696776730e+02
-3.255709226556656972e+02
-3.260343688089121770e+02
-3.264981445824668640e+02
-3.269622499763295878e+02
-3.274266849905005188e+02
-3.278914496249796002e+02
-3.283565438797668321e+02
-3.288219677548621576e+02
-3.292877212502656334e+02
-3.089112996026142923e+02
-3.093482321338768770e+02
-3.097854734513805965e+02
-3.102230235551254509e+02
-3.106608824451115538e+02
-3.110990501213387915e+02
-3.115375265838071641e+02
-3.119763118325167852e+02
-3.124154058674675412e+02
-2.838222040848064012e+02
-2.842211109071321857e+02
-2.846202978606534657e+02
-2.850197649453701843e+02
-2.854195121612823414e+02
-2.858195395083899371e+02
-2.862198469866930282e+02
-2.866204345961915578e+02
-2.870213023368855261e+02
-2.551263713957904145e+02
-2.554826931435498807e+02
-2.558392635457041990e+02
-2.561960826022532842e+02
-2.565531503131971931e+02
-2.569104666785358972e+02
-2.572680316982694535e+02
-2.576258453723977482e+02
-2.579839077009208950e+02
-2.477546611712261040e+02
-2.480985260722271164e+02
-2.484426294370984465e+02
-2.487869712658400942e+02
-2.491315515584520881e+02
-2.494763703149343428e+02
-2.498214275352869436e+02
-2.501667232195098904e+02
-2.505122573676031266e+02
-2.304473455188874595e+02
-2.307652039264997086e+02
-2.310832813957299265e+02
-2.314015779265779997e+02
-2.317200935190440418e+02
-2.320388281731280244e+02
-2.323577818888299191e+02
-2.326769546661497259e+02
-2.329963465050874731e+02
-2.021296727244011322e+02
-2.024067524676833614e+02
-2.026840219916117007e+02
-2.029614812961861219e+02
-2.032391303814066248e+02
-2.035169692472732095e+02
-2.037949978937858759e+02
-2.040732163209446242e+02
-2.043516245287494826e+02
-1.937237665256575951e+02
-1.939876953628860008e+02
-1.942518038657626391e+02
-1.945160920342874817e+02
-1.947805598684605570e+02
-1.950452073682818082e+02
-1.953100345337512920e+02
-1.955750413648690369e+02
-1.958402278616349292e+02
-1.684709038595278230e+02
-1.686990296602854755e+02
-1.689273098086755738e+02
-1.691557443046981177e+02
-1.693843331483531358e+02
-1.696130763396405712e+02
-1.698419738785604522e+02
-1.700710257651128074e+02
-1.703002319992975799e+02
-1.539596646332715295e+02
-1.541668781792113521e+02
-1.543742310752156470e+02
-1.545817233212844997e+02
-1.547893549174178531e+02
-1.549971258636157359e+02
-1.552050361598781478e+02
-1.554130858062050606e+02
-1.556212748025964743e+02
-1.376467319239474136e+02
-1.378308747091299438e+02
-1.380151405844095507e+02
-1.381995295497861775e+02
-1.383840416052598528e+02
-1.385686767508305763e+02
-1.387534349864983483e+02
-1.389383163122631970e+02
-1.391233207281250372e+02
-1.183690156175827326e+02
-1.185264212234571772e+02
-1.186839314177740619e+02
-1.188415462005334007e+02
-1.189992655717351653e+02
-1.191570895313793841e+02
-1.193150180794660287e+02
-1.194730512159951274e+02
-1.196311889409666520e+02
-1.197894312543806450e+02
-1.199477781562370495e+02
-1.201062296465359083e+02
-1.202647857252772070e+02
-1.204234463924609599e+02
-1.205822116480871387e+02
-1.207410814921557716e+02
-1.209000559246668445e+02
-8.269170933096924614e+01
-8.280044267657208934e+01
-8.290924746326929551e+01
-8.301812369106085043e+01
-8.312707135994675411e+01
-8.323609046992700655e+01
-8.334518102100162196e+01
-8.345434301317057191e+01
-8.356357644643388483e+01
-8.367288132079156071e+01
-8.378225763624357114e+01
-8.389170539278994454e+01
-8.400122459043065248e+01
-8.411081522916572339e+01
-8.422047730899514306e+01
-8.433021082991892570e+01
-8.444001579193704288e+01
-6.419971057772950473e+01
-6.428319524688129150e+01
-6.436673416208192577e+01
-6.445032732333137915e+01
-6.453397473062968004e+01
-6.461767638397678581e+01
-6.470143228337273911e+01
-6.478524242881752571e+01
-6.486910682031114561e+01
-6.495302545785358461e+01
-6.503699834144487113e+01
-6.512102547108497674e+01
-6.520510684677391566e+01
-6.528924246851168789e+01
-6.537343233629829342e+01
-6.545767645013373226e+01
-6.554197481001799019e+01
-5.233259715520387800e+01
-5.239990596183436367e+01
-5.246725802605265443e+01
-5.253465334785876450e+01
-5.260209192725267258e+01
-5.266957376423439996e+01
-5.273709885880392534e+01
-5.280466721096127003e+01
-5.287227882070641982e+01
-5.293993368803937472e+01
-5.300763181296014181e+01
-5.307537319546872112e+01
-5.314315783556510553e+01
-5.321098573324929504e+01
-5.327885688852129675e+01
-5.334677130138110357e+01
-5.341472897182872259e+01
-6.209130445657456931e+01
-6.217030102713000872e+01
-6.224934781801001549e+01
-6.232844482921461093e+01
-6.240759206074376664e+01
-6.248678951259750392e+01
-6.256603718477580856e+01
-6.264533507727869477e+01
-6.272468319010615545e+01
-6.280408152325818349e+01
-6.288353007673479311e+01
-6.296302885053597720e+01
-6.304257784466173575e+01
-6.312217705911206878e+01
-6.320182649388696916e+01
-6.328152614898645112e+01
-6.336127602441050044e+01
-8.344473311132145454e+01
-8.354976109509907189e+01
-8.365485513421239716e+01
-8.376001522866144455e+01
-8.386524137844618565e+01
-8.397053358356664887e+01
-8.407589184402282001e+01
-8.418131615981469906e+01
-8.428680653094228603e+01
-8.439236295740558091e+01
-8.449798543920459792e+01
-8.460367397633930864e+01
-8.470942856880972727e+01
-8.481524921661586802e+01
-8.492113591975770248e+01
-8.502708867823525907e+01
-8.513310749204850936e+01
-7.963418436751905460e+01
-7.973335520732916848e+01
-7.983258775892510073e+01
-7.993188202230685135e+01
-8.003123799747440614e+01
-8.013065568442779352e+01
-8.023013508316699927e+01
-8.032967619369202339e+01
-8.042927901600286589e+01
-8.052894355009951255e+01
-8.062866979598200601e+01
-8.072845775365028942e+01
-8.082830742310440542e+01
-8.092821880434432558e+01
-8.102819189737009253e+01
-8.112822670218166365e+01
-8.122832321877903894e+01
-9.522702506637398301e+01
-9.534437198574104855e+01
-9.546179116306338130e+01
-9.557928259834100970e+01
-9.569684629157389111e+01
-9.581448224276206815e+01
-9.593219045190551242e+01
-9.604997091900422390e+01
-9.616782364405821681e+01
-9.628574862706749116e+01
-9.640374586803203272e+01
-9.652181536695184150e+01
-9.663995712382693171e+01
-9.675817113865730335e+01
-9.687645741144295641e+01
-9.699481594218387670e+01
-9.711324673088006421e+01
-9.627664976756044268e+01
-9.639406031605746250e+01
-9.651154241272541867e+01
-9.662909605756429698e+01
-9.674672125057412586e+01
-9.686441799175486267e+01
-9.698218628110655004e+01
-9.710002611862915955e+01
-9.721793750432269121e+01
-9.733592043818717343e+01
-9.745397492022256358e+01
-9.757210095042889009e+01
-9.769029852880616716e+01
-9.780856765535433794e+01
-9.792690833007347351e+01
-9.804532055296351700e+01
-9.816380432402449685e+01
-7.708985022561965650e+01
-7.718289772136571969e+01
-7.727600133743491995e+01
-7.736916107382725727e+01
-7.746237693054270324e+01
-7.755564890758128627e+01
-7.764897700494300636e+01
-7.774236122262783510e+01
-7.783580156063580091e+01
-7.792929801896688957e+01
-7.802285059762111530e+01
-7.811645929659846388e+01
-7.821012411589894953e+01
-7.830384505552255803e+01
-7.839762211546928938e+01
-7.849145529573914359e+01
-7.858534459633213487e+01
-3.775014601919943402e+01
-3.779524774682093380e+01
-3.784037640084699206e+01
-3.788553198127759458e+01
-3.793071448811274848e+01
-3.797592392135245376e+01
-3.802116028099671041e+01
-3.806642356704551844e+01
-3.811171377949887074e+01
-3.815703091835678151e+01
-3.820237498361923656e+01
-3.824774597528624298e+01
-3.829314389335780078e+01
-3.833856873783390284e+01
-3.838402050871456339e+01
-3.842949920599976821e+01
-3.847500482968952440e+01
5.698683993864849029e+00
5.705424010415842240e+00
5.712168010428154474e+00
5.718915993901784844e+00
5.725667960836733350e+00
5.732423911233000879e+00
5.739183845090586544e+00
5.745947762409492121e+00
5.752715663189714945e+00
5.759487547431256793e+00
5.766263415134116777e+00
5.773043266298295784e+00
5.779827100923792926e+00
5.786614919010609093e+00
5.793406720558744283e+00
5.800202505568196720e+00
5.807002274038968181e+00
5.442487012513440447e+01
5.448859948125283381e+01
5.455236612780784355e+01
5.461617006479942660e+01
5.468001129222759715e+01
5.474388981009234811e+01
5.480780561839368659e+01
5.487175871713160547e+01
5.493574910630609764e+01
5.499977678591717023e+01
5.506384175596483743e+01
5.512794401644907794e+01
5.519208356736990595e+01
5.525626040872730727e+01
5.532047454052130320e+01
5.538472596275187243e+01
5.544901467541902207e+01
1.245180162036106708e+02
1.246623849180496393e+02
1.248068372760079825e+02
1.249513732774857004e+02
1.250959929224827931e+02
1.252406962109992605e+02
1.253854831430351027e+02
1.255303537185903053e+02
1.256753079376648969e+02
1.258203458002588349e+02
1.259654673063721759e+02
1.261106724560048775e+02
1.262559612491569681e+02
1.264013336858284191e+02
1.265467897660192449e+02
1.266923294897294312e+02
1.268379528569590065e+02
1.721188095572853456e+02
1.723164201308298686e+02
1.725141440781974325e+02
1.727119813993880371e+02
1.729099320944016256e+02
1.731079961632383117e+02
1.733061736058979818e+02
1.735044644223807211e+02
1.737028686126864727e+02
1.739013861768152367e+02
1.741000171147670699e+02
1.742987614265419154e+02
1.744976191121398017e+02
1.746965901715607004e+02
1.748956746048046398e+02
1.750948724118716200e+02
1.752941835927616125e+02
2.130767745464663960e+02
2.133190448984237264e+02
2.135614529039901299e+02
2.138039985631655782e+02
2.140466818759500995e+02
2.142895028423436941e+02
2.145324614623463617e+02
2.147755577359581025e+02
2.150187916631788596e+02
2.152621632440087183e+02
2.155056724784476501e+02
2.157493193664956266e+02
2.159931039081527047e+02
2.162370261034188275e+02
2.164810859522940234e+02
2.167252834547782641e+02
2.169696186108716063e+02
2.677108898506641594e+02
2.680123660779734678e+02
2.683140119598845104e+02
2.686158274963973440e+02
2.689178126875118551e+02
2.692199675332282141e+02
2.695222920335462504e+02
2.698247861884660779e+02
2.701274499979875827e+02
2.704302834621109355e+02
2.707332865808359657e+02
2.710364593541627301e+02
2.713398017820913424e+02
2.716433138646216321e+02
2.719469956017536560e+02
2.722508469934874711e+02
2.725548680398230204e+02
3.103954117979088778e+02
3.107416420397358934e+02
3.110880652750087165e+02
3.114346815037274041e+02
3.117814907258918993e+02
3.121284929415022589e+02
3.124756881505584261e+02
3.128230763530604577e+02
3.131706575490082400e+02
3.135184317384019437e+02
3.138663989212414549e+02
3.142145590975268306e+02
3.145629122672579570e+02
3.149114584304350046e+02
3.152601975870578599e+02
3.156091297371265796e+02
3.159582548806411069e+02
3.033081974904773119e+02
3.036433446700247600e+02
3.039786769115157199e+02
3.043141942149500210e+02
3.046498965803277770e+02
3.049857840076489879e+02
3.053218564969136537e+02
3.056581140481217176e+02
3.059945566612731795e+02
3.063311843363680964e+02
3.066679970734064113e+02
3.070049948723881812e+02
3.073421777333134060e+02
3.076795456561820288e+02
3.080170986409940497e+02
3.083548366877495255e+02
3.086927597964484562e+02
3.072760916262843693e+02
3.076124639214417584e+02
3.079490202277015669e+02
3.082857605450636811e+02
3.086226848735282715e+02
3.089597932130951676e+02
3.092970855637645400e+02
3.096345619255362180e+02
3.099722222984103155e+02
3.103100666823867755e+02
3.106480950774656549e+02
3.109863074836468968e+02
3.113247039009304444e+02
3.116632843293164683e+02
3.120020487688048547e+02
3.123409972193956037e+02
3.126801296810888289e+02
3.044742929201306083e+02
3.048045253419528535e+02
3.051349367515376230e+02
3.054655271488849166e+02
3.057962965339947345e+02
3.061272449068670198e+02
3.064583722675018294e+02
3.067896786158990494e+02
3.071211639520589074e+02
3.074528282759811759e+02
3.077846715876660255e+02
3.081166938871133425e+02
3.084488951743231837e+02
3.087812754492954923e+02
3.091138347120303251e+02
3.094465729625276822e+02
3.097794902007875066e+02
2.671287613994877574e+02
2.674158422822384296e+02
2.677030773437660969e+02
2.679904665840707025e+02
2.682780100031523602e+02
2.685657076010109563e+02
2.688535593776465475e+02
2.691415653330591340e+02
2.694297254672487156e+02
2.697180397802152356e+02
2.700065082719588077e+02
2.702951309424793180e+02
2.705839077917768236e+02
2.708728388198513244e+02
2.711619240267028772e+02
2.714511634123313684e+02
2.717405569767367979e+02
2.272763986887402723e+02
2.275184395819125314e+02
2.277606092887586158e+02
2.280029078092785824e+02
2.282453351434723743e+02
2.284878912913400484e+02
2.287305762528815762e+02
2.289733900280969578e+02
2.292163326169861648e+02
2.294594040195492539e+02
2.297026042357861968e+02
2.299459332656969934e+02
2.301893911092816154e+02
2.304329777665401480e+02
2.306766932374725059e+02
2.309205375220786891e+02
2.311645106203587545e+02
1.929699704046635702e+02
1.931736326425576920e+02
1.933774022972439184e+02
1.935812793687223063e+02
1.937852638569928274e+02
1.939893557620554816e+02
1.941935550839102689e+02
1.943978618225572177e+02
1.946022759779962712e+02
1.948067975502274862e+02
1.950114265392508344e+02
1.952161629450663156e+02
1.954210067676739584e+02
1.956259580070737059e+02
1.958310166632656149e+02
1.960361827362496570e+02
1.962414562260258322e+02
1.593783136067451380e+02
1.595450273239069929e+02
1.597118281888562024e+02
1.598787162015927379e+02
1.600456913621165995e+02
1.602127536704277873e+02
1.603799031265263011e+02
1.605471397304121410e+02
1.607144634820853071e+02
1.608818743815458276e+02
1.610493724287936459e+02
1.612169576238288187e+02
1.613846299666512891e+02
1.615523894572611425e+02
1.617202360956582936e+02
1.618881698818427708e+02
1.620561908158145741e+02
1.305244534063792514e+02
1.306597820257741489e+02
1.307951807636246997e+02
1.309306496199308754e+02
1.310661885946927043e+02
1.312017976879101866e+02
1.313374768995832937e+02
1.314732262297120826e+02
1.316090456782964964e+02
1.317449352453365350e+02
1.318808949308322553e+02
1.320169247347836006e+02
1.321530246571905991e+02
1.322891946980532225e+02
1.324254348573715276e+02
1.325617451351454292e+02
1.326981255313750125e+02
1.121055518448553272e+02
1.122207682393515853e+02
1.123360438102189107e+02
1.124513785574573319e+02
1.125667724810668346e+02
1.126822255810474189e+02
1.127977378573990705e+02
1.129133093101218321e+02
1.130289399392156611e+02
1.131446297446805573e+02
1.132603787265165494e+02
1.133761868847236229e+02
1.134920542193017781e+02
1.136079807302510147e+02
1.137239664175713187e+02
1.138400112812627327e+02
1.139561153213251998e+02
1.033298774277032805e+02
1.034351549390916603e+02
1.035404860541009384e+02
1.036458707727310582e+02
1.037513090949820480e+02
1.038568010208539221e+02
1.039623465503466520e+02
1.040679456834602661e+02
1.041735984201947360e+02
1.042793047605500902e+02
1.043850647045263003e+02
1.044908782521233945e+02
1.045967454033413446e+02
1.047026661581801790e+02
1.048086405166398691e+02
1.049146684787204435e+02
1.050207500444218738e+02
1.059188161388387499e+02
1.060258048420092933e+02
1.061328475526019446e+02
1.062399442706166752e+02
1.063470949960534995e+02
1.064542997289124315e+02
1.065615584691934430e+02
1.066688712168965623e+02
1.067762379720217751e+02
1.068836587345690816e+02
1.069911335045384817e+02
1.070986622819299754e+02
1.072062450667435769e+02
1.073138818589792436e+02
1.074215726586370323e+02
1.075293174657169146e+02
1.076371162802188763e+02
5.694908396531035066e+01
5.700611860122954511e+01
5.706318178301255273e+01
5.712027351065938774e+01
5.717739378417004303e+01
5.723454260354453282e+01
5.729171996878283579e+01
5.734892587988497326e+01
5.740616033685092390e+01
5.746342333968069482e+01
5.752071488837429314e+01
5.757803498293171884e+01
5.763538362335296483e+01
5.769276080963803821e+01
5.775016654178693187e+01
5.780760081979964582e+01
5.786506364367619426e+01
9.663862777362299994e+01
9.673459463337833597e+01
9.683060911936679815e+01
9.692667123158838649e+01
9.702278097004311519e+01
9.711893833473097004e+01
9.721514332565195105e+01
9.731139594280605820e+01
9.740769618619329151e+01
9.750404405581366518e+01
9.760043955166716501e+01
9.769688267375379098e+01
9.779337342207354311e+01
9.788991179662643560e+01
9.798649779741245425e+01
9.808313142443159904e+01
9.817981267768386999e+01
9.827654155716928130e+01
9.837331806288780456e+01
9.847014219483945396e+01
9.856701395302424373e+01
9.866393333744217387e+01
9.876090034809323015e+01
9.885791498497739838e+01
9.895497724809470697e+01
9.905208713744514171e+01
9.914924465302870260e+01
9.924644979484540386e+01
9.934370256289523127e+01
9.944100295717818483e+01
9.953835097769426454e+01
9.963574662444347041e+01
9.973318989742581664e+01
1.260506709949357003e+02
1.261738274883357320e+02
1.262970441167422990e+02
1.264203208801554297e+02
1.265436577785750814e+02
1.266670548120012967e+02
1.267905119804340472e+02
1.269140292838733473e+02
1.270376067223191825e+02
1.271612442957715530e+02
1.272849420042304729e+02
1.274086998476959565e+02
1.275325178261679611e+02
1.276563959396465009e+02
1.277803341881315902e+02
1.279043325716232431e+02
1.280283910901214028e+02
1.281525097436261262e+02
1.282766885321373991e+02
1.284009274556552214e+02
1.285252265141795647e+02
1.286495857077104574e+02
1.287740050362478996e+02
1.288984844997918628e+02
1.290230240983424039e+02
1.291476238318994660e+02
1.292722837004630776e+02
1.293970037040332386e+02
1.295217838426099206e+02
1.296466241161931521e+02
1.297715245247829614e+02
1.298964850683792633e+02
1.300215057469821431e+02
1.496369781468050348e+02
1.497808598565615625e+02
1.499248107069763307e+02
1.500688306980493110e+02
1.502129198297805317e+02
1.503570781021699361e+02
1.505013055152175809e+02
1.506456020689234663e+02
1.507899677632875637e+02
1.509344025983098447e+02
1.510789065739903947e+02
1.512234796903291283e+02
1.513681219473261024e+02
1.515128333449812885e+02
1.516576138832946867e+02
1.518024635622663254e+02
1.519473823818961762e+02
1.520923703421842390e+02
1.522374274431305423e+02
1.523825536847350293e+02
1.525277490669977851e+02
1.526730135899187246e+02
1.528183472534979046e+02
1.529637500577352682e+02
1.531092220026309008e+02
1.532547630881847169e+02
1.534003733143967736e+02
1.535460526812670423e+02
1.536918011887955515e+02
1.538376188369822444e+02
1.539835056258271777e+02
1.541294615553303231e+02
1.542754866254917090e+02
1.609309219773143695e+02
1.610832465603501760e+02
1.612356431985340350e+02
1.613881118918659752e+02
1.615406526403459964e+02
1.616932654439740986e+02
1.618459503027502819e+02
1.619987072166745463e+02
1.621515361857468918e+02
1.623044372099672898e+02
1.624574102893357690e+02
1.626104554238523292e+02
1.627635726135169705e+02
1.629167618583297212e+02
1.630700231582905246e+02
1.632233565133993807e+02
1.633767619236563462e+02
1.635302393890613644e+02
1.636837889096144920e+02
1.638374104853156723e+02
1.639911041161649337e+02
1.641448698021622761e+02
1.642987075433076711e+02
1.644526173396011757e+02
1.646065991910427613e+02
1.647606530976324279e+02
1.649147790593701473e+02
1.650689770762559476e+02
1.652232471482898291e+02
1.653775892754717916e+02
1.655320034578018351e+02
1.656864896952799597e+02
1.658410479879061654e+02
1.478328793706335773e+02
1.479706546542967942e+02
1.481084941090283280e+02
1.482463977348281787e+02
1.483843655316963179e+02
1.485223974996328025e+02
1.486604936386375755e+02
1.487986539487106370e+02
1.489368784298520438e+02
1.490751670820617392e+02
1.492135199053397514e+02
1.493519368996860806e+02
1.494904180651007266e+02
1.496289634015836612e+02
1.497675729091349410e+02
1.499062465877544810e+02
1.500449844374423662e+02
1.501837864581985684e+02
1.503226526500230591e+02
1.504615830129158667e+02
1.506005775468770196e+02
1.507396362519064610e+02
1.508787591280041909e+02
1.510179461751702377e+02
1.511571973934046014e+02
1.512965127827072820e+02
1.514358923430782795e+02
1.515753360745175655e+02
1.517148439770251684e+02
1.518544160506011167e+02
1.519940522952453250e+02
1.521337527109578787e+02
1.522735172977387208e+02
1.295297792460552557e+02
1.296486684422425526e+02
1.297676121747583693e+02
1.298866104436027058e+02
1.300056632487755905e+02
1.301247705902769667e+02
1.302439324681068911e+02
1.303631488822653637e+02
1.304824198327523277e+02
1.306017453195678399e+02
1.307211253427118720e+02
1.308405599021844239e+02
1.309600489979854956e+02
1.310795926301151155e+02
1.311991907985732553e+02
1.313188435033599148e+02
1.314385507444750942e+02
1.315583125219188219e+02
1.316781288356910409e+02
1.317979996857918081e+02
1.319179250722210952e+02
1.320379049949789305e+02
1.321579394540652572e+02
1.322780284494801322e+02
1.323981719812235269e+02
1.325183700492954415e+02
1.326386226536959043e+02
1.327589297944248869e+02
1.328792914714823894e+02
1.329997076848684117e+02
1.331201784345829822e+02
1.332407037206260441e+02
1.333612835429976542e+02
1.041488393275084974e+02
1.042430064516744181e+02
1.043372161276361680e+02
1.044314683553937328e+02
1.045257631349471410e+02
1.046201004662963641e+02
1.047144803494414305e+02
1.048089027843823118e+02
1.049033677711190222e+02
1.049978753096515760e+02
1.050924253999799305e+02
1.051870180421041283e+02
1.052816532360241553e+02
1.053763309817399971e+02
1.054710512792516681e+02
1.055658141285591824e+02
1.056606195296625117e+02
1.057554674825616701e+02
1.058503579872566434e+02
1.059452910437474742e+02
1.060402666520341057e+02
1.061352848121165806e+02
1.062303455239948704e+02
1.063254487876689893e+02
1.064205946031389374e+02
1.065157829704047288e+02
1.066110138894663208e+02
1.067062873603237563e+02
1.068016033829770208e+02
1.068969619574261145e+02
1.069923630836710231e+02
1.070878067617117608e+02
1.071832929915483277e+02
8.889737762826685241e+01
8.897657351034104067e+01
8.905580465327099660e+01
8.913507105705672018e+01
8.921437272169822563e+01
8.929370964719551296e+01
8.937308183354858215e+01
8.945248928075741901e+01
8.953193198882203774e+01
8.961140995774242413e+01
8.969092318751859239e+01
8.977047167815054252e+01
8.985005542963826031e+01
8.992967444198175997e+01
9.000932871518102729e+01
9.008901824923609070e+01
9.016874304414692176e+01
9.024850309991352049e+01
9.032829841653591529e+01
9.040812899401406355e+01
9.048799483234799368e+01
9.056789593153770568e+01
9.064783229158319955e+01
9.072780391248446108e+01
9.080781079424150448e+01
9.088785293685431554e+01
9.096793034032290848e+01
9.104804300464728328e+01
9.112819092982742575e+01
9.120837411586336430e+01
9.128859256275505629e+01
9.136884627050253016e+01
9.144913523910578590e+01
8.810236601427548919e+01
8.817971664290961087e+01
8.825710121214427772e+01
8.833451972197950397e+01
8.841197217241524697e+01
8.848945856345154937e+01
8.856697889508838273e+01
8.864453316732577548e+01
8.872212138016368499e+01
8.879974353360215389e+01
8.887739962764115376e+01
8.895508966228071301e+01
8.903281363752078903e+01
8.911057155336142444e+01
8.918836340980260502e+01
8.926618920684430236e+01
8.934404894448655909e+01
8.942194262272936101e+01
8.949987024157269389e+01
8.957783180101657194e+01
8.965582730106099518e+01
8.973385674170596360e+01
8.981192012295144877e+01
8.989001744479750755e+01
8.996814870724409730e+01
9.004631391029121801e+01
9.012451305393888390e+01
9.020274613818709497e+01
9.028101316303585122e+01
9.035931412848513844e+01
9.043764903453498505e+01
9.051601788118536263e+01
9.059442066843627117e+01
7.551267909070881501e+01
7.557802974331869450e+01
7.564340866178176270e+01
7.570881584609806225e+01
7.577425129626753630e+01
7.583971501229024170e+01
7.590520699416613581e+01
7.597072724189523285e+01
7.603627575547754702e+01
7.610185253491304991e+01
7.616745758020176993e+01
7.623309089134369287e+01
7.629875246833883295e+01
7.636444231118716175e+01
7.643016041988869347e+01
7.649590679444344232e+01
7.656168143485139410e+01
7.662748434111253459e+01
7.669331551322690643e+01
7.675917495119446698e+01
7.682506265501523046e+01
7.689097862468919686e+01
7.695692286021638040e+01
7.702289536159675265e+01
7.708889612883035625e+01
7.715492516191713435e+01
7.722098246085714379e+01
7.728706802565034195e+01
7.735318185629675725e+01
7.741932395279636125e+01
7.748549431514918240e+01
7.755169294335520647e+01
7.761791983741443346e+01
6.772921355402648658e+01
6.778700298538656455e+01
6.784481706042741678e+01
6.790265577914900064e+01
6.796051914155134455e+01
6.801840714763443430e+01
6.807631979739828409e+01
6.813425709084287973e+01
6.819221902796822121e+01
6.825020560877430853e+01
6.830821683326117011e+01
6.836625270142876332e+01
6.842431321327710236e+01
6.848239836880620146e+01
6.854050816801604640e+01
6.859864261090665138e+01
6.865680169747800221e+01
6.871498542773009888e+01
6.877319380166295559e+01
6.883142681927655815e+01
6.888968448057090654e+01
6.894796678554600078e+01
6.900627373420185506e+01
6.906460532653846940e+01
6.912296156255581536e+01
6.918134244225392138e+01
6.923974796563277323e+01
6.929817813269237092e+01
6.935663294343274288e+01
6.941511239785384646e+01
6.947361649595569588e+01
6.953214523773830535e+01
6.959069862320167488e+01
6.070713317446168844e+01
6.075821195710742018e+01
6.080931221947673038e+01
6.086043396156961194e+01
6.091157718338605775e+01
6.096274188492606783e+01
6.101392806618964926e+01
6.106513572717679494e+01
6.111636486788751910e+01
6.116761548832180750e+01
6.121888758847966017e+01
6.127018116836108419e+01
6.132149622796607957e+01
6.137283276729463921e+01
6.142419078634677021e+01
6.147557028512246546e+01
6.152697126362173208e+01
6.157839372184457005e+01
6.162983765979096518e+01
6.168130307746094587e+01
6.173278997485447661e+01
6.178429835197159292e+01
6.183582820881227349e+01
6.188737954537651120e+01
6.193895236166432738e+01
6.199054665767570782e+01
6.204216243341065962e+01
6.209379968886917567e+01
6.214545842405126308e+01
6.219713863895692185e+01
6.224884033358614488e+01
6.230056350793893927e+01
6.235230816201529791e+01
5.515273555192460719e+01
5.519850545694695398e+01
5.524429434575404230e+01
5.529010221834587924e+01
5.533592907472246480e+01
5.538177491488379189e+01
5.542763973882986051e+01
5.547352354656067774e+01
5.551942633807624361e+01
5.556534811337655810e+01
5.561128887246161412e+01
5.565724861533141876e+01
5.570322734198597203e+01
5.574922505242525972e+01
5.579524174664930314e+01
5.584127742465808808e+01
5.588733208645162165e+01
5.593340573202989674e+01
5.597949836139292756e+01
5.602560997454069280e+01
5.607174057147321378e+01
5.611789015219047627e+01
5.616405871669248029e+01
5.621024626497923293e+01
5.625645279705073420e+01
5.630267831290698410e+01
5.634892281254796842e+01
5.639518629597370847e+01
5.644146876318419004e+01
5.648777021417942024e+01
5.653409064895939196e+01
5.658043006752411941e+01
5.662678846987358128e+01
4.348169167183642969e+01
4.351728863595581487e+01
4.355290016511781204e+01
4.358852625932240699e+01
4.362416691856960682e+01
4.365982214285940444e+01
4.369549193219180694e+01
4.373117628656680722e+01
4.376687520598441239e+01
4.380258869044462244e+01
4.383831673994743028e+01
4.387405935449284300e+01
4.390981653408086061e+01
4.394558827871147599e+01
4.398137458838468916e+01
4.401717546310051432e+01
4.405299090285893016e+01
4.408882090765995798e+01
4.412466547750358359e+01
4.416052461238980698e+01
4.419639831231864235e+01
4.423228657729007551e+01
4.426818940730410645e+01
4.430410680236074228e+01
4.434003876245997589e+01
4.437598528760182148e+01
4.441194637778626486e+01
4.444792203301330602e+01
4.448391225328295917e+01
4.451991703859520300e+01
4.455593638895005171e+01
4.459197030434750531e+01
4.462801878478755668e+01
4.003446491862030143e+01
4.006680293551740846e+01
4.009915400773017780e+01
4.013151813525861655e+01
4.016389531810271052e+01
4.019628555626246680e+01
4.022868884973789250e+01
4.026110519852898051e+01
4.029353460263573083e+01
4.032597706205813637e+01
4.035843257679621132e+01
4.039090114684995569e+01
4.042338277221935527e+01
4.045587745290441717e+01
4.048838518890514848e+01
4.052090598022153500e+01
4.055343982685358384e+01
4.058598672880130209e+01
4.061854668606468266e+01
4.065111969864372554e+01
4.068370576653843074e+01
4.071630488974879114e+01
4.074891706827482807e+01
4.078154230211651310e+01
4.081418059127387465e+01
4.084683193574689142e+01
4.087949633553557760e+01
4.091217379063991899e+01
4.094486430105992980e+01
4.097756786679560292e+01
4.101028448784693126e+01
4.104301416421392901e+01
4.107575689589658907e+01
