7.123305075282223078e-03
-1.357854589900664259e-02
-1.354461367570030132e-03
4.228227959611184986e-03
1.675012905437098807e-03
2.463584230774770040e-02
2.496992653756862843e-02
4.860188702174725317e-02
6.053983095557145810e-02
8.925069696347109893e-02
9.680639798680304442e-02
1.365842254520425458e-01
1.704207711926614965e-01
2.081163462233556749e-01
2.604620287279939550e-01
2.898986576731548692e-01
6.181478178038357640e-01
7.432291913672074424e-01
8.696935527081230966e-01
9.575967634291941977e-01
1.091029711374718048e+00
1.126631809760337610e+00
1.302400249245028618e+00
1.338327375928656471e+00
1.394396064199133090e+00
1.544370897801261799e+00
1.666113914738050372e+00
1.734370362302963597e+00
1.837863821610660642e+00
2.036990556584555634e+00
2.161744625266617259e+00
2.423912710046331132e+00
2.834268029454128701e+00
2.961831916922269770e+00
3.221008048658196898e+00
3.406947893056800680e+00
3.831167386036231637e+00
4.116553912253437808e+00
4.088497101941923617e+00
4.577361820784326518e+00
5.154074623236891917e+00
6.740373795277030844e+00
8.613245875845104038e+00
1.096384379124590147e+01
1.455170123692182926e+01
1.714475301449293099e+01
2.119854644790188658e+01
2.506723163273601429e+01
2.804328894525251314e+01
3.427961690895465807e+01
3.820494577531658109e+01
4.290265419083463172e+01
4.785126365910502955e+01
4.981650768697663523e+01
5.450921571531825549e+01
5.375033434921655129e+01
5.471795931546553504e+01
5.624104401785407958e+01
5.766571430337556592e+01
5.596257499703721550e+01
5.814135648336328899e+01
5.940670933848301161e+01
5.840236110089886523e+01
5.993909525537937810e+01
6.015770588358442694e+01
6.230209089978396264e+01
6.112475505846389012e+01
6.075041770312242306e+01
6.102779989608220745e+01
5.901694538795058520e+01
5.305324459349081678e+01
4.654447139608242878e+01
3.260338602937302710e+01
1.715060024817925566e+01
-3.928850456618525833e+00
-2.705139814748420335e+01
-6.114135528102908523e+01
-1.003077818385610840e+02
-1.391365486226233372e+02
-1.871530241576945173e+02
-2.343387671453274095e+02
-2.674895957945691976e+02
-3.089094439208265612e+02
-3.319413184194023643e+02
-3.491520591315111233e+02
-3.580842650974498156e+02
-3.595457932140349726e+02
-3.601284467915096457e+02
-3.511273845595035823e+02
-3.373206970554294344e+02
-3.331805775452357352e+02
-3.226135820876273783e+02
-3.091319807255617889e+02
-3.047148653908665779e+02
-2.922667085901516657e+02
-2.838700027933371643e+02
-2.716908011658585451e+02
-2.769196744459636648e+02
-2.601679558893705462e+02
-2.573656776737179825e+02
-2.586639788893285186e+02
-2.467802251067063253e+02
-2.477350947272128678e+02
-2.366540762189730458e+02
-2.363318458459673934e+02
-2.485990104114924293e+02
-2.457103281937860970e+02
-2.632833222709556367e+02
-2.690006152872022085e+02
-2.640360643246990549e+02
-3.088353607312753866e+02
-3.344820354384388565e+02
-3.694915073726822925e+02
-3.976958106390380863e+02
-4.475507126166846774e+02
-5.405835957485021481e+02
-5.903875352137364416e+02
-6.353449871774532767e+02
-6.694915756055480642e+02
-7.262850268913891796e+02
-6.827705034386644911e+02
-6.890634567915730031e+02
-6.934789844729681363e+02
-6.511926763352188345e+02
-5.976920510215696822e+02
-5.674123299141333518e+02
-5.063500404543531772e+02
-5.084286866427933091e+02
-4.461447642500906454e+02
-3.811520396612359036e+02
-3.285446144605924701e+02
-2.819980452261067398e+02
-2.424393370137105137e+02
-1.921647792912381192e+02
-1.356379186859303161e+02
-1.222289161896392358e+02
-1.500128132322039107e+02
-1.025002918045295246e+02
-1.855437215025091291e+02
-2.293633955400589173e+02
-2.940756456196450586e+02
-4.637933795179053504e+02
-5.556674937001696435e+02
-7.675026076677073661e+02
-9.943903876685700425e+02
-1.241879562661381442e+03
-1.560519713229848776e+03
-1.979847767884014047e+03
-2.210698189599619127e+03
-2.530989511861529536e+03
-2.847685887745705259e+03
-3.089359551478223693e+03
-3.312416580392659398e+03
-3.465827527308192657e+03
-3.470425766080256381e+03
-3.654894826861484489e+03
-3.519104621707272145e+03
-3.468533004488301685e+03
-3.362855110079575752e+03
-3.281266848697681780e+03
-3.124978495198898599e+03
-2.947758715746649614e+03
-2.796944303093154303e+03
-2.569755389161665789e+03
-2.310057029363219954e+03
-2.243192235299376989e+03
-2.086304405582187883e+03
-1.829777287012622310e+03
-1.753419201777000126e+03
-1.524552724049245853e+03
-1.392852594235252809e+03
-1.244677460287721715e+03
-2.031010827408200612e+03
-1.415996802760538003e+03
-1.096038244756941594e+03
-8.905253146565681845e+02
-1.057069260212749214e+03
-1.423188426111224544e+03
-1.359222739932760305e+03
-1.629113158963926253e+03
-1.650137970341351092e+03
-1.323762787134831115e+03
-6.516293500638548721e+02
9.205842566092874790e+01
9.265966785709193800e+02
2.128418956351300494e+03
2.945182028835757137e+03
3.648309117823127508e+03
4.586313650153129856e+03
5.319544211780191290e+03
5.199979507893604932e+03
5.269175962480978342e+03
5.222195426717155897e+03
4.582857135386579102e+03
3.900169492925467694e+03
3.311553200528092020e+03
2.734602564090657324e+03
2.238612561816209563e+03
1.921181648843094308e+03
1.769410987303858064e+03
1.811763178481988461e+03
9.727996027592457722e+02
3.231867104034497061e+03
4.217696215164534806e+03
5.009707842347242149e+03
5.388681512370452765e+03
4.950972190838345341e+03
4.338081220491752902e+03
3.487709349487763120e+03
2.975279897100878770e+03
2.947078146962251139e+03
2.523958110535675587e+03
2.263482163821080121e+03
2.029132011016326487e+03
1.843063418801563330e+03
1.453210415561281025e+03
1.337906981926569415e+03
