3.147262919859597518e-05
6.294525839719195036e-05
1.049087639953199218e-04
1.573631459929799030e-04
2.203084043901718534e-04
2.937445391868957864e-04
3.776715503831517564e-04
4.720894379789396548e-04
5.769982019742595902e-04
6.923978423691115082e-04
8.182883591634954089e-04
9.546697523574112923e-04
1.101542021950859375e-03
1.258905167943839224e-03
-4.840582548531856938e-04
-5.445655367098339123e-04
-6.086320704404026526e-04
-6.762578560448917519e-04
-7.474428935233014271e-04
-8.221871828756315698e-04
-9.004907241018822884e-04
-9.823535172020531493e-04
-1.067775562176145020e-03
-1.156756859024157032e-03
-1.249297407746089404e-03
-1.345397208341942569e-03
-1.445056260811716092e-03
-1.548274565155409975e-03
-2.381189171720469143e-04
-2.539935116501833138e-04
-2.703801898211629349e-04
-2.872789516849856149e-04
-3.046897972416514081e-04
7.567567086804109344e-04
7.999999491764344132e-04
8.444443907973474663e-04
8.900900335431499851e-04
9.369368774138420782e-04
3.038740226677922695e-04
3.190677238011818857e-04
3.346320030109956045e-04
3.505668602972334801e-04
3.668722956598955668e-04
4.516934772102546188e-03
4.717687428640436435e-03
4.922804273363933295e-03
5.132285306273037633e-03
5.346130527367746847e-03
4.617354073299492073e-03
4.802048236231471617e-03
4.990363853338589291e-03
5.182300924620842492e-03
5.377859450078232954e-03
9.050411851691749637e-03
9.379517737207814301e-03
9.714500513536663759e-03
1.005536018067830148e-02
1.040209673863272399e-02
1.133959986168841041e-02
1.171758652374469030e-02
1.210176968845763125e-02
1.249214935582723326e-02
1.288872552585349461e-02
1.680059192511149796e-02
1.731753321511492541e-02
1.784230694890628910e-02
1.837491312648558209e-02
1.891535174785280438e-02
1.830079109906470811e-02
1.882367084475226882e-02
1.935391509390022025e-02
1.989152384650855893e-02
2.043649710257728833e-02
2.591644757245813863e-02
2.660755284105702223e-02
2.730775160003220958e-02
2.801704384938369374e-02
2.873542958911148165e-02
3.244202694854425584e-02
3.325307762225786223e-02
3.407414126725188258e-02
3.490521788352632382e-02
3.574630747108117207e-02
3.973179657593967073e-02
4.066666237772648823e-02
4.161239871209222035e-02
4.256900557903686710e-02
4.353648297856043542e-02
4.985239577663637400e-02
5.096022679389496102e-02
5.208023177837616674e-02
5.321241073007999811e-02
5.435676364900644819e-02
5.561370967562415807e-02
5.678452461616360913e-02
5.796753554566702604e-02
5.916274246413438104e-02
6.037014537156569494e-02
6.348681065506142640e-02
6.475654686816266492e-02
6.603885472693815650e-02
6.733373423138792890e-02
6.864118538151196824e-02
6.996120817731027453e-02
7.129380261878284775e-02
7.263896870592968791e-02
7.399670643875080889e-02
7.682303147030825063e-02
7.823262837802033576e-02
7.965503980307525600e-02
8.109026574547299748e-02
8.253830620521358796e-02
8.399916118229702744e-02
8.547283067672327428e-02
8.695931468849238399e-02
8.845861321760432883e-02
9.038468898210003100e-02
9.191663286315257531e-02
9.346145022219716492e-02
9.501914105923378595e-02
9.658970537426243841e-02
9.817314316728313617e-02
9.976945443829587923e-02
1.013786391873006398e-01
1.030006974142974457e-01
9.998646643482464458e-02
1.015610564574203206e-01
1.031479479645675129e-01
1.047471409562662215e-01
1.063586354325164740e-01
1.079824313933182567e-01
1.096185288386715695e-01
1.112669277685763985e-01
1.129276281830327716e-01
1.143825432271761561e-01
1.160646394511052198e-01
1.177590137496614953e-01
1.194656661228449962e-01
1.211845965706557088e-01
1.229158050930936608e-01
1.246592916901588105e-01
1.264150563618511858e-01
1.281830991081708004e-01
1.185368292461922712e-01
1.201718199944156185e-01
1.218180093094076155e-01
1.234753971911682485e-01
1.251439836396975591e-01
1.268237686549955057e-01
1.285147522370621298e-01
1.302169343858973760e-01
1.319303151015012998e-01
1.374627205293592613e-01
1.392479506661041810e-01
1.410446984166345563e-01
1.428529637809504149e-01
1.446727467590516736e-01
1.465040473509383878e-01
1.483468655566105854e-01
1.502012013760682385e-01
1.520670548093112917e-01
1.416518878910883739e-01
1.433899478652121695e-01
1.451386057660074280e-01
1.468978615934742049e-01
1.486677153476124447e-01
1.504481670284221750e-01
1.522392166359033683e-01
1.540408641700560799e-01
1.558531096308802821e-01
1.479582969115402213e-01
1.496787422244651167e-01
1.514091323079849449e-01
1.531494671620997061e-01
1.548997467868094280e-01
1.566599711821140828e-01
1.584301403480136705e-01
1.602102542845082189e-01
1.620003129915977003e-01
1.642442812441296807e-01
1.660591351805288940e-01
1.678839608418533913e-01
1.697187582281031448e-01
1.715635273392781823e-01
1.734182681753785038e-01
1.752829807364040537e-01
1.771576650223549154e-01
1.790423210332310333e-01
1.775563796606579314e-01
1.794253941834017263e-01
1.813041941224949327e-01
1.831927794779375784e-01
1.850911502497296912e-01
1.869993064378712155e-01
1.889172480423622069e-01
1.908449750632026098e-01
1.927824875003925076e-01
1.851766793814328405e-01
1.870377515360200915e-01
1.889081290513802969e-01
1.907878119275134288e-01
1.926768001644194872e-01
1.945750937620984999e-01
1.964826927205504670e-01
1.983995970397753328e-01
2.003258067197731529e-01
1.965625886992664606e-01
1.984526135906055644e-01
2.003516816632429365e-01
2.022597929171785769e-01
2.041769473524125134e-01
2.061031449689446904e-01
2.080383857667751635e-01
2.099826697459038771e-01
2.119359969063309146e-01
2.182018741758465219e-01
2.202129513571907116e-01
2.222332536632199984e-01
2.242627810939343547e-01
2.263015336493337248e-01
2.283495113294182199e-01
2.304067141341877289e-01
2.324731420636423351e-01
2.345487951177820107e-01
2.319005975481003012e-01
2.339528152255170856e-01
2.360140735094423681e-01
2.380843723998760653e-01
2.401637118968182050e-01
2.422520920002688150e-01
2.443495127102278397e-01
2.464559740266953347e-01
2.485714759496712445e-01
2.603722620553351463e-01
2.625881962004869008e-01
2.648135198971011683e-01
2.670482331451780045e-01
2.692923359447173537e-01
2.715458282957191605e-01
2.738087101981834803e-01
2.760809816521103133e-01
2.783626426574996593e-01
3.048290888562070200e-01
3.073276879451922738e-01
3.098364853978061162e-01
3.123554812140484360e-01
3.148846753939192333e-01
3.174240679374186191e-01
3.199736588445464824e-01
3.225334481153028232e-01
3.251034357496877525e-01
3.189155124465224977e-01
3.214365836911590724e-01
3.239675804131367243e-01
3.265085026124554535e-01
3.290593502891152045e-01
3.316201234431161438e-01
3.341908220744581048e-01
3.367714461831411987e-01
3.393619957691653699e-01
3.471943731652035736e-01
3.498447118916555021e-01
3.525051279516681069e-01
3.551756213452413879e-01
3.578561920723752343e-01
3.605468401330698125e-01
3.632475655273250115e-01
3.659583682551408867e-01
3.686792483165173828e-01
3.676048701519452067e-01
3.703178212231773014e-01
3.730407463792300149e-01
3.757736456201035136e-01
3.785165189457977419e-01
3.812693663563126445e-01
3.840321878516482212e-01
3.868049834318045277e-01
3.895877530967815083e-01
4.137652362781127913e-01
4.167207022515278525e-01
4.196866858974461767e-01
4.226631872158678194e-01
4.256502062067926695e-01
4.286477428702207826e-01
4.316557972061521586e-01
4.346743692145867977e-01
4.377034588955246996e-01
4.449780397529343734e-01
4.480574725539927528e-01
4.511475240888478955e-01
4.542481943574997461e-01
4.573594833599483600e-01
4.604813910961937373e-01
4.636139175662358780e-01
4.667570627700747266e-01
4.699108267077103940e-01
4.423106804610281717e-01
4.452792085178136627e-01
4.482576647620799548e-01
4.512460491938271034e-01
4.542443618130552196e-01
4.572526026197641924e-01
4.602707716139540772e-01
4.632988687956248186e-01
4.663368941647764165e-01
4.955836898075942076e-01
4.988122480473831111e-01
5.020512886191192958e-01
5.053008115228029284e-01
5.085608167584340089e-01
5.118313043260123152e-01
5.151122742255379583e-01
5.184037264570111603e-01
5.217056610204315881e-01
5.584333432397581287e-01
5.619677314881109664e-01
5.655132692262062610e-01
5.690699564540441235e-01
5.726377931716243319e-01
5.762167793789469972e-01
5.798069150760120083e-01
5.834082002628195873e-01
5.870206349393695122e-01
7.308124352578325711e-01
7.353097425517268748e-01
7.398208452667681678e-01
7.443457434029564501e-01
7.488844369602914997e-01
7.534369259387735385e-01
7.580032103384024555e-01
7.625832901591783619e-01
7.671771654011010355e-01
9.344884611899845206e-01
9.400842004785473494e-01
9.456966434664789700e-01
9.513257901537793826e-01
9.569716405404486981e-01
9.626341946264869165e-01
9.683134524118939268e-01
9.740094138966697290e-01
9.797220790808144342e-01
1.190255502635735985e+00
1.197195767957226931e+00
1.204156208468606160e+00
1.211136824169873449e+00
1.218137615061028800e+00
1.225158581142072212e+00
1.232199722413003684e+00
1.239261038873823217e+00
1.246342530524530812e+00
1.580693379854460234e+00
1.589674592239996853e+00
1.598681247153537877e+00
1.607713344595083305e+00
1.616770884564633137e+00
1.625853867062187375e+00
1.634962292087745794e+00
1.644096159641308619e+00
1.653255469722875626e+00
1.863411939286546692e+00
1.873735551138549615e+00
1.884087681255337543e+00
1.894468329636909587e+00
1.904877496283265970e+00
1.915315181194407135e+00
1.925781384370333083e+00
1.936276105811043369e+00
1.946799345516537993e+00
2.305237596868829453e+00
2.317698340635687693e+00
2.330192671312969033e+00
2.342720588900673473e+00
2.355282093398800125e+00
2.367877184807349877e+00
2.380505863126322730e+00
2.393168128355717794e+00
2.405863980495535959e+00
2.727325588231423126e+00
2.741717807694386000e+00
2.756147901419093049e+00
2.770615869405545162e+00
2.785121711653741894e+00
2.799665428163683245e+00
2.814247018935368772e+00
2.828866483968798917e+00
2.843523823263974126e+00
3.052603188229935594e+00
3.068338256210502379e+00
3.084113774237291494e+00
3.099929742310303382e+00
3.115786160429537155e+00
3.131683028594994145e+00
3.147620346806673908e+00
3.163598115064575556e+00
3.179616333368699976e+00
3.733177530651294873e+00
3.751984470352309309e+00
3.770838663670662338e+00
3.789740110606354850e+00
3.808688811159386844e+00
3.827684765329757877e+00
3.846727973117467947e+00
3.865818434522517499e+00
3.884956149544906090e+00
4.162503972442463507e+00
4.183008918119520025e+00
4.203564244498485536e+00
4.224169951579360927e+00
4.244826039362145309e+00
4.265532507846838683e+00
4.286289357033441050e+00
4.307096586921952408e+00
4.327954197512373646e+00
4.676310212582828640e+00
4.698846647342264760e+00
4.721437256223717682e+00
4.744082039227188297e+00
4.766780996352677491e+00
4.789534127600184377e+00
4.812341432969708954e+00
4.835202912461251223e+00
4.858118566074811184e+00
5.217817185961925119e+00
5.242429531178726343e+00
5.267099787796038157e+00
5.291827955813859674e+00
5.316614035232191782e+00
5.341458026051033592e+00
5.366359928270385993e+00
5.391319741890248096e+00
5.416337466910620790e+00
5.434226318211858420e+00
5.459326670720919594e+00
5.484484858143597208e+00
5.509700880479889484e+00
5.534974737729797312e+00
5.560306429893319802e+00
5.585695956970458731e+00
5.611143318961212323e+00
5.636648515865581466e+00
5.948350009504227209e+00
5.975265620406961631e+00
6.002241988896383162e+00
6.029279114972493581e+00
6.056376998635291109e+00
6.083535639884776636e+00
6.110755038720950161e+00
6.138035195143810796e+00
6.165376109153361206e+00
5.867639772170898382e+00
5.893660347657244003e+00
5.919738490788470919e+00
5.945874201564578243e+00
5.972067479985567751e+00
5.998318326051438554e+00
6.024626739762190653e+00
6.050992721117823159e+00
6.077416270118337849e+00
5.975328519716577524e+00
6.001308208932735866e+00
6.027344253223117398e+00
6.053436652587719458e+00
6.079585407026542931e+00
6.105790516539588708e+00
6.132051981126855011e+00
6.158369800788344506e+00
6.184743975524054527e+00
6.143688237274788300e+00
6.169887334235447440e+00
6.196142173955598409e+00
6.222452756435240318e+00
6.248819081674373166e+00
6.275241149672996066e+00
6.301718960431109906e+00
6.328252513948714686e+00
6.354841810225810406e+00
6.301326330244286567e+00
6.327691712379199807e+00
6.354112137065542676e+00
6.380587604303316063e+00
6.407118114092519079e+00
6.433703666433151724e+00
6.460344261325213999e+00
6.487039898768707680e+00
6.513790578763629213e+00
6.117097225056607357e+00
6.142218774235485235e+00
6.167391801998745038e+00
6.192616308346387655e+00
6.217892293278413973e+00
6.243219756794823105e+00
6.268598698895615051e+00
6.294029119580789811e+00
6.319511018850347384e+00
6.357134904117367036e+00
6.382768512601711741e+00
6.408453697763086154e+00
6.434190459601492051e+00
6.459978798116929433e+00
6.485818713309396522e+00
6.511710205178895094e+00
6.537653273725425151e+00
6.563647918948984916e+00
6.497342645754980772e+00
6.523074695837178361e+00
6.548857599773294069e+00
6.574691357563326122e+00
6.600575969207277183e+00
6.626511434705143699e+00
6.652497754056929224e+00
6.678534927262631093e+00
6.704622954322251083e+00
6.389256990929609969e+00
6.414117913073305033e+00
6.439027108852229730e+00
6.463984578266385839e+00
6.488990321315772469e+00
6.514044338000389622e+00
6.539146628320236410e+00
6.564297192275314607e+00
6.589496029865623328e+00
6.559121969860303381e+00
6.584204654257474587e+00
6.609335206372961125e+00
6.634513626206762993e+00
6.659739913758880192e+00
6.685014069029312722e+00
6.710336092018059695e+00
6.735705982725121999e+00
6.761123741150500521e+00
6.584737456910917608e+00
6.609492109004568405e+00
6.634293205098394708e+00
6.659140745192395627e+00
6.684034729286572940e+00
6.708975157380925758e+00
6.733962029475454969e+00
6.758995345570157909e+00
6.784075105665039018e+00
6.821152979369071723e+00
6.846369811085778245e+00
6.871633168322256680e+00
6.896943051078507914e+00
6.922299459354531947e+00
6.947702393150328781e+00
6.973151852465897527e+00
6.998647837301239072e+00
7.024190347656352529e+00
6.693861872253171974e+00
6.718203188152275018e+00
6.742588680668253787e+00
6.767018349801110055e+00
6.791492195550842936e+00
6.816010217917452430e+00
6.840572416900939423e+00
6.865178792501302141e+00
6.889829344718541471e+00
6.654416455243751471e+00
6.678224743097932681e+00
6.702075545751853269e+00
6.725968863205514126e+00
6.749904695458915249e+00
6.773883042512054864e+00
6.797903904364934746e+00
6.821967281017554008e+00
6.846073172469912649e+00
6.686307132808360087e+00
6.709850467783037509e+00
6.733435179444841268e+00
6.757061267793770476e+00
6.780728732829825134e+00
6.804437574553006129e+00
6.828187792963314351e+00
6.851979388060747134e+00
6.875812359845306254e+00
6.467406968451696159e+00
6.489824323628305081e+00
6.512280463156431054e+00
6.534775387036072303e+00
6.557309095267232379e+00
6.579881587849907731e+00
6.602492864784099247e+00
6.625142926069807814e+00
6.647831771707034321e+00
5.815102327638526525e+00
5.834949093261866615e+00
5.854829669388823099e+00
5.874744056019396865e+00
5.894692253153588801e+00
5.914674260791398019e+00
5.934690078932823631e+00
5.954739707577867414e+00
5.974823146726527590e+00
5.102731182405182864e+00
5.119883219993099921e+00
5.137064036167573455e+00
5.154273630928604355e+00
5.171512004276190844e+00
5.188779156210335586e+00
5.206075086731036805e+00
5.223399795838294501e+00
5.240753283532109563e+00
3.575063982698163390e+00
3.586901942905773577e+00
3.598759469989759374e+00
3.610636563950121669e+00
3.622533224786860018e+00
3.634449452499974864e+00
3.646385247089465764e+00
3.658340608555333162e+00
3.670315536897575726e+00
1.880981085399792807e+00
1.887118054683315727e+00
1.893265019030818452e+00
1.899421978442300762e+00
1.905588932917762879e+00
1.911765882457204357e+00
1.917952827060626086e+00
1.924149766728026956e+00
1.930356701459407631e+00
-4.309750910078753994e-01
-4.323608630046852919e-01
-4.337488593546200977e-01
-4.351390800576797613e-01
-4.365315251138643382e-01
-4.379261945231738284e-01
-4.393230882856081765e-01
-4.407222064011674378e-01
-4.421235488698516125e-01
-2.967943537479784677e+00
-2.977350648533603206e+00
-2.986772644256810771e+00
-2.996209524649406930e+00
-3.005661289711393014e+00
-3.015127939442767246e+00
-3.024609473843530516e+00
-3.034105892913682823e+00
-3.043617196653224166e+00
-6.709312231305068153e+00
-6.730278832027897451e+00
-6.751278141956221113e+00
-6.772310161090040914e+00
-6.793374889429355967e+00
-6.814472326974168936e+00
-6.835602473724475381e+00
-6.856765329680279741e+00
-6.877960894841578465e+00
-1.100911635042738190e+01
-1.104304274904195005e+01
-1.107702134211592515e+01
-1.111105212964930722e+01
-1.114513511164209802e+01
-1.117927028809429224e+01
-1.121345765900589697e+01
-1.124769722437690689e+01
-1.128198898420732377e+01
-1.527326582479814299e+01
-1.531968912517747050e+01
-1.536618287062565713e+01
-1.541274706114270465e+01
-1.545938169672861306e+01
-1.550608677738338059e+01
-1.555286230310701256e+01
-1.559970827389950365e+01
-1.564662468976085385e+01
-2.054747316628811404e+01
-2.060908477998013311e+01
-2.067078862662678063e+01
-2.073258470622805660e+01
-2.079447301878396104e+01
-2.085645356429449393e+01
-2.091852634275965883e+01
-2.098069135417944864e+01
-2.104294859855387045e+01
-2.573206970175810326e+01
-2.580820008549111222e+01
-2.588444292178503048e+01
-2.596079821063985449e+01
-2.603726595205558070e+01
-2.611384614603221621e+01
-2.619053879256975748e+01
-2.626734389166820094e+01
-2.634426144332755015e+01
-2.937681237740602214e+01
-2.946258409237654874e+01
-2.954848083900155586e+01
-2.963450261728103285e+01
-2.972064942721499392e+01
-2.980692126880342130e+01
-2.989331814204633275e+01
-2.997984004694371762e+01
-3.006648698349557591e+01
-3.393082496002946868e+01
-3.402860831726297874e+01
-3.412653236997452666e+01
-3.422459711816411243e+01
-3.432280256183172895e+01
-3.442114870097737622e+01
-3.451963553560106135e+01
-3.461826306570277723e+01
-3.471703129128253096e+01
-3.646601730443413203e+01
-3.656976130814518910e+01
-3.667365267549786978e+01
-3.677769140649218826e+01
-3.688187750112814456e+01
-3.698621095940573866e+01
-3.709069178132495637e+01
-3.719531996688582609e+01
-3.730009551608831941e+01
-3.836222639439339588e+01
-3.846998545729899632e+01
-3.857789565493517614e+01
-3.868595698730194243e+01
-3.879416945439928810e+01
-3.890253305622722024e+01
-3.901104779278573886e+01
-3.911971366407483686e+01
-3.922853067009451422e+01
-3.934912347302709179e+01
-3.945827499445019271e+01
-3.956757769526583957e+01
-3.967703157547404658e+01
-3.978663663507480663e+01
-3.989639287406811263e+01
-4.000630029245397878e+01
-4.011635889023239088e+01
-4.022656866740335602e+01
-3.951510803955240192e+01
-3.962336860952377293e+01
-3.973177727877007470e+01
-3.984033404729130723e+01
-3.994903891508746341e+01
-4.005789188215855035e+01
-4.016689294850456093e+01
-4.027604211412549517e+01
-4.038533937902135307e+01
-3.958440211955909405e+01
-3.969153175993678673e+01
-3.979880617009877852e+01
-3.990622535004506943e+01
-4.001378929977564525e+01
-4.012149801929052018e+01
-4.022935150858968711e+01
-4.033734976767315317e+01
-4.044549279654090412e+01
-3.860003317153778823e+01
-3.870324181638147110e+01
-3.880658825647861931e+01
-3.891007249182922578e+01
-3.901369452243329761e+01
-3.911745434829083479e+01
-3.922135196940183732e+01
-3.932538738576629100e+01
-3.942956059738421715e+01
-3.708693505814482450e+01
-3.718491903452037661e+01
-3.728303227735552383e+01
-3.738127478665026615e+01
-3.747964656240460357e+01
-3.757814760461855030e+01
-3.767677791329209214e+01
-3.777553748842522907e+01
-3.787442633001796111e+01
-3.663627587791558682e+01
-3.673193195070388128e+01
-3.682771273805904144e+01
-3.692361823998106729e+01
-3.701964845646996594e+01
-3.711580338752573027e+01
-3.721208303314836741e+01
-3.730848739333786312e+01
-3.740501646809423875e+01
-3.547862142461363533e+01
-3.557017915732231472e+01
-3.566185487679994992e+01
-3.575364858304654092e+01
-3.584556027606208062e+01
-3.593758995584658322e+01
-3.602973762240003452e+01
-3.612200327572244163e+01
-3.621438691581380453e+01
-3.400002756030038853e+01
-3.408676232448483034e+01
-3.417360757881472466e+01
-3.426056332329008569e+01
-3.434762955791089212e+01
-3.443480628267716526e+01
-3.452209349758889090e+01
-3.460949120264608325e+01
-3.469699939784872811e+01
-3.351807411145829718e+01
-3.360260897680876013e+01
-3.368725030924404962e+01
-3.377199810876415853e+01
-3.385685237536909398e+01
-3.394181310905885596e+01
-3.402688030983343737e+01
-3.411205397769284531e+01
-3.419733411263707268e+01
-3.215242434919439063e+01
-3.223260495854400176e+01
-3.231288541921284718e+01
-3.239326573120094110e+01
-3.247374589450827642e+01
-3.255432590913484603e+01
-3.263500577508065703e+01
-3.271578549234570943e+01
-3.279666506093000322e+01
-3.123214088226087881e+01
-3.130916219146497426e+01
-3.138627835449814185e+01
-3.146348937136037449e+01
-3.154079524205167928e+01
-3.161819596657204912e+01
-3.169569154492148755e+01
-3.177328197710000168e+01
-3.185096726310757731e+01
-2.989537567231194615e+01
-2.996829122273221913e+01
-3.004129558624679319e+01
-3.011438876285566479e+01
-3.018757075255883748e+01
-3.026084155535631126e+01
-3.033420117124808613e+01
-3.040764960023415853e+01
-3.048118684231453202e+01
-3.047394688638381410e+01
-3.054746666174300529e+01
-3.062107501514479679e+01
-3.069477194658918862e+01
-3.076855745607618076e+01
-3.084243154360577321e+01
-3.091639420917796954e+01
-3.099044545279276619e+01
-3.106458527445016671e+01
-2.863344017883441595e+01
-2.870177774489368971e+01
-2.877019676216399802e+01
-2.883869723064533730e+01
-2.890727915033771822e+01
-2.897594252124113368e+01
-2.904468734335558366e+01
-2.911351361668107174e+01
-2.918242134121759435e+01
-2.832789043020181197e+01
-2.839478037218576034e+01
-2.846174919381827451e+01
-2.852879689509935446e+01
-2.859592347602900020e+01
-2.866312893660721173e+01
-2.873041327683398904e+01
-2.879777649670933215e+01
-2.886521859623324104e+01
-2.847360907556500464e+01
-2.854013619957333248e+01
-2.860674095149765606e+01
-2.867342333133797538e+01
-2.874018333909429401e+01
-2.880702097476660484e+01
-2.887393623835491496e+01
-2.894092912985921728e+01
-2.900799964927951535e+01
-2.716808250410879921e+01
-2.723089887984084356e+01
-2.729378779180352410e+01
-2.735674923999684438e+01
-2.741978322442080085e+01
-2.748288974507539351e+01
-2.754606880196062590e+01
-2.760932039507649449e+01
-2.767264452442299927e+01
-2.727579186691176716e+01
-2.733820786660721680e+01
-2.740069519887374483e+01
-2.746325386371135835e+01
-2.752588386112005026e+01
-2.758858519109982410e+01
-2.765135785365067633e+01
-2.771420184877261050e+01
-2.777711717646562306e+01
-2.605818644055693056e+01
-2.611720838039964221e+01
-2.617629708714262904e+01
-2.623545256078588750e+01
-2.629467480132942114e+01
-2.635396380877323352e+01
-2.641331958311731753e+01
-2.647274212436167673e+01
-2.653223143250630756e+01
-2.602507535799984240e+01
-2.608342754490118764e+01
-2.614184507579682304e+01
-2.620032795068674858e+01
-2.625887616957096427e+01
-2.631748973244947365e+01
-2.637616863932226963e+01
-2.643491289018935575e+01
-2.649372248505073202e+01
-2.737839005986108987e+01
-2.743916340072648552e+01
-2.750000411780126797e+01
-2.756091221108543365e+01
-2.762188768057898614e+01
-2.768293052628192541e+01
-2.774404074819424437e+01
-2.780521834631595368e+01
-2.786646332064704623e+01
-2.706262502586481844e+01
-2.712210332262495882e+01
-2.718164690840459841e+01
-2.724125578320373364e+01
-2.730092994702236098e+01
-2.736066939986048396e+01
-2.742047414171809905e+01
-2.748034417259521689e+01
-2.754027949249182328e+01
-2.900060858248853535e+01
-2.906372198527958872e+01
-2.912690398959541227e+01
-2.919015459543601310e+01
-2.925347380280138410e+01
-2.931686161169152882e+01
-2.938031802210644372e+01
-2.944384303404613235e+01
-2.950743664751059470e+01
-2.963285994677278978e+01
-2.969672386907187089e+01
-2.976065653617428453e+01
-2.982465794808003778e+01
-2.988872810478912712e+01
-2.995286700630154897e+01
-3.001707465261730690e+01
-3.008135104373640445e+01
-3.014569617965883097e+01
-2.908836947854473820e+01
-2.915045778052668979e+01
-2.921261227472823663e+01
-2.927483296114938227e+01
-2.933711983979012672e+01
-2.939947291065046997e+01
-2.946189217373040492e+01
-2.952437762902993867e+01
-2.958692927654907123e+01
-3.402657988090701480e+01
-3.409851768192373100e+01
-3.417053144682748211e+01
-3.424262117561824681e+01
-3.431478686829605351e+01
-3.438702852486088801e+01
-3.445934614531275031e+01
-3.453173972965164751e+01
-3.460420927787756540e+01
-3.685518255460363690e+01
-3.693236618299024343e+01
-3.700963054738980418e+01
-3.708697564780231914e+01
-3.716440148422779544e+01
-3.724190805666622595e+01
-3.731949536511761067e+01
-3.739716340958195673e+01
-3.747491219005926411e+01
-4.071590360570417744e+01
-4.080037643476165954e+01
-4.088493680042955702e+01
-4.096958470270787700e+01
-4.105432014159662657e+01
-4.113914311709579152e+01
-4.122405362920538607e+01
-4.130905167792539601e+01
-4.139413726325582132e+01
-4.382721307424236556e+01
-4.391729984315139035e+01
-4.400747910360961157e+01
-4.409775085561701502e+01
-4.418811509917360780e+01
-4.427857183427938281e+01
-4.436912106093435426e+01
-4.445976277913850794e+01
-4.455049698889185095e+01
-4.932506957006182802e+01
-4.942552796022489048e+01
-4.952608854610530642e+01
-4.962675132770308295e+01
-4.972751630501821296e+01
-4.982838347805070356e+01
-4.992935284680055474e+01
-5.003042441126776652e+01
-5.013159817145233177e+01
-5.958272191797412631e+01
-5.970296959086609689e+01
-5.982333848117026776e+01
-5.994382858888661758e+01
-6.006443991401516058e+01
-6.018517245655589676e+01
-6.030602621650881900e+01
-6.042700119387393443e+01
-6.054809738865123592e+01
-6.507678717322195894e+01
-6.520694074756839598e+01
-6.533722434546564273e+01
-6.546763796691368498e+01
-6.559818161191250852e+01
-6.572885528046212755e+01
-6.585965897256255630e+01
-6.599059268821378055e+01
-6.612165642741578608e+01
-7.003730386678621755e+01
-7.017612904788985873e+01
-7.031509167966785867e+01
-7.045419176212021739e+01
-7.059342929524694910e+01
-7.073280427904802536e+01
-7.087231671352346041e+01
-7.101196659867326844e+01
-7.115175393449742103e+01
-7.380661204825302946e+01
-7.395161521534194549e+01
-7.409676068190786680e+01
-7.424204844795082181e+01
-7.438747851347081053e+01
-7.453305087846781873e+01
-7.467876554294186064e+01
-7.482462250689290784e+01
-7.497062177032100294e+01
-8.007317624570389114e+01
-8.022911232407916771e+01
-8.038520009124663090e+01
-8.054143954720629495e+01
-8.069783069195814562e+01
-8.085437352550219714e+01
-8.101106804783844950e+01
-8.116791425896688850e+01
-8.132491215888751412e+01
-7.528076262700535892e+01
-7.542609228458644566e+01
-7.557156208648535767e+01
-7.571717203270209495e+01
-7.586292212323665751e+01
-7.600881235808901693e+01
-7.615484273725923003e+01
-7.630101326074725421e+01
-7.644732392855308944e+01
-7.597964641925335627e+01
-7.612506201048638843e+01
-7.627061662236111772e+01
-7.641631025487757256e+01
-7.656214290803573874e+01
-7.670811458183560205e+01
-7.685422527627719091e+01
-7.700047499136050533e+01
-7.714686372708551687e+01
-7.647150786577978465e+01
-7.661661509133155334e+01
-7.676185985927719457e+01
-7.690724216961673676e+01
-7.705276202235016569e+01
-7.719841941747748137e+01
-7.734421435499868380e+01
-7.749014683491377298e+01
-7.763621685722276311e+01
-7.181310053259956305e+01
-7.194821455053484272e+01
-7.208345555532908122e+01
-7.221882354698227857e+01
-7.235431852549444898e+01
-7.248994049086556402e+01
-7.262568944309565211e+01
-7.276156538218469905e+01
-7.289756830813270483e+01
-6.591723847830611760e+01
-6.604021840084025996e+01
-6.616331293653614409e+01
-6.628652208539375579e+01
-6.640984584741309504e+01
-6.653328422259416186e+01
-6.665683721093694203e+01
-6.678050481244146397e+01
-6.690428702710772768e+01
-6.258167653341883607e+01
-6.269746131886456908e+01
-6.281335311427837098e+01
-6.292935191966022757e+01
-6.304545773501016015e+01
-6.316167056032815452e+01
-6.327799039561420358e+01
-6.339441724086832863e+01
-6.351095109609050837e+01
-5.585032825960120562e+01
-5.595280592613258364e+01
-5.605537752269744800e+01
-5.615804304929579160e+01
-5.626080250592762866e+01
-5.636365589259294495e+01
-5.646660320929174048e+01
-5.656964445602402236e+01
-5.667277963278979769e+01
-5.608296308566007582e+01
-5.618502489291332580e+01
-5.628717948362771040e+01
-5.638942685780323671e+01
-5.649176701543990475e+01
-5.659419995653770741e+01
-5.669672568109665889e+01
-5.679934418911673788e+01
-5.690205548059795859e+01
-4.921554592124657290e+01
-4.930438264673618676e+01
-4.939329947747872041e+01
-4.948229641347418095e+01
-4.957137345472255419e+01
-4.966053060122385432e+01
-4.974976785297807425e+01
-4.983908520998522107e+01
-4.992848267224528058e+01
-4.204844540757180482e+01
-4.212373358198106388e+01
-4.219908909822789411e+01
-4.227451195631230974e+01
-4.235000215623429654e+01
-4.242555969799385451e+01
-4.250118458159099077e+01
-4.257687680702570532e+01
-4.265263637429799104e+01
-3.624689717993839366e+01
-3.631127888008037985e+01
-3.637571770684183292e+01
-3.644021366022275998e+01
-3.650476674022315393e+01
-3.656937694684302187e+01
-3.663404428008235669e+01
-3.669876873994115130e+01
-3.676355032641942699e+01
-3.111336444633268172e+01
-3.116818975813238879e+01
-3.122306333165022707e+01
-3.127798516688620012e+01
-3.133295526384030438e+01
-3.138797362251254341e+01
-3.144304024290291366e+01
-3.149815512501142223e+01
-3.155331826883806201e+01
-2.675025816116671251e+01
-2.679702434676315548e+01
-2.684383137618981863e+01
-2.689067924944669485e+01
-2.693756796653378416e+01
-2.698449752745109009e+01
-2.703146793219861266e+01
-2.707847918077634830e+01
-2.712553127318430057e+01
-2.120422084408387065e+01
-2.124100179958098167e+01
-2.127781462765651455e+01
-2.131465932831046217e+01
-2.135153590154283521e+01
-2.138844434735362654e+01
-2.142538466574283618e+01
-2.146235685671047122e+01
-2.149936092025652101e+01
-1.496762577204781408e+01
-1.499338760642311286e+01
-1.501917159198875851e+01
-1.504497772874475281e+01
-1.507080601669109576e+01
-1.509665645582778737e+01
-1.512252904615482763e+01
-1.514842378767221476e+01
-1.517434068037995232e+01
-1.348865586001379491e+01
-1.351169370093610667e+01
-1.353475119871927568e+01
-1.355782835336329839e+01
-1.358092516486817480e+01
-1.360404163323390847e+01
-1.362717775846049584e+01
-1.365033354054794046e+01
-1.367350897949623878e+01
-1.655562706112053917e+01
-1.658368744596989686e+01
-1.661177159067094777e+01
-1.663987949522368837e+01
-1.666801115962812574e+01
-1.669616658388425279e+01
-1.672434576799207306e+01
-1.675254871195159012e+01
-1.678077541576279685e+01
-1.131265662996840327e+01
-1.133168548889181615e+01
-1.135073033845297807e+01
-1.136979117865189082e+01
-1.138886800948855615e+01
-1.140796083096297053e+01
-1.142706964307513573e+01
-1.144619444582505352e+01
-1.146533523921272035e+01
-2.047894867477318215e+01
-2.051313723683457368e+01
-2.054735431312620619e+01
-2.058159990364808323e+01
-2.061587400840020479e+01
-2.065017662738256732e+01
-2.068450776059517437e+01
-2.071886740803802240e+01
-2.075325556971111496e+01
-2.531669845006893027e+01
-2.535864824037559018e+01
-2.540063275732985204e+01
-2.544265200093172297e+01
-2.548470597118119585e+01
-2.552679466807827424e+01
-2.556891809162296170e+01
-2.561107624181524756e+01
-2.565326911865513893e+01
-3.246110239660611541e+01
-3.251449236765316186e+01
-3.256792620884898071e+01
-3.262140392019355772e+01
-3.267492550168690002e+01
-3.272849095332900760e+01
-3.278210027511988756e+01
-3.283575346705952569e+01
-3.288945052914792910e+01
-5.119760964675471371e+01
-5.128119758087186852e+01
-5.136485369438062776e+01
-5.144857798728100562e+01
-5.153237045957299500e+01
-5.161623111125659591e+01
-5.170015994233180834e+01
-5.178415695279863940e+01
-5.186822214265707487e+01
-6.134239959499606698e+01
-6.144182001573349794e+01
-6.154132093883590926e+01
-6.164090236430327963e+01
-6.174056429213561614e+01
-6.184030672233292591e+01
-6.194012965489520894e+01
-6.204003308982245812e+01
-6.214001702711468056e+01
-8.473170783050579757e+01
-8.486804203457741380e+01
-8.500448583206065223e+01
-8.514103922295552707e+01
-8.527770220726203831e+01
-8.541447478498018597e+01
-8.555135695610995583e+01
-8.568834872065136210e+01
-8.582545007860440478e+01
-1.097850128379887167e+02
-1.099603882578577156e+02
-1.101359036421479942e+02
-1.103115589908595382e+02
-1.104873543039923902e+02
-1.106632895815465218e+02
-1.108393648235219331e+02
-1.110155800299186239e+02
-1.111919352007366086e+02
-1.371151278760211483e+02
-1.373325983405350712e+02
-1.375502411271286292e+02
-1.377680562358018221e+02
-1.379860436665546786e+02
-1.382042034193871700e+02
-1.384225354942993249e+02
-1.386410398912911148e+02
-1.388597166103625398e+02
-1.723037089900360570e+02
-1.725750534136423937e+02
-1.728466113261737007e+02
-1.731183827276299496e+02
-1.733903676180111688e+02
-1.736625659973173015e+02
-1.739349778655484045e+02
-1.742076032227043925e+02
-1.744804420687853792e+02
-2.186131919314696574e+02
-2.189550421143179335e+02
-2.192971593676215321e+02
-2.196395436913805099e+02
-2.199821950855948387e+02
-2.203251135502645184e+02
-2.206682990853895490e+02
-2.210117516909699020e+02
-2.213554713670056344e+02
-2.441141505427150094e+02
-2.444932097826881829e+02
-2.448725630949964511e+02
-2.452522104796398423e+02
-2.456321519366183850e+02
-2.460123874659320222e+02
-2.463929170675808109e+02
-2.467737407415646942e+02
-2.471548584878837005e+02
-2.794940163477235728e+02
-2.799250017237416728e+02
-2.803563191377998010e+02
-2.807879685898980711e+02
-2.812199500800363694e+02
-2.816522636082147528e+02
-2.820849091744332213e+02
-2.825178867786917181e+02
-2.829511964209903567e+02
-3.144797350413527965e+02
-3.149613272849076679e+02
-3.154432879999573061e+02
-3.159256171865015403e+02
-3.164083148445404845e+02
-3.168913809740741385e+02
-3.173748155751025024e+02
-3.178586186476255193e+02
-3.183427901916432461e+02
-3.411828550378579052e+02
-3.417017643230865929e+02
-3.422210679162827773e+02
-3.427407658174464586e+02
-3.432608580265776368e+02
-3.437813445436763118e+02
-3.443022253687424836e+02
-3.448235005017761523e+02
-3.453451699427773178e+02
-3.658319292385926929e+02
-3.663845454459017787e+02
-3.669375787220465099e+02
-3.674910290670270001e+02
-3.680448964808431356e+02
-3.685991809634950300e+02
-3.691538825149825698e+02
-3.697090011353058685e+02
-3.702645368244648125e+02
-3.827906111847351553e+02
-3.833649406838870277e+02
-3.839397007148973557e+02
-3.845148912777660826e+02
-3.850905123724932650e+02
-3.856665639990789032e+02
-3.862430461575229970e+02
-3.868199588478254896e+02
-3.873973020699864378e+02
-3.833138624008137754e+02
-3.838851200198910192e+02
-3.844568029983271913e+02
-3.850289113361223485e+02
-3.856014450332763772e+02
-3.861744040897894479e+02
-3.867477885056614468e+02
-3.873215982808923741e+02
-3.878958334154822865e+02
-4.037047458584594892e+02
-4.043023842683165299e+02
-4.049004647184175951e+02
-4.054989872087626850e+02
-4.060979517393516858e+02
-4.066973583101847112e+02
-4.072972069212616475e+02
-4.078974975725826084e+02
-4.084982302641475371e+02
-3.887211096745973578e+02
-3.892927583652952421e+02
-3.898648270770738122e+02
-3.904373158099328975e+02
-3.910102245638726686e+02
-3.915835533388930116e+02
-3.921573021349939836e+02
-3.927314709521754708e+02
-3.933060597904376436e+02
-3.831497376227823679e+02
-3.837094888830055197e+02
-3.842696487207909399e+02
-3.848302171361385717e+02
-3.853911941290483583e+02
-3.859525796995204132e+02
-3.865143738475546797e+02
-3.870765765731511010e+02
-3.876391878763097338e+02
-3.714902263906606095e+02
-3.720293994333175647e+02
-3.725689634644028843e+02
-3.731089184839165114e+02
-3.736492644918584460e+02
-3.741900014882286882e+02
-3.747311294730272948e+02
-3.752726484462542658e+02
-3.758145584079094874e+02
-3.624908995750286635e+02
-3.630135973393762470e+02
-3.635366716871275230e+02
-3.640601226182824917e+02
-3.645839501328411529e+02
-3.651081542308035068e+02
-3.656327349121696670e+02
-3.661576921769394630e+02
-3.666830260251130085e+02
-3.452380865591267707e+02
-3.457326969983232061e+02
-3.462276614893730766e+02
-3.467229800322763253e+02
-3.472186526270329523e+02
-3.477146792736430143e+02
-3.482110599721064546e+02
-3.487077947224233299e+02
-3.492048835245935265e+02
-3.256713125611304349e+02
-3.261349016181569596e+02
-3.265988203971301687e+02
-3.270630688980500622e+02
-3.275276471209165834e+02
-3.279925550657297890e+02
-3.284577927324897360e+02
-3.289233601211963105e+02
-3.293892572318495127e+02
-3.090203590585041411e+02
-3.094574458464228428e+02
-3.098948415295980112e+02
-3.103325461080296463e+02
-3.107705595817178050e+02
-3.112088819506623736e+02
-3.116475132148634657e+02
-3.120864533743210245e+02
-3.125257024290350500e+02
-2.839295303573962883e+02
-2.843285880247995010e+02
-2.847279259293287623e+02
-2.851275440709839586e+02
-2.855274424497651466e+02
-2.859276210656722697e+02
-2.863280799187054413e+02
-2.867288190088646047e+02
-2.871298383361497599e+02
-2.552447331814783240e+02
-2.556012202389943297e+02
-2.559579560662644155e+02
-2.563149406632884961e+02
-2.566721740300665715e+02
-2.570296561665987269e+02
-2.573873870728848487e+02
-2.577453667489249938e+02
-2.581035951947192189e+02
-2.478652813095544900e+02
-2.482092997430167713e+02
-2.485535567468212150e+02
-2.488980523209678779e+02
-2.492427864654567600e+02
-2.495877591802878328e+02
-2.499329704654610964e+02
-2.502784203209766360e+02
-2.506241087468343096e+02
-2.305376235281603954e+02
-2.308556064571647539e+02
-2.311738085336046993e+02
-2.314922297574801462e+02
-2.318108701287912083e+02
-2.321297296475378289e+02
-2.324488083137200363e+02
-2.327681061273377452e+02
-2.330876230883910694e+02
-2.021981212692784595e+02
-2.024752948419573784e+02
-2.027526582595491220e+02
-2.030302115220536336e+02
-2.033079546294709417e+02
-2.035858875818010461e+02
-2.038640103790439468e+02
-2.041423230211996440e+02
-2.044208255082681376e+02
-1.937667290247576943e+02
-1.940307163940012174e+02
-1.942948834687377939e+02
-1.945592302489673386e+02
-1.948237567346899652e+02
-1.950884629259055600e+02
-1.953533488226141799e+02
-1.956184144248158532e+02
-1.958836597325104947e+02
-1.684807499213991946e+02
-1.687088890546712321e+02
-1.689371825445963395e+02
-1.691656303911745738e+02
-1.693942325944059064e+02
-1.696229891542903090e+02
-1.698519000708278099e+02
-1.700809653440184093e+02
-1.703101849738620786e+02
-1.539313969950011938e+02
-1.541385724956674039e+02
-1.543458873208128921e+02
-1.545533414704376298e+02
-1.547609349445416456e+02
-1.549686677431249393e+02
-1.551765398661874826e+02
-1.553845513137292755e+02
-1.555927020857503464e+02
-1.375602391652877543e+02
-1.377442662410941523e+02
-1.379284163296517534e+02
-1.381126894309605859e+02
-1.382970855450205931e+02
-1.384816046718318319e+02
-1.386662468113942737e+02
-1.388510119637079470e+02
-1.390359001287727949e+02
-1.182094993760699282e+02
-1.183666928592827929e+02
-1.185239907899927942e+02
-1.186813931681999605e+02
-1.188388999939042776e+02
-1.189965112671057454e+02
-1.191542269878043498e+02
-1.193120471560001334e+02
-1.194699717716930394e+02
-1.196280008348831245e+02
-1.197861343455703320e+02
-1.199443723037547045e+02
-1.201027147094362277e+02
-1.202611615626149018e+02
-1.204197128632907265e+02
-1.205783686114637163e+02
-1.207371288071338427e+02
-8.242403023810089735e+01
-8.253241160593533721e+01
-8.264086418360412267e+01
-8.274938797110721111e+01
-8.285798296844461674e+01
-8.296664917561635377e+01
-8.307538659262239378e+01
-8.318419521946276518e+01
-8.329307505613745377e+01
-8.340202610264647376e+01
-8.351104835898979672e+01
-8.362014182516745109e+01
-8.372930650117940843e+01
-8.383854238702569717e+01
-8.394784948270630309e+01
-8.405722778822124042e+01
-8.416667730357048072e+01
-6.380689056249011060e+01
-6.388986441237630487e+01
-6.397289217639499270e+01
-6.405597385454615278e+01
-6.413910944682980642e+01
-6.422229895324591098e+01
-6.430554237379452331e+01
-6.438883970847560079e+01
-6.447219095728915761e+01
-6.455559612023520799e+01
-6.463905519731372351e+01
-6.472256818852471838e+01
-6.480613509386820681e+01
-6.488975591334416038e+01
-6.497343064695259329e+01
-6.505715929469351977e+01
-6.514094185656691138e+01
-5.184863693849034405e+01
-5.191532328825045539e+01
-5.198205249556183105e+01
-5.204882456042447103e+01
-5.211563948283836112e+01
-5.218249726280351553e+01
-5.224939790031992715e+01
-5.231634139538761019e+01
-5.238332774800654335e+01
-5.245035695817673371e+01
-5.251742902589818840e+01
-5.258454395117090030e+01
-5.265170173399487652e+01
-5.271890237437010285e+01
-5.278614587229660060e+01
-5.285343222777434846e+01
-5.292076144080336064e+01
-6.155206918631215984e+01
-6.163037970690543688e+01
-6.170874001168217404e+01
-6.178715010064237845e+01
-6.186560997378605009e+01
-6.194411963111318897e+01
-6.202267907262379509e+01
-6.210128829831786845e+01
-6.217994730819540905e+01
-6.225865610225641689e+01
-6.233741468050089196e+01
-6.241622304292883427e+01
-6.249508118954024383e+01
-6.257398912033511351e+01
-6.265294683531345044e+01
-6.273195433447526170e+01
-6.281101161782053310e+01
-8.287980642063884318e+01
-8.298412335760629333e+01
-8.308850590271019598e+01
-8.319295405595055115e+01
-8.329746781732737304e+01
-8.340204718684066165e+01
-8.350669216449040277e+01
-8.361140275027659641e+01
-8.371617894419924255e+01
-8.382102074625835542e+01
-8.392592815645393500e+01
-8.403090117478593868e+01
-8.413593980125442329e+01
-8.424104403585937462e+01
-8.434621387860076425e+01
-8.445144932947862060e+01
-8.455675038849292946e+01
-7.916315096682822627e+01
-7.926173521460759730e+01
-7.936038080914973136e+01
-7.945908775045464267e+01
-7.955785603852233123e+01
-7.965668567335279704e+01
-7.975557665494604009e+01
-7.985452898330204619e+01
-7.995354265842084374e+01
-8.005261768030239011e+01
-8.015175404894674216e+01
-8.025095176435384303e+01
-8.035021082652373536e+01
-8.044953123545639073e+01
-8.054891299115183756e+01
-8.064835609361004742e+01
-8.074786054283103454e+01
-9.489183472454379853e+01
-9.500876859358204740e+01
-9.512577446623424748e+01
-9.524285234250038457e+01
-9.536000222238044444e+01
-9.547722410587446973e+01
-9.559451799298241781e+01
-9.571188388370430289e+01
-9.582932177804015339e+01
-9.594683167598992668e+01
-9.606441357755363697e+01
-9.618206748273128426e+01
-9.629979339152288276e+01
-9.641759130392841826e+01
-9.653546121994789075e+01
-9.665340313958130025e+01
-9.677141706282864675e+01
-9.612626475820964345e+01
-9.624349191035379647e+01
-9.636079049890999215e+01
-9.647816052387821628e+01
-9.659560198525846886e+01
-9.671311488305074988e+01
-9.683069921725507356e+01
-9.694835498787142569e+01
-9.706608219489979206e+01
-9.718388083834021529e+01
-9.730175091819266697e+01
-9.741969243445713289e+01
-9.753770538713364147e+01
-9.765578977622217849e+01
-9.777394560172275817e+01
-9.789217286363535209e+01
-9.801047156195998866e+01
-7.712146823993407452e+01
-7.721455389864250662e+01
-7.730769570069152508e+01
-7.740089364608115829e+01
-7.749414773481136365e+01
-7.758745796688218377e+01
-7.768082434229360445e+01
-7.777424686104561147e+01
-7.786772552313820484e+01
-7.796126032857139876e+01
-7.805485127734519324e+01
-7.814849836945958828e+01
-7.824220160491458387e+01
-7.833596098371016581e+01
-7.842977650584633409e+01
-7.852364817132311714e+01
-7.861757598014048654e+01
-3.796716689641732501e+01
-3.801252790824099748e+01
-3.805791600126576668e+01
-3.810333117549161841e+01
-3.814877343091855977e+01
-3.819424276754659076e+01
-3.823973918537571848e+01
-3.828526268440592162e+01
-3.833081326463722149e+01
-3.837639092606961100e+01
-3.842199566870308303e+01
-3.846762749253764468e+01
-3.851328639757330308e+01
-3.855897238381004399e+01
-3.860468545124787454e+01
-3.865042559988679471e+01
-3.869619282972680452e+01
5.364295326024016042e+00
5.370639850359940404e+00
5.376988124414739723e+00
5.383340148188413110e+00
5.389695921680961455e+00
5.396055444892383868e+00
5.402418717822681238e+00
5.408785740471854453e+00
5.415156512839900849e+00
5.421531034926822201e+00
5.427909306732618511e+00
5.434291328257289777e+00
5.440677099500835112e+00
5.447066620463255404e+00
5.453459891144550653e+00
5.459856911544719971e+00
5.466257681663764245e+00
5.399836753786287602e+01
5.406159747643180680e+01
5.412486441320937303e+01
5.418816834819558181e+01
5.425150928139043316e+01
5.431488721279392706e+01
5.437830214240606352e+01
5.444175407022684254e+01
5.450524299625626412e+01
5.456876892049432115e+01
5.463233184294102784e+01
5.469593176359636999e+01
5.475956868246036180e+01
5.482324259953298196e+01
5.488695351481425888e+01
5.495070142830417126e+01
5.501448634000271909e+01
1.240471992714635263e+02
1.241910221111985493e+02
1.243349282781871921e+02
1.244789177724294547e+02
1.246229905939253229e+02
1.247671467426748109e+02
1.249113862186779045e+02
1.250557090219346037e+02
1.252001151524449227e+02
1.253446046102088332e+02
1.254891773952263918e+02
1.256338335074975419e+02
1.257785729470223117e+02
1.259233957138006872e+02
1.260683018078326825e+02
1.262132912291182834e+02
1.263583639776574898e+02
1.716647644519537153e+02
1.718618537337584939e+02
1.720590560903089852e+02
1.722563715216052174e+02
1.724538000276471621e+02
1.726513416084348478e+02
1.728489962639682460e+02
1.730467639942474136e+02
1.732446447992722653e+02
1.734426386790428580e+02
1.736407456335591917e+02
1.738389656628212379e+02
1.740372987668290250e+02
1.742357449455825247e+02
1.744343041990817653e+02
1.746329765273267469e+02
1.748317619303174411e+02
2.126664922966789675e+02
2.129082961537530991e+02
2.131502373993823483e+02
2.133923160335668001e+02
2.136345320563063410e+02
2.138768854676010847e+02
2.141193762674509742e+02
2.143620044558560380e+02
2.146047700328162193e+02
2.148476729983315749e+02
2.150907133524020765e+02
2.153338910950277523e+02
2.155772062262085740e+02
2.158206587459445700e+02
2.160642486542356835e+02
2.163079759510819713e+02
2.165518406364834334e+02
2.673676607434253469e+02
2.676687504514697480e+02
2.679700095966036315e+02
2.682714381788269975e+02
2.685730361981399028e+02
2.688748036545423474e+02
2.691767405480342177e+02
2.694788468786156841e+02
2.697811226462865761e+02
2.700835678510469506e+02
2.703861824928969213e+02
2.706889665718362608e+02
2.709919200878651964e+02
2.712950430409836144e+02
2.715983354311915718e+02
2.719017972584889549e+02
2.722054285228758772e+02
3.101390973466160403e+02
3.104850416827528079e+02
3.108311788529676960e+02
3.111775088572607046e+02
3.115240316956317770e+02
3.118707473680810267e+02
3.122176558746083970e+02
3.125647572152138309e+02
3.129120513898973854e+02
3.132595383986591173e+02
3.136072182414989129e+02
3.139550909184168290e+02
3.143031564294128088e+02
3.146514147744869661e+02
3.149998659536392438e+02
3.153485099668695852e+02
3.156973468141781041e+02
3.031935835680255877e+02
3.035286041023548478e+02
3.038638096286965151e+02
3.041992001470504761e+02
3.045347756574167875e+02
3.048705361597953925e+02
3.052064816541864047e+02
3.055426121405896538e+02
3.058789276190052533e+02
3.062154280894332032e+02
3.065521135518735036e+02
3.068889840063260976e+02
3.072260394527910421e+02
3.075632798912683370e+02
3.079007053217579255e+02
3.082383157442598645e+02
3.085761111587740970e+02
3.072533877728403127e+02
3.075897352142993668e+02
3.079262666532646904e+02
3.082629820897362265e+02
3.085998815237140889e+02
3.089369649551982207e+02
3.092742323841886218e+02
3.096116838106852924e+02
3.099493192346882324e+02
3.102871386561974418e+02
3.106251420752128638e+02
3.109633294917346120e+02
3.113017009057625728e+02
3.116402563172969167e+02
3.119789957263374163e+02
3.123179191328842421e+02
3.126570265369373374e+02
3.045383897306692802e+02
3.048686916718087900e+02
3.051991726383906780e+02
3.055298326304149441e+02
3.058606716478815883e+02
3.061916896907905539e+02
3.065228867591418407e+02
3.068542628529355056e+02
3.071858179721715487e+02
3.075175521168499131e+02
3.078494652869705988e+02
3.081815574825337194e+02
3.085138287035391613e+02
3.088462789499868677e+02
3.091789082218770091e+02
3.095117165192095285e+02
3.098447038419843693e+02
2.672757501468400392e+02
2.675629889970784916e+02
2.678503821109314345e+02
2.681379294883988678e+02
2.684256311294808484e+02
2.687134870341773194e+02
2.690014972024883377e+02
2.692896616344138465e+02
2.695779803299539026e+02
2.698664532891085059e+02
2.701550805118775997e+02
2.704438619982612408e+02
2.707327977482593724e+02
2.710218877618720512e+02
2.713111320390992205e+02
2.716005305799409371e+02
2.718900833843971441e+02
2.274785285173169882e+02
2.277207846712225603e+02
2.279631697533632746e+02
2.282056837637392164e+02
2.284483267023503004e+02
2.286910985691965834e+02
2.289339993642780655e+02
2.291770290875946898e+02
2.294201877391465132e+02
2.296634753189335072e+02
2.299068918269557003e+02
2.301504372632130639e+02
2.303941116277056267e+02
2.306379149204333601e+02
2.308818471413962641e+02
2.311259082905943671e+02
2.313700983680276124e+02
1.931620266556012382e+02
1.933658915913855196e+02
1.935698640508700805e+02
1.937739440340549777e+02
1.939781315409401827e+02
1.941824265715256956e+02
1.943868291258115164e+02
1.945913392037976450e+02
1.947959568054840531e+02
1.950006819308708259e+02
1.952055145799578497e+02
1.954104547527452098e+02
1.956155024492328778e+02
1.958206576694208536e+02
1.960259204133091373e+02
1.962312906808977289e+02
1.964367684721866283e+02
1.595205850417929696e+02
1.596874475784475749e+02
1.598543973406832777e+02
1.600214343285000780e+02
1.601885585418980043e+02
1.603557699808770280e+02
1.605230686454371494e+02
1.606904545355783682e+02
1.608579276513007130e+02
1.610254879926041269e+02
1.611931355594886952e+02
1.613608703519543326e+02
1.615286923700010675e+02
1.616966016136289284e+02
1.618645980828379152e+02
1.620326817776279711e+02
1.622008526979991530e+02
1.305970544322866260e+02
1.307324583249069292e+02
1.308679323749845764e+02
1.310034765825194825e+02
1.311390909475117610e+02
1.312747754699613267e+02
1.314105301498682081e+02
1.315463549872324052e+02
1.316822499820539463e+02
1.318182151343327746e+02
1.319542504440689186e+02
1.320903559112624066e+02
1.322265315359131819e+02
1.323627773180212728e+02
1.324990932575867078e+02
1.326354793546094299e+02
1.327719356090894962e+02
1.120867420662938514e+02
1.122019391290546793e+02
1.123171953582576066e+02
1.124325107539026334e+02
1.125478853159897596e+02
1.126633190445189854e+02
1.127788119394902964e+02
1.128943640009037210e+02
1.130099752287592310e+02
1.131256456230568119e+02
1.132413751837965208e+02
1.133571639109783149e+02
1.134730118046022227e+02
1.135889188646682015e+02
1.137048850911762798e+02
1.138209104841264576e+02
1.139369950435187349e+02
1.032393745649971208e+02
1.033445598676614026e+02
1.034497987269971162e+02
1.035550911430042333e+02
1.036604371156827824e+02
1.037658366450327350e+02
1.038712897310541052e+02
1.039767963737469074e+02
1.040823565731110989e+02
1.041879703291467365e+02
1.042936376418537776e+02
1.043993585112322506e+02
1.045051329372821272e+02
1.046109609200034214e+02
1.047168424593961333e+02
1.048227775554602772e+02
1.049287662081958246e+02
1.057178626594425452e+02
1.058246483793005694e+02
1.059314880041156073e+02
1.060383815338876872e+02
1.061453289686167665e+02
1.062523303083028594e+02
1.063593855529459944e+02
1.064664947025461288e+02
1.065736577571033052e+02
1.066808747166174953e+02
1.067881455810886990e+02
1.068954703505169306e+02
1.070028490249021900e+02
1.071102816042444488e+02
1.072177680885437496e+02
1.073253084778000641e+02
1.074329027720133922e+02
5.676754525405071661e+01
5.682439807854150615e+01
5.688127935789940892e+01
5.693818909212441781e+01
5.699512728121653993e+01
5.705209392517577527e+01
5.710908902400213094e+01
5.716611257769559273e+01
5.722316458625616775e+01
5.728024504968384889e+01
5.733735396797865036e+01
5.739449134114056505e+01
5.745165716916958587e+01
5.750885145206572702e+01
5.756607418982897428e+01
5.762332538245933478e+01
5.768060502995681560e+01
9.639589926620463700e+01
9.649162508474108790e+01
9.658739840988722847e+01
9.668321924164307291e+01
9.677908758000860701e+01
9.687500342498384498e+01
9.697096677656877262e+01
9.706697763476338991e+01
9.716303599956771109e+01
9.725914187098172192e+01
9.735529524900542242e+01
9.745149613363884100e+01
9.754774452488193504e+01
9.764404042273473294e+01
9.774038382719722051e+01
9.783677473826941196e+01
9.793321315595129306e+01
9.802969908024287804e+01
9.812623251114413847e+01
9.822281344865510277e+01
9.831944189277577095e+01
9.841611784350612879e+01
9.851284130084619051e+01
9.860961226479594188e+01
9.870643073535538292e+01
9.880329671252452783e+01
9.890021019630336241e+01
9.899717118669188665e+01
9.909417968369012897e+01
9.919123568729806095e+01
9.928833919751566839e+01
9.938549021434297970e+01
9.948268873777999488e+01
1.258319661841645569e+02
1.259549089943103013e+02
1.260779118351250503e+02
1.262009747066088181e+02
1.263240976087616048e+02
1.264472805415834102e+02
1.265705235050742345e+02
1.266938264992340777e+02
1.268171895240629254e+02
1.269406125795608062e+02
1.270640956657276917e+02
1.271876387825636101e+02
1.273112419300685190e+02
1.274349051082424467e+02
1.275586283170854074e+02
1.276824115565973869e+02
1.278062548267783711e+02
1.279301581276283741e+02
1.280541214591473818e+02
1.281781448213354224e+02
1.283022282141924961e+02
1.284263716377185460e+02
1.285505750919136290e+02
1.286748385767777449e+02
1.287991620923108655e+02
1.289235456385129908e+02
1.290479892153841490e+02
1.291724928229243119e+02
1.292970564611335078e+02
1.294216801300117083e+02
1.295463638295589135e+02
1.296711075597751517e+02
1.297959113206603945e+02
1.494979396202400608e+02
1.496416876391056689e+02
1.497855047343859098e+02
1.499293909060808119e+02
1.500733461541903750e+02
1.502173704787145425e+02
1.503614638796533427e+02
1.505056263570068040e+02
1.506498579107748981e+02
1.507941585409576248e+02
1.509385282475550127e+02
1.510829670305670049e+02
1.512274748899936867e+02
1.513720518258349728e+02
1.515166978380909200e+02
1.516614129267614715e+02
1.518061970918466841e+02
1.519510503333465294e+02
1.520959726512610359e+02
1.522409640455901751e+02
1.523860245163339471e+02
1.525311540634923517e+02
1.526763526870654175e+02
1.528216203870531160e+02
1.529669571634554472e+02
1.531123630162724112e+02
1.532578379455040363e+02
1.534033819511502941e+02
1.535489950332111846e+02
1.536946771916867078e+02
1.538404284265768638e+02
1.539862487378816809e+02
1.541321381256011307e+02
1.608455716098935113e+02
1.609978154069686695e+02
1.611501312209771584e+02
1.613025190519189778e+02
1.614549788997941278e+02
1.616075107646026368e+02
1.617601146463444763e+02
1.619127905450196465e+02
1.620655384606281473e+02
1.622183583931700070e+02
1.623712503426451690e+02
1.625242143090536899e+02
1.626772502923955415e+02
1.628303582926707520e+02
1.629835383098792931e+02
1.631367903440211649e+02
1.632901143950963672e+02
1.634435104631049285e+02
1.635969785480467920e+02
1.637505186499220144e+02
1.639041307687305675e+02
1.640578149044724796e+02
1.642115710571476939e+02
1.643653992267562671e+02
1.645192994132981710e+02
1.646732716167734054e+02
1.648273158371819989e+02
1.649814320745239229e+02
1.651356203287991775e+02
1.652898806000077627e+02
1.654442128881496785e+02
1.655986171932249533e+02
1.657530935152335871e+02
1.478147182849348837e+02
1.479524766430755562e+02
1.480902991644011877e+02
1.482281858489118349e+02
1.483661366966074127e+02
1.485041517074879778e+02
1.486422308815535303e+02
1.487803742188040417e+02
1.489185817192395120e+02
1.490568533828599982e+02
1.491951892096654149e+02
1.493335891996558189e+02
1.494720533528312103e+02
1.496105816691915891e+02
1.497491741487369268e+02
1.498878307914672234e+02
1.500265515973825075e+02
1.501653365664827788e+02
1.503041856987680092e+02
1.504430989942382269e+02
1.505820764528934035e+02
1.507211180747335675e+02
1.508602238597586904e+02
1.509993938079688007e+02
1.511386279193638984e+02
1.512779261939439550e+02
1.514172886317089990e+02
1.515567152326590019e+02
1.516962059967939922e+02
1.518357609241139414e+02
1.519753800146188780e+02
1.521150632683087736e+02
1.522548106851836565e+02
1.295455304565955714e+02
1.296644341100665372e+02
1.297833923064977739e+02
1.299024050458893385e+02
1.300214723282412024e+02
1.301405941535533941e+02
1.302597705218258852e+02
1.303790014330586757e+02
1.304982868872517656e+02
1.306176268844051833e+02
1.307370214245189004e+02
1.308564705075929169e+02
1.309759741336272612e+02
1.310955323026218764e+02
1.312151450145768479e+02
1.313348122694920903e+02
1.314545340673676606e+02
1.315743104082035302e+02
1.316941412919996992e+02
1.318140267187561960e+02
1.319339666884729638e+02
1.320539612011500878e+02
1.321740102567874828e+02
1.322941138553852056e+02
1.324142719969432278e+02
1.325344846814615494e+02
1.326547519089401987e+02
1.327750736793791475e+02
1.328954499927783957e+02
1.330158808491379716e+02
1.331363662484578470e+02
1.332569061907380217e+02
1.333775006759785242e+02
1.041740859519315165e+02
1.042682759030634685e+02
1.043625084163061700e+02
1.044567834916596496e+02
1.045511011291239214e+02
1.046454613286989286e+02
1.047398640903847280e+02
1.048343094141812770e+02
1.049287973000886041e+02
1.050233277481067091e+02
1.051179007582355780e+02
1.052125163304752107e+02
1.053071744648256214e+02
1.054018751612867959e+02
1.054966184198587342e+02
1.055914042405414506e+02
1.056862326233349307e+02
1.057811035682391747e+02
1.058760170752541967e+02
1.059709731443799967e+02
1.060659717756165463e+02
1.061610129689638740e+02
1.062560967244219654e+02
1.063512230419908207e+02
1.064463919216704539e+02
1.065416033634608652e+02
1.066368573673620403e+02
1.067321539333739793e+02
1.068274930614966962e+02
1.069228747517301770e+02
1.070182990040744215e+02
1.071137658185294299e+02
1.072092751950952305e+02
8.888717901267233401e+01
8.896636580912014836e+01
8.904558786237849688e+01
8.912484517244736537e+01
8.920413773932676804e+01
8.928346556301669068e+01
8.936282864351716171e+01
8.944222698082815270e+01
8.952166057494966367e+01
8.960112942588170881e+01
8.968063353362427392e+01
8.976017289817738742e+01
8.983974751954102089e+01
8.991935739771518854e+01
8.999900253269986194e+01
9.007868292449508374e+01
9.015839857310083971e+01
9.023814947851711565e+01
9.031793564074392577e+01
9.039775705978125586e+01
9.047761373562912013e+01
9.055750566828750436e+01
9.063743285775643699e+01
9.071739530403587537e+01
9.079739300712586214e+01
9.087742596702636888e+01
9.095749418373739559e+01
9.103759765725897068e+01
9.111773638759106575e+01
9.119791037473369499e+01
9.127811961868682999e+01
9.135836411945051339e+01
9.143864387702473095e+01
8.806273604461452464e+01
8.814005187959662635e+01
8.821740163991219674e+01
8.829478532556125003e+01
8.837220293654375780e+01
8.844965447285976268e+01
8.852713993450920782e+01
8.860465932149215007e+01
8.868221263380854680e+01
8.875979987145842642e+01
8.883742103444177474e+01
8.891507612275859174e+01
8.899276513640887742e+01
8.907048807539264601e+01
8.914824493970988328e+01
8.922603572936058924e+01
8.930386044434476389e+01
8.938171908466242144e+01
8.945961165031353346e+01
8.953753814129812838e+01
8.961549855761620620e+01
8.969349289926773849e+01
8.977152116625273948e+01
8.984958335857122336e+01
8.992767947622317593e+01
9.000580951920861139e+01
9.008397348752750133e+01
9.016217138117985996e+01
9.024040320016570149e+01
9.031866894448501171e+01
9.039696861413780482e+01
9.047530220912405241e+01
9.055366972944378290e+01
7.543438435617733262e+01
7.549966725047087834e+01
7.556497838131038236e+01
7.563031774869585888e+01
7.569568535262732212e+01
7.576108119310475786e+01
7.582650527012816610e+01
7.589195758369753264e+01
7.595743813381290011e+01
7.602294692047422586e+01
7.608848394368152412e+01
7.615404920343480910e+01
7.621964269973406658e+01
7.628526443257929657e+01
7.635091440197049906e+01
7.641659260790767405e+01
7.648229905039083576e+01
7.654803372941995576e+01
7.661379664499506248e+01
7.667958779711614170e+01
7.674540718578319343e+01
7.681125481099621766e+01
7.687713067275521439e+01
7.694303477106019784e+01
7.700896710591115379e+01
7.707492767730806804e+01
7.714091648525098321e+01
7.720693352973985668e+01
7.727297881077470265e+01
7.733905232835553534e+01
7.740515408248232632e+01
7.747128407315510401e+01
7.753744230037385421e+01
6.766257699973520801e+01
6.772030957396705730e+01
6.777806676763356108e+01
6.783584858073469093e+01
6.789365501327047525e+01
6.795148606524089985e+01
6.800934173664595050e+01
6.806722202748565564e+01
6.812512693775998684e+01
6.818305646746897253e+01
6.824101061661258427e+01
6.829898938519085050e+01
6.835699277320374279e+01
6.841502078065128956e+01
6.847307340753347660e+01
6.853115065385028970e+01
6.858925251960175729e+01
6.864737900478786514e+01
6.870553010940859906e+01
6.876370583346398746e+01
6.882190617695401613e+01
6.888013113987867087e+01
6.893838072223798008e+01
6.899665492403192957e+01
6.905495374526051933e+01
6.911327718592374936e+01
6.917162524602160545e+01
6.922999792555411602e+01
6.928839522452126687e+01
6.934681714292305799e+01
6.940526368075947516e+01
6.946373483803056104e+01
6.952223061473627297e+01
6.066855854371399204e+01
6.071960486979199345e+01
6.077067266194489292e+01
6.082176192017267624e+01
6.087287264447534341e+01
6.092400483485289442e+01
6.097515849130532928e+01
6.102633361383264798e+01
6.107753020243486475e+01
6.112874825711195825e+01
6.117998777786393561e+01
6.123124876469080391e+01
6.128253121759254896e+01
6.133383513656918495e+01
6.138516052162071190e+01
6.143650737274712270e+01
6.148787568994841024e+01
6.153926547322459584e+01
6.159067672257565107e+01
6.164210943800161147e+01
6.169356361950244150e+01
6.174503926707816959e+01
6.179653638072877442e+01
6.184805496045426310e+01
6.189959500625464273e+01
6.195115651812990620e+01
6.200273949608006063e+01
6.205434394010509180e+01
6.210596985020501393e+01
6.215761722637981990e+01
6.220928606862950971e+01
6.226097637695409048e+01
6.231268815135355510e+01
5.511544674077106976e+01
5.516118570072192284e+01
5.520694363162256479e+01
5.525272053347299561e+01
5.529851640627322240e+01
5.534433125002323806e+01
5.539016506472305679e+01
5.543601785037265728e+01
5.548188960697205374e+01
5.552778033452125328e+01
5.557369003302023458e+01
5.561961870246900475e+01
5.566556634286757799e+01
5.571153295421594009e+01
5.575751853651409817e+01
5.580352308976205222e+01
5.584954661395978803e+01
5.589558910910731981e+01
5.594165057520465467e+01
5.598773101225177129e+01
5.603383042024869098e+01
5.607994879919539244e+01
5.612608614909189697e+01
5.617224246993818326e+01
5.621841776173427263e+01
5.626461202448015086e+01
5.631082525817582507e+01
5.635705746282128814e+01
5.640330863841654718e+01
5.644957878496159509e+01
5.649586790245643897e+01
5.654217599090107171e+01
5.658850305029550043e+01
4.346494009720813523e+01
4.350052334739005033e+01
4.353612115700330065e+01
4.357173352604787908e+01
4.360736045452379983e+01
4.364300194243104869e+01
4.367865798976963987e+01
4.371432859653955916e+01
4.375001376274082077e+01
4.378571348837341048e+01
4.382142777343733542e+01
4.385715661793259557e+01
4.389290002185919093e+01
4.392865798521712151e+01
4.396443050800638730e+01
4.400021759022698831e+01
4.403601923187891742e+01
4.407183543296218886e+01
4.410766619347679551e+01
4.414351151342273027e+01
4.417937139280000736e+01
4.421524583160861255e+01
4.425113482984855295e+01
4.428703838751982858e+01
4.432295650462243941e+01
4.435888918115638546e+01
4.439483641712166673e+01
4.443079821251828321e+01
4.446677456734623490e+01
4.450276548160551471e+01
4.453877095529613683e+01
4.457479098841808707e+01
4.461082558097137962e+01
4.002321506716803157e+01
4.005554399694764811e+01
4.008788597837433088e+01
4.012024101144807986e+01
4.015260909616888796e+01
4.018499023253676938e+01
4.021738442055170992e+01
4.024979166021371668e+01
4.028221195152278966e+01
4.031464529447892886e+01
4.034709168908213428e+01
4.037955113533240592e+01
4.041202363322972957e+01
4.044450918277412654e+01
4.047700778396558974e+01
4.050951943680411915e+01
4.054204414128970768e+01
4.057458189742236954e+01
4.060713270520208340e+01
4.063969656462887770e+01
4.067227347570272400e+01
4.070486343842363652e+01
4.073746645279162237e+01
4.077008251880666023e+01
4.080271163646877852e+01
4.083535380577794882e+01
4.086800902673419245e+01
4.090067729933749519e+01
4.093335862358786414e+01
4.096605299948529932e+01
4.099876042702979362e+01
4.103148090622136124e+01
4.106421443705999508e+01
