5.856386380383941243e-04
4.196092658609411157e-03
-6.414854771118950376e-04
1.792408703161305766e-02
2.131589414777446470e-02
3.424840070047691781e-02
4.040232654010448426e-02
5.177388837275460898e-02
5.869555424459228787e-02
9.921117514454468045e-02
1.100706717514826766e-01
1.379721062898079942e-01
1.976326910976473339e-01
2.169530554391191635e-01
5.348209423873083734e-01
6.531542904643083958e-01
8.692261929652090879e-01
1.067098131620659363e+00
1.303459611085843850e+00
1.509359367887953107e+00
1.746409945206767400e+00
1.786470402349073838e+00
1.886081792478624397e+00
1.908842179415675133e+00
1.801679140691740511e+00
1.600100988255564349e+00
1.310355190404683956e+00
1.052254829512290435e+00
7.087236130343076423e-01
6.000545900173056557e-01
3.480513109386499382e-01
2.037750880425523992e-01
3.536881988338425736e-02
9.273794268739166125e-02
4.074413044516732585e-01
7.408131191396353232e-01
9.666812611975716951e-01
8.458736089212979259e-01
1.631943712587858641e+00
2.765007510769932342e+00
4.967242775666406374e+00
6.088536406870457718e+00
8.065064941710753388e+00
8.669570209578049358e+00
8.985841510031313817e+00
9.127156375322028836e+00
7.842881657504213067e+00
8.286738348957829459e+00
6.559370066755296769e+00
5.929065310373143660e+00
5.842862311817090593e+00
2.719015759838351975e+00
4.028080816762064309e+00
2.132086561867456709e+00
1.477609603154580675e+00
2.953606386403302420e+00
5.407711062469695129e+00
4.179349609821987777e+00
6.599602817667254762e+00
1.157554575292928511e+01
1.211516214283985349e+01
1.442710608855717247e+01
1.394550603201174610e+01
1.476380732068931323e+01
1.279952773986227399e+01
7.680853392801277657e+00
5.070502061647971459e+00
-1.673421098273065066e+00
-1.064608822080172246e+01
-2.008433552613727358e+01
-3.419908569670308651e+01
-4.909904915947924309e+01
-6.410375153745680166e+01
-7.637687905729330851e+01
-9.856049082111128712e+01
-1.183725719499856694e+02
-1.371326763217829239e+02
-1.659743239640607726e+02
-1.913045378171359232e+02
-2.106280869726154492e+02
-2.429085661685892319e+02
-2.655424821342118094e+02
-2.810603658574742667e+02
-2.964595528731597369e+02
-3.039994342211535354e+02
-3.190402645311119159e+02
-3.170330138575749856e+02
-3.163493598335160755e+02
-3.122697056236468143e+02
-3.108651166045603986e+02
-2.995005306192825287e+02
-2.895172736356042833e+02
-2.814956943348188361e+02
-2.718872944425737614e+02
-2.621242541832272082e+02
-2.664765866617962615e+02
-2.512982981761533097e+02
-2.549907372074592331e+02
-2.603960714138676167e+02
-2.559023209919326121e+02
-2.647545905242809567e+02
-2.674465549067395500e+02
-2.806477974545101688e+02
-3.111749711552581630e+02
-3.206457730739219869e+02
-3.496546732251487128e+02
-3.684108386772519452e+02
-4.038613722641122195e+02
-4.487301677218165423e+02
-4.863580679307950732e+02
-5.160654822008489191e+02
-5.489402217538934110e+02
-5.933986255699813910e+02
-6.654491205781591816e+02
-6.982865529293485451e+02
-7.410113005183069390e+02
-7.501340527753245624e+02
-7.869067028433313453e+02
-7.411326353844593768e+02
-7.354461514304315415e+02
-7.498732315780905537e+02
-7.109100935542876414e+02
-6.688917607507916046e+02
-6.289455794915537581e+02
-5.911185120836075839e+02
-6.073281654519245194e+02
-5.554542501868149884e+02
-5.094774722078689706e+02
-4.716230939857768476e+02
-4.487025434462649400e+02
-4.228018563265399052e+02
-4.071421718639180654e+02
-3.874795963612135665e+02
-3.935165563488388329e+02
-4.406181238654252752e+02
-4.259484177332172408e+02
-5.060337554275117782e+02
-5.857857114471200930e+02
-6.437188089930615433e+02
-7.954727503061918696e+02
-8.920986071430315860e+02
-1.035743852921984626e+03
-1.182780257252462889e+03
-1.345834301434878626e+03
-1.566875108662692810e+03
-1.828903233663251513e+03
-1.927430028654006946e+03
-2.126936490764698647e+03
-2.305720119634333059e+03
-2.407795098681169748e+03
-2.560506221092776741e+03
-2.622204473807651084e+03
-2.548768829859107882e+03
-2.709668932633428085e+03
-2.579721556805795899e+03
-2.517460054454850706e+03
-2.477804117191220939e+03
-2.390501763049690453e+03
-2.279737568208035100e+03
-2.171246115656075744e+03
-2.098296776795605183e+03
-1.922413258855399363e+03
-1.745503010860776158e+03
-1.717525520951520093e+03
-1.577770801432334565e+03
-1.403805732836992092e+03
-1.419486917452348052e+03
-1.278557993179834057e+03
-1.164319503581619301e+03
-1.108913341213351259e+03
-2.037064871535410703e+03
-1.538819080150856962e+03
-1.450774468364256336e+03
-1.270489719223684233e+03
-1.213685663803699299e+03
-1.489945288996171712e+03
-1.085859354854048661e+03
-1.020885684537567499e+03
-7.587296036897391787e+02
-2.157161845662248254e+02
3.732899567635826656e+02
1.112327636464449597e+03
1.749397928615055662e+03
2.552104225894679985e+03
3.040573752904122102e+03
3.555729193797894368e+03
4.104188983184483732e+03
4.521329750951637834e+03
4.399261485603393339e+03
4.429085158961933303e+03
4.288824892138867654e+03
3.839119032325760600e+03
3.424398069980541095e+03
3.214858988737433720e+03
2.842930491856347999e+03
2.478657463457157064e+03
2.463375966352425621e+03
2.312892911692623329e+03
2.447367605569685566e+03
1.527063112021993675e+03
3.793827999895328048e+03
4.137805130827980065e+03
4.513320940466643151e+03
4.446868059746764629e+03
3.759337033954174331e+03
3.387944713289718038e+03
2.626846252086632376e+03
2.253996963153943852e+03
2.205711347080649375e+03
1.814750977982912673e+03
1.475639044503696368e+03
1.390816344106069209e+03
1.159255130702561701e+03
8.734481479863723052e+02
7.441438520061449253e+02
-8.173107361323719289e-01
-1.465250449208715278e+00
-1.892508489469247435e+00
-2.744759407423133180e+00
-3.164976500070828536e+00
-3.409207402368390927e+00
-3.906152960282752939e+00
-5.593148341348070929e+00
-3.742323500799617619e+00
-3.529333915962872936e+00
-4.804070585745911615e+00
-5.669977217683703330e+00
-3.238761074110463323e+00
-3.188697507749289617e+00
-1.437148594073943020e+00
-5.118077851452497162e-01
1.025674154322574694e+01
2.090039215857506605e+01
3.290709495144115948e+01
4.984060395921692788e+01
6.864647694879708695e+01
8.257749468441475926e+01
1.076805357736296571e+02
1.223616198413583049e+02
1.351452595809542743e+02
1.478649341426070123e+02
1.556767026804362501e+02
1.664209812773658825e+02
1.610320383585245452e+02
1.431317742478505011e+02
1.458700856857863926e+02
1.153517407519563704e+02
1.005139007684701795e+02
6.988980272411329508e+01
4.695150893644766654e+01
1.235885460222536381e+01
-1.373656109038775064e+01
-3.200343105969447777e+01
-5.231447820736958221e+01
-7.179829981057982025e+01
-1.031175539283434830e+02
-1.077068940327985729e+02
-1.281654783011931329e+02
-1.390486476366298518e+02
-1.356852007913919351e+02
-1.437857180955605827e+02
-1.620787757806531317e+02
-1.698964253208771140e+02
-1.770907534672179224e+02
-1.929769036086013614e+02
-2.253748188696361865e+02
-2.672880081743411438e+02
-2.672350601973706148e+02
-3.235990743092816615e+02
-3.433745561942457130e+02
-3.608304190728694039e+02
-3.636564650648698489e+02
-3.671444183387760631e+02
-3.713043488079461554e+02
-3.188297301518570634e+02
-2.868957415172848755e+02
-1.803832645640258079e+02
-8.365463665130909021e+01
5.257266614451521036e+01
1.782387399829540868e+02
3.090747907199039446e+02
4.983972402463494973e+02
6.344935757956963016e+02
7.777904792641194263e+02
9.188051467729890192e+02
1.027727905745414091e+03
1.129299469431585521e+03
1.211084397868856513e+03
1.277406330704064885e+03
1.281051567677518733e+03
1.301100882949498555e+03
1.267890523707563489e+03
1.193847267619319609e+03
1.125759646520315073e+03
9.883112268933444966e+02
8.025676630813220527e+02
6.327446170052028265e+02
4.458293539858011059e+02
2.444119631209987062e+02
1.003263384902523541e+02
-1.725999285875018643e+02
-2.895777846989050772e+02
-4.543311004372542357e+02
-5.837949407028205542e+02
-7.065455753727810588e+02
-7.520230014739366879e+02
-7.089659618692493268e+02
-8.064009076347595055e+02
-7.152717382505644537e+02
-6.609907985773718337e+02
-5.954903702056388966e+02
-5.550180309037018560e+02
-4.811743222481599673e+02
-3.774478494519609626e+02
-2.833580955840401998e+02
-1.962545125906572707e+02
-3.966808641349668108e+01
5.501649943015674893e+01
6.052790708481443005e+01
1.806081979117655010e+02
3.048374971422675799e+02
2.738734756732879418e+02
4.331432762202923641e+02
4.477213290043759457e+02
4.970757113568677141e+02
4.935284445423512238e+02
4.773304339029989478e+02
4.016482943765293498e+02
4.906546190602632009e+02
3.013357866041745865e+02
1.697359248654078101e+02
8.733897122172514571e+01
4.078118069097917697e+01
-9.336249905585188458e+01
-1.453542764120884101e+02
-2.342273741205646616e+02
-2.272030761955492721e+02
-2.707487795969763624e+02
-2.561447392992682239e+02
-2.645255846663022226e+02
-3.093227394765542044e+02
-2.530190532196166657e+02
-1.084368212024899378e+02
-1.062911745245528863e+02
-9.805411181955417277e+00
1.425702121678498315e+02
1.423656186647344555e+02
3.228177736179897011e+02
4.424550241128127368e+02
6.428333564957059707e+02
7.040445296362905765e+02
8.480422325271722457e+02
1.137192413125791973e+03
1.345827193967084895e+03
1.392123401994652568e+03
1.548395045590481232e+03
1.673083684698602610e+03
1.667292146693725726e+03
1.690405767065991085e+03
1.755678994658802594e+03
1.744369961280661300e+03
1.617810543036642912e+03
1.491479806622354090e+03
1.304299565407117143e+03
1.284394866454596922e+03
1.111931981286012160e+03
7.975435762089612126e+02
6.645665471903362231e+02
5.433991919572531515e+02
3.167103367837914902e+02
3.629991682049930546e+02
1.006769255386751780e+02
1.202186875185735744e+02
5.083104237599331299e+01
-4.773756726364534586e+01
4.371658519746136307e+01
7.044866979146127051e+01
-6.121418545139172096e+01
9.855152281169836215e+01
1.843717524120460780e+02
-1.136125664568065519e+00
2.461814352877552210e+02
1.745401323791324728e+02
2.272871491002009918e+02
1.748032988325138888e+02
6.352024764190807673e+02
6.942999984948623933e+02
9.623264270235393951e+02
1.006210857229119597e+03
1.233435121496079319e+03
1.314736940627580452e+03
1.086821110248796003e+03
6.617438916179864918e+02
6.111500313935642907e+02
7.596114504627818178e+02
3.602268569564905079e+02
2.673222054985312752e+02
4.307798714067188257e+02
4.570944221378232442e+02
3.355957894378987589e+02
4.075094980478074262e+02
6.637983266988765081e+02
5.978205563769189439e+02
5.845189382874958710e+02
4.954490941198945393e+02
8.104094143280453864e+02
5.463109371584674818e+02
6.931775201304848224e+02
5.930874901816592910e+02
5.832364690690526459e+02
4.751769313205402909e+02
3.236980439487689978e+02
3.431532852762863968e+02
2.608942750195709550e+02
3.550971233403259930e+01
3.900456019271743457e+01
6.477637779057204170e+01
4.522937192979626531e+01
2.844401545425709443e+00
-9.317132551383307870e+00
-3.611245383194354019e+01
-5.949747103016827054e+01
-6.668546122728707815e+01
-1.647655360834550606e+02
-1.672260038848338581e+02
-2.078085031474144557e+02
-2.270058898652827963e+02
-3.118536222317837314e+02
-6.485667074963542973e+02
-7.856867942490991936e+02
-7.266482379680732038e+02
-8.348881739724405406e+02
-8.893121430817260489e+02
-9.058060376010319033e+02
-6.417392040907049022e+02
-5.902386284375108971e+02
-4.652869736989397893e+02
-4.671388661968845213e+02
-2.908060515857761743e+02
4.711610202660155977e+01
3.316977190652478953e+02
4.390265808485083880e+02
7.896654379651375848e+02
1.150812221367161555e+03
1.331024797187759305e+03
1.612632698094925672e+03
1.822105177041884872e+03
1.990934724905647727e+03
2.217408064376245420e+03
2.387088153526899987e+03
2.407454777059668686e+03
2.378021582921381651e+03
2.295628573815784875e+03
2.355550004418215394e+03
2.245899320758475369e+03
2.202690753959324411e+03
2.121095539184067093e+03
2.094847580359394215e+03
1.996436571782340707e+03
1.871140285905982410e+03
1.984827229139216570e+03
1.829436255034466967e+03
1.749659241317876877e+03
1.735880793331450832e+03
1.682260349725411743e+03
1.472067879766009582e+03
1.472090074745115317e+03
1.305612568159040848e+03
1.191526522726353733e+03
1.002718015639980763e+03
6.486641299437959560e+02
4.195387346838084000e+02
1.814081859129187251e+02
-1.547158510380589007e+02
-8.053024985781304395e+02
-1.036599789898419431e+03
-1.466981214633211039e+03
-1.894662520687999631e+03
-2.064907754097518591e+03
-2.563937602966849227e+03
-2.602580333277099726e+03
-2.538360183221685020e+03
-2.626327146114371772e+03
-2.551959976540390926e+03
-2.177648051811816003e+03
-1.992958623957077634e+03
-1.559108732279408969e+03
-1.259453881293435416e+03
-9.398386508350400845e+02
-6.458494900889122619e+02
-7.119040720095884467e+01
7.666689878908081823e+01
5.312371443607124775e+02
6.996615606311605688e+02
7.814642178444275942e+02
8.568575362678432157e+02
9.057651549472911938e+02
8.219477433650425837e+02
9.078031328660514419e+02
5.160290557338161079e+02
3.318211738059640084e+02
1.096095424577099919e+02
-1.533753988908791257e+02
-3.891778407389597874e+02
-7.197010483131273304e+02
-1.075478741498813861e+03
-1.393197431568790762e+03
-1.602835800456128709e+03
-1.638406932434494365e+03
-1.737877878754228504e+03
-2.020172407870490588e+03
-1.830219952437884103e+03
-2.029840931284254111e+03
-1.982542775813929893e+03
-2.219728804730729280e+03
-2.218183859677934834e+03
-2.204931100016284290e+03
-1.947373442410871121e+03
-2.114185968591546043e+03
-1.946827269979394032e+03
-1.838787325509898665e+03
-1.759838952228933067e+03
-1.798580317266489828e+03
-1.655795582751971551e+03
-1.600374860500552359e+03
-1.437260362754981998e+03
-1.503804851351179195e+03
-1.028756210285238012e+03
-6.755939713432702547e+02
-7.709307029866237144e+02
-6.358597495944214870e+02
-4.742678884634023575e+02
-5.437577512356851912e+02
-6.225234723198472011e+02
-4.500672735733575678e+02
-4.364923728358963331e+02
-3.726658923210588341e+02
-5.465719698061243434e+02
-5.222467832873830957e+02
-5.045926474951219802e+02
-4.752185011740834284e+02
-4.241591500663461147e+02
-6.158308047944105965e+02
-5.640264692953044232e+02
-4.438199352178713752e+02
-7.480196259611436744e+02
-6.156293718879277321e+02
-5.057678672806756026e+02
-5.587979492867226554e+02
-6.531352644819148736e+02
-5.833303797505333250e+02
-6.557736840862156669e+02
-6.877598861129733905e+02
-5.868345674124502693e+02
-5.450004689043878443e+02
-5.456851919324277560e+02
-4.565316769599490385e+02
-4.456423449822872840e+02
-3.424575120622149598e+02
-3.445218108831718382e+02
-2.714521126473044887e+02
-2.511856929582369276e+02
-2.009911193525040858e+02
-1.811213675806116896e+02
-2.302449149353791995e+02
-8.228021110439890151e+01
-7.307852975871858803e+01
-1.497976502010036484e+02
-5.816400433774155232e+01
-1.832040938570563640e+02
-1.221280040520365588e+02
-2.319495885877948353e+02
-7.431345417891928662e+01
-1.069226265215467748e+02
-2.003655823157756117e+02
-1.971722862881664184e+02
-4.570607955602378070e+01
-1.275059015327361891e+02
-3.168052024830157620e+02
-2.076171396611542264e+02
-2.747040134838964036e+02
-9.219488572070461885e+01
-1.436815540897994481e+02
-1.474479482173003930e+02
-2.857276525313012030e+02
-2.257155963723337493e+02
-2.413858311670233547e+02
-2.906195481994779470e+02
-1.764847822669236734e+02
-2.725543311638869568e+02
-1.717740836414509147e+02
-1.466606141297963006e+02
1.917675414687288304e+00
-2.693645286075386736e+01
-7.695917016880277117e+01
-6.089933261850585922e+01
-5.171356449460373028e+01
-4.779267038065927409e+01
-9.183310912765730905e+01
-1.879434087589255569e+02
-1.198324399963950384e+02
-1.231690579424371350e+02
-1.953294070441783390e+02
-3.479886832149942677e+01
-1.936200103884182866e+01
-4.874963283794234492e+00
-4.211882566654225002e+01
-9.803221952640301140e+01
-1.004286623305760315e+02
1.944205436304411094e+01
-3.734520384753142963e+01
8.225096572198062894e-01
-1.293807678207097389e+01
