5.086910729210339724e-03
-1.459341636378049152e-02
2.296972673709372567e-03
2.971904853674223797e-03
7.183783324044585444e-03
1.201537501206483005e-02
2.706802644197154120e-02
3.638196151152573582e-02
3.900971185542371350e-02
6.489059787200970875e-02
9.435560891659251770e-02
8.143048256818688491e-02
1.319349256224708333e-01
1.681851194144604600e-01
1.796693820593039115e-01
1.916319716448237342e-01
4.873608738264362250e-01
6.707983056527320187e-01
8.506562839523763575e-01
1.089216601861735967e+00
1.296845608554767271e+00
1.477322622094447979e+00
1.694549303251885686e+00
1.756128375295446187e+00
1.932024264891269105e+00
1.823892889851432830e+00
1.756059941926878309e+00
1.660336912732972126e+00
1.321200757650346391e+00
9.051860124931124796e-01
7.195629109914156718e-01
4.028926924168615975e-01
2.140878910993107564e-01
-1.848357567054257633e-01
2.631435834551787423e-02
8.690453745835807764e-02
1.425059270481745521e-01
6.665194269915117875e-01
6.943936360695851517e-01
1.486524518829526631e+00
1.537130590513972717e+00
2.766850359536202397e+00
3.842540207205619840e+00
6.267393337539956200e+00
7.113541345059006815e+00
8.567639451706320131e+00
9.583940373333302176e+00
8.738108171210088315e+00
8.326713325765389584e+00
7.635325749985401700e+00
5.824935536529380897e+00
5.074024196863073932e+00
4.227907151587320556e+00
2.731754730657340424e+00
5.438737738753878642e-02
-2.249116177844145081e+00
-3.041017698993649931e-01
2.929478377030909186e+00
1.724791489609830197e+00
5.205974983879302798e+00
7.125947054614871767e+00
7.607735000221018673e+00
9.523021727665216929e+00
1.053150585376588921e+01
1.290301007210078232e+01
1.223066224196510809e+01
1.165575726496711084e+01
9.918697379727014152e+00
3.185723412237480456e+00
-3.657078876504606946e+00
-1.412042873952493593e+01
-2.193855788438084531e+01
-3.672670023080905111e+01
-5.245734196752552947e+01
-6.695216418504803357e+01
-7.604714630759295346e+01
-1.034283922250136385e+02
-1.153741369631041920e+02
-1.453436961891768533e+02
-1.586607823217556188e+02
-1.855712589207794565e+02
-2.179303226958084849e+02
-2.332315646076904159e+02
-2.556062258527387314e+02
-2.686741134577289358e+02
-2.907922812169219355e+02
-3.075075749260267344e+02
-3.085501426554404247e+02
-3.174175952649558781e+02
-3.125077561096299519e+02
-3.077320451507376333e+02
-3.108771302331334709e+02
-2.956127601788134029e+02
-2.898612456849230057e+02
-2.924115343194046659e+02
-2.757764247745892021e+02
-2.652022739452367546e+02
-2.601717358190751952e+02
-2.583243978661822098e+02
-2.470891176821528461e+02
-2.502984469616038439e+02
-2.578908812397563111e+02
-2.614220133705783837e+02
-2.653081336976046600e+02
-3.023913174014480774e+02
-3.058955289464992688e+02
-3.269212394248051510e+02
-3.520618084126526242e+02
-3.903666096962738834e+02
-4.073600905733466675e+02
-4.482715205831796084e+02
-4.932889011737615874e+02
-4.931445107269940422e+02
-5.658442771557793094e+02
-5.971172123323766527e+02
-6.399915279525750975e+02
-6.704894066534332069e+02
-7.030287855313368937e+02
-7.533008727974359999e+02
-7.755043570256905241e+02
-7.541037294177706372e+02
-7.361121059326681006e+02
-6.799540190250118030e+02
-7.029801466586878860e+02
-6.598201013090945253e+02
-6.201557348924353619e+02
-5.939337373296559690e+02
-5.592287910164744744e+02
-5.051012070884831360e+02
-5.047994759709708319e+02
-4.690427655366326576e+02
-4.505811520996446689e+02
-4.166267089167451445e+02
-4.091580101787814669e+02
-3.926688811186273256e+02
-3.832554455458902680e+02
-4.221497221331409833e+02
-4.609024346810472252e+02
-5.296280939590236585e+02
-5.315808149885027660e+02
-6.539965695471377103e+02
-7.678471337730167079e+02
-8.102699531625016789e+02
-1.012533062261197529e+03
-1.175677912969536237e+03
-1.361597476007665364e+03
-1.537187855038302132e+03
-1.730974574874649761e+03
-1.839615626825861455e+03
-2.118341690033812938e+03
-2.266764840364079191e+03
-2.339944927457994709e+03
-2.472396998431016073e+03
-2.480128489537749829e+03
-2.510514921659166703e+03
-2.564526463585546026e+03
-2.534732180247373890e+03
-2.399206547534422498e+03
-2.244775302706257207e+03
-2.311919631454296905e+03
-2.183595201815824112e+03
-2.061893989028820670e+03
-1.966173505576557773e+03
-1.890047453628896392e+03
-1.620750427557109560e+03
-1.499421730378252505e+03
-1.519961573628611404e+03
-1.405351481174608125e+03
-1.262501319122136692e+03
-1.238358411767902680e+03
-1.161844728160120667e+03
-1.018192011687293643e+03
-1.781877667375292049e+03
-1.415371149771462569e+03
-1.231493474115026629e+03
-1.244091716647792964e+03
-1.257039536437580637e+03
-1.228163848666391459e+03
-1.057330420462835718e+03
-8.185014000818231352e+02
-6.978050641399299820e+02
-4.971687695301037024e+01
4.570688312714885910e+02
9.008705637966975246e+02
1.679973636874038448e+03
2.139749175524454131e+03
2.671489758411954881e+03
3.337833015232367416e+03
3.600307279286118046e+03
4.014574842303730293e+03
3.959605239935639929e+03
3.745102278471899808e+03
3.960328375489605605e+03
3.536108283281092554e+03
3.243095792433887254e+03
2.781015069494942964e+03
2.660752424106951821e+03
2.421958440150963725e+03
2.331762839790064390e+03
2.322555644401419613e+03
2.003578490425714563e+03
1.500909377118329530e+03
3.957468957710036193e+03
4.374640431677476045e+03
4.304015018883560515e+03
4.237398621489208381e+03
3.809458186308587301e+03
3.266920482961807920e+03
2.750424430512132858e+03
2.397673772919682506e+03
1.934880289434993301e+03
1.878840418436624077e+03
1.857454223266664258e+03
1.603513012686152251e+03
1.260845348744947160e+03
9.349843552933143656e+02
7.132447345516434325e+02
-4.077753253886697293e-01
-1.121162477843509864e+00
-1.771139461964032380e+00
-1.450684806336608235e+00
-2.347833328036605050e+00
-3.656224211156835047e+00
-2.958302461293557784e+00
-4.034919781721356458e+00
-4.369638380479171857e+00
-3.902924784268989811e+00
-4.501894247344668365e+00
-4.801202184673917017e+00
-3.712802773348706342e+00
-4.612165996530155354e+00
-3.492411378905189601e+00
4.276415552952003707e-01
7.068350839239659678e+00
2.240081499961503297e+01
3.208429228176365200e+01
4.559371220897166666e+01
6.683945764240742449e+01
8.132553177267504907e+01
1.059871567973881952e+02
1.204787882088904212e+02
1.413736601964792783e+02
1.549865617458351608e+02
1.695031193786498989e+02
1.633864699725678520e+02
1.582020591456202112e+02
1.550048321909048639e+02
1.456870126594992030e+02
1.319848938663720048e+02
1.016040363830419579e+02
7.263185456427426345e+01
3.925831607178853488e+01
1.184961357165644102e+01
-1.604133259502983577e+01
-4.658254507179245252e+01
-5.892739775614395370e+01
-7.879316634742119163e+01
-1.098578641399646614e+02
-1.234420141427611242e+02
-1.317364158060493367e+02
-1.518603972395737003e+02
-1.340486148351706390e+02
-1.348479641421976112e+02
-1.733443606351524977e+02
-1.760752618844829840e+02
-1.894982322881315042e+02
-1.980094222090827998e+02
-2.152744072071016319e+02
-2.497146023011579530e+02
-3.171777120207309508e+02
-3.501195656699512710e+02
-3.573389666805274487e+02
-3.346073552259185817e+02
-3.845765986984443998e+02
-3.772577409247430751e+02
-3.346478867702050479e+02
-3.664832996519233461e+02
-2.915118240846885556e+02
-1.808199102741331785e+02
-8.934275624641266234e+01
6.596719340350709615e+01
2.084835427451926932e+02
3.365031249339950818e+02
5.167931091523028044e+02
6.502056820143353661e+02
7.864095790444569047e+02
9.164952885480116720e+02
1.017654984018056439e+03
1.138898804460947758e+03
1.201820525606161482e+03
1.215978085748893818e+03
1.307301796884633632e+03
1.305932364707784018e+03
1.238262764239233320e+03
1.224834788632047093e+03
1.142037883961897478e+03
9.894449757622878678e+02
8.325606572483518448e+02
6.950562385379301986e+02
4.924282265742773461e+02
2.623817365364402576e+02
4.880131786504776414e+01
-1.177061971310095458e+02
-3.922507219692221270e+02
-4.600635836361438464e+02
-5.189042189628414690e+02
-7.263810310518483675e+02
-6.836010835611496077e+02
-7.400875006660006648e+02
-8.234073957970564379e+02
-7.329486104376237563e+02
-7.055271759838226444e+02
-6.622638867008708985e+02
-5.486677078277630244e+02
-4.511231186580982921e+02
-4.039081763863487140e+02
-3.385173802509751795e+02
-1.339255056920503080e+02
-6.709916555162236307e+01
5.419700056678222921e+01
8.798634144920731615e+01
2.802324634617683046e+02
3.365595208081376200e+02
4.055522143545763356e+02
4.202846939022135757e+02
4.804061469201822092e+02
5.282024151908765361e+02
5.527050748086801377e+02
5.579680147692170067e+02
5.402941214053201975e+02
2.898810675523909026e+02
2.280417945763238947e+02
1.606247090007112206e+02
2.110343891871177675e+02
-5.535339634678252629e+00
-5.999566722898003235e+01
-2.218906025137261224e+02
-1.514211578985692768e+02
-2.694763022174458342e+02
-2.350090067525865152e+02
-3.026419757952117493e+02
-2.659995505948102732e+02
-3.750057331329239219e+02
-2.813254049443381746e+02
-9.244848669435401689e+01
4.894883032648010612e+01
3.644407352250537713e+01
-2.777425995255688562e+00
2.515344238553450396e+02
3.714439042703947962e+02
6.143649079179735963e+02
6.387167531465546517e+02
7.695513881763938571e+02
1.128325306016499781e+03
1.094841580597401389e+03
1.334737304703010295e+03
1.352496672030835271e+03
1.577001761727872690e+03
1.684830908513898066e+03
1.810696598895478701e+03
1.845099190661523835e+03
1.732021182142799944e+03
1.864476892459992314e+03
1.684626226380944445e+03
1.687089957615077765e+03
1.397177465818526798e+03
1.226350786534708504e+03
1.080542641450423844e+03
7.954366760239013274e+02
6.073065830619786993e+02
5.747580087130378388e+02
1.779315898472108017e+02
1.794521778219697410e+02
1.510899469660285774e+02
2.302688227781536909e+02
4.950312627012306166e+01
-4.033842741526491693e+01
-5.550936514121616483e+01
9.179127651140028377e+00
-9.834207506778196262e+01
6.098497971895616132e+01
1.827758221635125153e+02
3.365427855833819137e+01
1.061464220824661879e+02
1.387709600331417050e+02
1.868516156370490080e+02
3.224248753419527134e+02
5.138641606669685871e+02
7.045367251638286916e+02
8.979752365186539009e+02
1.056070611615924918e+03
1.138821615810471485e+03
1.128193173310802877e+03
1.170263728430176343e+03
7.175322164259160900e+02
6.534241928577805538e+02
4.977498475668205629e+02
4.815413663592686362e+02
4.111522361617635966e+02
3.301119110502881426e+02
2.930800984427647222e+02
3.549752481428724877e+02
5.547498530947077597e+02
1.750154549212388417e+02
5.770497703275183312e+02
6.018185674976494965e+02
5.510350678605494750e+02
7.783441703555134836e+02
6.735689444110386148e+02
6.732532587845140597e+02
6.277770761432262816e+02
6.515366656890519153e+02
3.786555989575591070e+02
2.271820221653080978e+02
3.591535301270178024e+02
2.179147364869068610e+02
-8.710696871298393873e+00
-1.537655912833204930e+01
4.390852660798150175e+00
-1.735717090646622296e+01
-3.468268999551000320e+01
-4.644276568325353338e+01
-9.370627338261132877e+01
-9.198940548361935043e+01
-1.438208161825513400e+02
-2.013971875905878335e+02
-2.232710350028253004e+02
-2.543642883677061945e+02
-2.660728819779657783e+02
-3.023590617474754936e+02
-7.083201197120279176e+02
-8.147009882434555266e+02
-9.102885386280667035e+02
-9.326303998161457685e+02
-1.019954748805876989e+03
-1.024486146840885112e+03
-8.853296124601689598e+02
-8.955192943930838965e+02
-7.059311169676385589e+02
-4.975907864459042003e+02
-2.397556907524966903e+02
5.133062975899695068e+00
1.680786950562825268e+02
3.810885343378294010e+02
8.210771440684162599e+02
1.030610568816711520e+03
1.280229225816051439e+03
1.535419797025752132e+03
1.854160847533012884e+03
2.194175164995081104e+03
2.346229993389449646e+03
2.427038681215456563e+03
2.506793633649715503e+03
2.502724439301698567e+03
2.562540391063593688e+03
2.385311079079663159e+03
2.437395162019665349e+03
2.259159968454420778e+03
2.265022432634549205e+03
2.118953195506789143e+03
2.167568679674161103e+03
1.964191204856168952e+03
1.909779225947910845e+03
1.866374433207330185e+03
1.870303551727126660e+03
1.884154233415623366e+03
1.834355331752642087e+03
1.628475043519210203e+03
1.472238234503188323e+03
1.361845855030509256e+03
1.179732440055900952e+03
1.072247849658658652e+03
8.234032229225063020e+02
4.242288480715979517e+02
-5.421463016190426032e+01
-3.431684329395270652e+02
-9.699586046354813789e+02
-1.240305826005238941e+03
-1.580292306266410833e+03
-1.737480017331141880e+03
-2.289222379186189755e+03
-2.569408543427434324e+03
-3.005450201463183021e+03
-2.645483031054625371e+03
-2.782683347420891550e+03
-2.744042259680633379e+03
-2.458666037366670025e+03
-2.060638718005046030e+03
-1.657852759138049805e+03
-1.509069657855722198e+03
-8.350198813735592012e+02
-7.678423788286544323e+02
-3.262957092193320250e+02
4.638606823804234125e+01
4.821951443435931992e+02
6.709485467008579462e+02
7.566259890554774756e+02
1.108764402423911633e+03
8.701036512821293627e+02
8.939210605807687671e+02
7.819205692918540080e+02
5.756416053305201785e+02
8.885918659654751650e+01
-1.838625464426905296e+02
-7.192454825214886682e+01
-7.178235275254478438e+02
-9.403903216045538329e+02
-1.286861765755731767e+03
-1.424577565876915060e+03
-1.520815231582163960e+03
-2.040161125293230953e+03
-2.015931606266697145e+03
-2.244233928477855898e+03
-2.130610498301470216e+03
-2.278425912856772356e+03
-2.250773903990336748e+03
-2.548209005607653580e+03
-2.501423924370293662e+03
-2.698573309396603690e+03
-2.383022562823622138e+03
-2.491584525377890714e+03
-2.524870008455029165e+03
-2.287494635002949508e+03
-2.259589910804918418e+03
-2.088470155382332905e+03
-1.841720947041734689e+03
-1.631469779604969972e+03
-1.543758106733733712e+03
-1.420480290553541408e+03
-1.555184746203114400e+03
-1.012796375842637076e+03
-7.532195871735960964e+02
-6.394593050366686384e+02
-5.394793987964181952e+02
-6.079806761527385106e+02
-6.554316498261378001e+02
-5.965536320830981367e+02
-7.211771454241320498e+02
-6.031610779387459615e+02
-5.058465239902640747e+02
-4.311825667590034641e+02
-4.834811906895031939e+02
-7.053117863107510175e+02
-7.445993788447748329e+02
-7.352490690206774389e+02
-6.214809888765171308e+02
-4.440652745262523808e+02
-7.477288568418750856e+02
-6.696943094825286380e+02
-6.709678316150350383e+02
-6.429873087781985532e+02
-6.869948195357485474e+02
-6.062792425508774841e+02
-7.227341445031779585e+02
-7.410456260497852554e+02
-5.851957387393084673e+02
-6.686286734655312785e+02
-5.570198673923761135e+02
-4.867652541253871163e+02
-4.708857734191410032e+02
-4.568136803098288397e+02
-2.961132923172230562e+02
-1.383581215079069580e+02
-1.951813497579907732e+02
-2.094293883969470755e+02
-2.352426524221502007e+02
-5.125530254240803174e+01
-3.903667147952081251e+01
-7.821543412451863730e+01
-1.582647512367759646e+02
-1.168048503851733670e+02
-1.209140145500703198e+02
-3.183540853498203660e+02
-1.718417978995089754e+02
-1.732099755555907166e+02
-1.804519719095705454e+02
-2.460745861178307905e+02
-9.341149448906189434e+01
-2.391388196644171558e+02
-2.833557919090538348e+02
-3.996922712180521131e+01
-1.707433619507528419e+02
-1.627402888702455357e+02
-2.338961856984812471e+02
-2.418005665468498080e+02
-1.884335511451793650e+02
-3.623758668266261225e+02
-3.968280221179457499e+02
-3.474945311717800109e+02
-3.104093288185447364e+02
-2.110172638877946838e+02
-1.880952902291460589e+02
-2.356716541500403821e+02
-2.321457443490473054e+02
-1.800055678382350095e+02
-1.226831021708028544e+02
-1.513218872043247387e+01
-9.052781098895295031e+01
-1.407743255915012526e+02
-9.001865439472800290e+01
-2.324868592370825127e+01
-1.093172572991522600e+02
-1.149403073837319766e+02
8.617328548973059554e+00
-4.396612024890195158e+01
-1.983129688692732318e+00
-1.102047129580654996e+02
-6.990871346170186484e+01
1.999470269042252824e+01
-1.748086476852693805e+00
-4.741944775153255875e+01
3.393947121351735063e+01
-1.948578974782677520e+01
-4.379967340411815258e+01
-5.625465535457452404e+01
