0.000000000000000000e+00
0.000000000000000000e+00
0.000000000000000000e+00
0.000000000000000000e+00
0.000000000000000000e+00
0.000000000000000000e+00
0.000000000000000000e+00
0.000000000000000000e+00
0.000000000000000000e+00
0.000000000000000000e+00
0.000000000000000000e+00
0.000000000000000000e+00
0.000000000000000000e+00
0.000000000000000000e+00
0.000000000000000000e+00
0.000000000000000000e+00
0.000000000000000000e+00
0.000000000000000000e+00
0.000000000000000000e+00
0.000000000000000000e+00
0.000000000000000000e+00
0.000000000000000000e+00
0.000000000000000000e+00
0.000000000000000000e+00
0.000000000000000000e+00
0.000000000000000000e+00
0.000000000000000000e+00
0.000000000000000000e+00
-3.415081365327495401e-04
-3.642753456349327886e-04
-3.877769808371865309e-04
-4.120130421395107128e-04
-4.369835295419052801e-04
5.157135798868979406e-04
5.451829273090063417e-04
5.754708677150622556e-04
6.065774011050656823e-04
6.385025274790164049e-04
6.753173090453077493e-05
7.090831744975731028e-05
7.436725976437960422e-05
7.790855784839768384e-05
8.153221170181153559e-05
4.122913180861151328e-03
4.306153766677202691e-03
4.493377843489254793e-03
4.684585411297308502e-03
4.879776470101362951e-03
4.142448951495028564e-03
4.308146909554829568e-03
4.477093847184431680e-03
4.649289764383832298e-03
4.824734661153034024e-03
8.475955612304445289e-03
8.784172180024607882e-03
9.097892615025485186e-03
9.417116917307082405e-03
9.741845086869394335e-03
1.025827590461426617e-02
1.060021843476807550e-02
1.094776658017030703e-02
1.130092034082096422e-02
1.165967971672004187e-02
1.561090294337976261e-02
1.609123841856067647e-02
1.657885170397160879e-02
1.707374279961255265e-02
1.757591170548350804e-02
1.716458864794113276e-02
1.765500546645373467e-02
1.815232956410032031e-02
1.865656094088088274e-02
1.916769959679542890e-02
2.459240188838991703e-02
2.524819927208031556e-02
2.591262556871400807e-02
2.658568077829099457e-02
2.726736490081127853e-02
3.075387621541396388e-02
3.152272312079931055e-02
3.230106196328818430e-02
3.308889274288057819e-02
3.388621545957649916e-02
3.760870942451195048e-02
3.849362023450046688e-02
3.938882070507024324e-02
4.029431083622128651e-02
4.121009062795358974e-02
4.746172623484692238e-02
4.851643126228796787e-02
4.958272645486572205e-02
5.066061181258019880e-02
5.175008733543137729e-02
5.303025594541310728e-02
5.414668238636916736e-02
5.527473826941853297e-02
5.641442359456117633e-02
5.756573836179711828e-02
6.071860272318801988e-02
6.193297477765179193e-02
6.315937031780330391e-02
6.439778934364259744e-02
6.564823185516963089e-02
6.691069785238443202e-02
6.818518733528698694e-02
6.947170030387730955e-02
7.077023675815538595e-02
7.344365109309411443e-02
7.479124102140777275e-02
7.615108176725154943e-02
7.752317333062544447e-02
7.890751571152947175e-02
8.030410890996363127e-02
8.171295292592789528e-02
8.313404775942229152e-02
8.456739341044682001e-02
8.644246103842613549e-02
8.790758749670454786e-02
8.938502594202732410e-02
9.087477637439445033e-02
9.237683879380592655e-02
9.389121320026175277e-02
9.541789959376194286e-02
9.695689797430648293e-02
9.850820834189538688e-02
9.563072329594533849e-02
9.713671893840118698e-02
9.865448017181369100e-02
1.001840069961828922e-01
1.017252994115087905e-01
1.032783574177913721e-01
1.048431810150306370e-01
1.064197702032265852e-01
1.080081249823792167e-01
1.095277911150100564e-01
1.111384939255249116e-01
1.127609536908610460e-01
1.143951704110184459e-01
1.160411440859971249e-01
1.176988747157970971e-01
1.193683623004183347e-01
1.210496068398608377e-01
1.227426083341246338e-01
1.132406104520730789e-01
1.148025499065844363e-01
1.163751875765376559e-01
1.179585234619327100e-01
1.195525575627696541e-01
1.211572898790484326e-01
1.227727204107690873e-01
1.243988491579315903e-01
1.260356761205359555e-01
1.320445660342323135e-01
1.337594305281833706e-01
1.354853586640309138e-01
1.372223504417749151e-01
1.389704058614153470e-01
1.407295249229522371e-01
1.424997076263856133e-01
1.442809539717154199e-01
1.460732639589416848e-01
1.359512095864353065e-01
1.376193225874958737e-01
1.392976070092945828e-01
1.409860628518314896e-01
1.426846901151065661e-01
1.443934887991198401e-01
1.461124589038712562e-01
1.478416004293608699e-01
1.495809133755886255e-01
1.418511977643797661e-01
1.435006302965237124e-01
1.451595971207609581e-01
1.468280982370915588e-01
1.485061336455154590e-01
1.501937033460326865e-01
1.518908073386432411e-01
1.535974456233470953e-01
1.553136182001442767e-01
1.575722082415268177e-01
1.593133376143613944e-01
1.610640336321016164e-01
1.628242962947475392e-01
1.645941256022991350e-01
1.663735215547564317e-01
1.681624841521194014e-01
1.699610133943880719e-01
1.717691092815624154e-01
1.705118929110374659e-01
1.723067549416799904e-01
1.741110141557289936e-01
1.759246705531844757e-01
1.777477241340465197e-01
1.795801748983150148e-01
1.814220228459900719e-01
1.832732679770715800e-01
1.851339102915596224e-01
1.775467354218416560e-01
1.793311247225636840e-01
1.811244359697893047e-01
1.829266691635185738e-01
1.847378243037514078e-01
1.865579013904878902e-01
1.883869004237279654e-01
1.902248214034716611e-01
1.920716643297189496e-01
1.881462559961673275e-01
1.899553546115151093e-01
1.917731092010989957e-01
1.935995197649189592e-01
1.954345863029750829e-01
1.972783088152672837e-01
1.991306873017956447e-01
2.009917217625600550e-01
2.028614121975606255e-01
2.090954919947414226e-01
2.110226393863980365e-01
2.129586269037044288e-01
2.149034545466606549e-01
2.168571223152666316e-01
2.188196302095224421e-01
2.207909782294280587e-01
2.227711663749834814e-01
2.247601946461886824e-01
2.222558227981424606e-01
2.242226884866215797e-01
2.261982187816578838e-01
2.281824136832514005e-01
2.301752731914020467e-01
2.321767973061099055e-01
2.341869860273749215e-01
2.362058393551971225e-01
2.382333572895764806e-01
2.500393721854846096e-01
2.521673668423823345e-01
2.543043784257923434e-01
2.564504069357146365e-01
2.586054523721492693e-01
2.607695147350960752e-01
2.629425940245552207e-01
2.651246902405265948e-01
2.673158033830103086e-01
2.933883160260697953e-01
2.957931382885785054e-01
2.982077761521587655e-01
3.006322296168104646e-01
3.030664986825336027e-01
3.055105833493282352e-01
3.079644836171943623e-01
3.104281994861318728e-01
3.129017309561409332e-01
3.059198004242053570e-01
3.083381387674797303e-01
3.107659981278536043e-01
3.132033785053269792e-01
3.156502798998997994e-01
3.181067023115721759e-01
3.205726457403440532e-01
3.230481101862154314e-01
3.255330956491863659e-01
3.316730923973076894e-01
3.342049480644627146e-01
3.367464305592495211e-01
3.392975398816681087e-01
3.418582760317183666e-01
3.444286390094004613e-01
3.470086288147143372e-01
3.495982454476599943e-01
3.521974889082373772e-01
3.496519279755616605e-01
3.522323850085916086e-01
3.548223290160076870e-01
3.574217599978099513e-01
3.600306779539984015e-01
3.626490828845729264e-01
3.652769747895335817e-01
3.679143536688803673e-01
3.705612195226133387e-01
3.951363428979632331e-01
3.979587453472343550e-01
4.007911919333356776e-01
4.036336826562671454e-01
4.064862175160287583e-01
4.093487965126204609e-01
4.122214196460423641e-01
4.151040869162944680e-01
4.179967983233766615e-01
4.287685291683708821e-01
4.317357854255913785e-01
4.347132736009403087e-01
4.377009936944175617e-01
4.406989457060231374e-01
4.437071296357570915e-01
4.467255454836194239e-01
4.497541932496100237e-01
4.527930729337290017e-01
4.313098265053362246e-01
4.342045233275197424e-01
4.371089014099780456e-01
4.400229607527112452e-01
4.429467013557192856e-01
4.458801232190021668e-01
4.488232263425599999e-01
4.517760107263926184e-01
4.547384763705000776e-01
4.917872353777147931e-01
4.949910610153546164e-01
4.982052886842854855e-01
5.014299183845074559e-01
5.046649501160204165e-01
5.079103838788243674e-01
5.111662196729194196e-01
5.144324574983054621e-01
5.177090973549824948e-01
5.573520387023123135e-01
5.608795832510611312e-01
5.644182557005946732e-01
5.679680560509129394e-01
5.715289843020158189e-01
5.751010404539033116e-01
5.786842245065756396e-01
5.822785364600326918e-01
5.858839763142743573e-01
7.246818388236393460e-01
7.291414193702463464e-01
7.336146796117817281e-01
7.381016195482451581e-01
7.426022391796368582e-01
7.471165385059569397e-01
7.516445175272050694e-01
7.561861762433815803e-01
7.607415146544863616e-01
9.132706038818346750e-01
9.187392901326241201e-01
9.242243008199830800e-01
9.297256359439114437e-01
9.352432955044094331e-01
9.407772795014769374e-01
9.463275879351140674e-01
9.518942208053206011e-01
9.574771781120966496e-01
1.147532384801750460e+00
1.154223535733539086e+00
1.160934137685478262e+00
1.167664190657567991e+00
1.174413694649808271e+00
1.181182649662199102e+00
1.187971055694740485e+00
1.194778912747432420e+00
1.201606220820274906e+00
1.515210212236329124e+00
1.523819361169490127e+00
1.532452898626540883e+00
1.541110824607481833e+00
1.549793139112312756e+00
1.558499842141033875e+00
1.567230933693644523e+00
1.575986413770145367e+00
1.584766282370535961e+00
1.782278339999091576e+00
1.792152458226233369e+00
1.802053853023063645e+00
1.811982524389581739e+00
1.821938472325788094e+00
1.831921696831682933e+00
1.841932197907266033e+00
1.851969975552537173e+00
1.862035029767496574e+00
2.219293308432010559e+00
2.231289488477588900e+00
2.243318003240271086e+00
2.255378852720058003e+00
2.267472036916948319e+00
2.279597555830942479e+00
2.291755409462040927e+00
2.303945597810243218e+00
2.316168120875549352e+00
2.651651235822778840e+00
2.665644118333716950e+00
2.679673824219683809e+00
2.693740353480679861e+00
2.707843706116704219e+00
2.721983882127757770e+00
2.736160881513839627e+00
2.750374704274950233e+00
2.764625350411090032e+00
2.993035027650360114e+00
3.008463043256805580e+00
3.023930719571750636e+00
3.039438056595195281e+00
3.054985054327139959e+00
3.070571712767584671e+00
3.086198031916529416e+00
3.101864011773973751e+00
3.117569652339917674e+00
3.686146312881817266e+00
3.704716319495831467e+00
3.723332984417921043e+00
3.741996307648085995e+00
3.760706289186326767e+00
3.779462929032642471e+00
3.798266227187033550e+00
3.817116183649500449e+00
3.836012798420042724e+00
4.124058728311336353e+00
4.144374288549323992e+00
4.164739764168730929e+00
4.185155155169558050e+00
4.205620461551805356e+00
4.226135683315472846e+00
4.246700820460559633e+00
4.267315872987067493e+00
4.287980840894995538e+00
4.636079154635107891e+00
4.658421704777928163e+00
4.680817962973975455e+00
4.703267929223250654e+00
4.725771603525754649e+00
4.748328985881485664e+00
4.770940076290445475e+00
4.793604874752633194e+00
4.816323381268047932e+00
5.174391771133805662e+00
5.198799279488210523e+00
5.223264217274037335e+00
5.247786584491286099e+00
5.272366381139957703e+00
5.297003607220050370e+00
5.321698262731565876e+00
5.346450347674503334e+00
5.371259862048863631e+00
5.382185690711984272e+00
5.407045670807651305e+00
5.431962931963447261e+00
5.456937474179371250e+00
5.481969297455423273e+00
5.507058401791603330e+00
5.532204787187912309e+00
5.557408453644349322e+00
5.582669401160914369e+00
5.889793738595439976e+00
5.916444388996324300e+00
5.943155198878926626e+00
5.969926168243246067e+00
5.996757297089282623e+00
6.023648585417037182e+00
6.050600033226509744e+00
6.077611640517699421e+00
6.104683407290607100e+00
5.802081051413091828e+00
5.827810900865034505e+00
5.853597674762667680e+00
5.879441373105990465e+00
5.905341995895003748e+00
5.931299543129707530e+00
5.957314014810100034e+00
5.983385410936183924e+00
6.009513731507957424e+00
5.907550939504909948e+00
5.933235943589712846e+00
5.958976663518519068e+00
5.984773099291326837e+00
6.010625250908135264e+00
6.036533118368947015e+00
6.062496701673759425e+00
6.088516000822574270e+00
6.114591015815389774e+00
6.070448522598409724e+00
6.096335296681985483e+00
6.122277149008291453e+00
6.148274079577329410e+00
6.174326088389097578e+00
6.200433175443596845e+00
6.226595340740827211e+00
6.252812584280788677e+00
6.279084906063481242e+00
6.226581898146341665e+00
6.252634542071640489e+00
6.278741575650227169e+00
6.304902998882103482e+00
6.331118811767268539e+00
6.357389014305722341e+00
6.383713606497463111e+00
6.410092588342495290e+00
6.436525959840814437e+00
6.040965029037808520e+00
6.065773920327492519e+00
6.090633649509162417e+00
6.115544216582819104e+00
6.140505621548463466e+00
6.165517864406094617e+00
6.190580945155713444e+00
6.215694863797318170e+00
6.240859620330910573e+00
6.284155807107472569e+00
6.309495145039357489e+00
6.334885467554606464e+00
6.360326774653219495e+00
6.385819066335195693e+00
6.411362342600536834e+00
6.436956603449241143e+00
6.462601848881310396e+00
6.488298078896742815e+00
6.426471353449129786e+00
6.451922725145958104e+00
6.477424395996337125e+00
6.502976366000267738e+00
6.528578635157749055e+00
6.554231203468781075e+00
6.579934070933364687e+00
6.605687237551499003e+00
6.631490703323184910e+00
6.325682436537181985e+00
6.350295986873902621e+00
6.374957330512247999e+00
6.399666467452217233e+00
6.424423397693812099e+00
6.449228121237031708e+00
6.474080638081876060e+00
6.498980948228344268e+00
6.523929051676438107e+00
6.499652916885843901e+00
6.524508186166477763e+00
6.549410889167113226e+00
6.574361025887750287e+00
6.599358596328388060e+00
6.624403600489027433e+00
6.649496038369667517e+00
6.674635909970309200e+00
6.699823215290951595e+00
6.524272252625784141e+00
6.548799591921369512e+00
6.573372948739086397e+00
6.597992323078933019e+00
6.622657714940910267e+00
6.647369124325018142e+00
6.672126551231256641e+00
6.696929995659624879e+00
6.721779457610125519e+00
6.760975248115245861e+00
6.785969611324544459e+00
6.811010089595114891e+00
6.836096682926956269e+00
6.861229391320070370e+00
6.886408214774456304e+00
6.911633153290114073e+00
6.936904206867042788e+00
6.962221375505243337e+00
6.633901791982997231e+00
6.658025071226572500e+00
6.682192131376214483e+00
6.706402972431925846e+00
6.730657594393704812e+00
6.754955997261552270e+00
6.779298181035468218e+00
6.803684145715451770e+00
6.828113891301502925e+00
6.589355017735973874e+00
6.612930527638427591e+00
6.636548136665707531e+00
6.660207844817813694e+00
6.683909652094745191e+00
6.707653558496502910e+00
6.731439564023085964e+00
6.755267668674495241e+00
6.779137872450730740e+00
6.620915999075548619e+00
6.644229083579335615e+00
6.667583140112127715e+00
6.690978168673924920e+00
6.714414169264726340e+00
6.737891141884532864e+00
6.761409086533345381e+00
6.784968003211161225e+00
6.808567891917983061e+00
6.404341337541919366e+00
6.426540094344490583e+00
6.448777257300700505e+00
6.471052826410547354e+00
6.493366801674032018e+00
6.515719183091154498e+00
6.538109970661914794e+00
6.560539164386312017e+00
6.583006764264347943e+00
5.759138648645085290e+00
5.778794411951041710e+00
5.798483660373361381e+00
5.818206393912046970e+00
5.837962612567096699e+00
5.857752316338510568e+00
5.877575505226288577e+00
5.897432179230431615e+00
5.917322338350938793e+00
5.061860219230279512e+00
5.078874875429373326e+00
5.095918079709337967e+00
5.112989832070172547e+00
5.130090132511878842e+00
5.147218981034455965e+00
5.164376377637903914e+00
5.181562322322223579e+00
5.198776815087414072e+00
3.552477326943297875e+00
3.564240496900064059e+00
3.576023110112956704e+00
3.587825166581976255e+00
3.599646666307123155e+00
3.611487609288396072e+00
3.623347995525796783e+00
3.635227825019323955e+00
3.647127097768977588e+00
1.871276015332055342e+00
1.877381320439174495e+00
1.883496569039953661e+00
1.889621761134392619e+00
1.895756896722491369e+00
1.901901975804249689e+00
1.908056998379668245e+00
1.914221964448746149e+00
1.920396874011484067e+00
-4.413608323919195331e-01
-4.427799990555590925e-01
-4.442014436753201623e-01
-4.456251662512025757e-01
-4.470511667832064440e-01
-4.484794452713317114e-01
-4.499100017155783782e-01
-4.513428361159464441e-01
-4.527779484724359649e-01
-2.997226498821317531e+00
-3.006726424332637038e+00
-3.016241381371664421e+00
-3.025771369938399236e+00
-3.035316390032842371e+00
-3.044876441654992938e+00
-3.054451524804851381e+00
-3.064041639482417700e+00
-3.073646785687691896e+00
-6.772982672366377521e+00
-6.794148243217522420e+00
-6.815346833679979177e+00
-6.836578443753748680e+00
-6.857843073438830039e+00
-6.879140722735224145e+00
-6.900471391642930108e+00
-6.921835080161948817e+00
-6.943231788292279383e+00
-1.110399474433823563e+01
-1.113821352629305395e+01
-1.117248495252780138e+01
-1.120680902304247972e+01
-1.124118573783708896e+01
-1.127561509691162733e+01
-1.131009710026609660e+01
-1.134463174790049678e+01
-1.137921903981482785e+01
-1.538743837134393821e+01
-1.543420870074012008e+01
-1.548105000180458291e+01
-1.552796227453732314e+01
-1.557494551893834434e+01
-1.562199973500764472e+01
-1.566912492274522428e+01
-1.571632108215108303e+01
-1.576358821322522097e+01
-2.065386280578045586e+01
-2.071579342888624353e+01
-2.077781676250566179e+01
-2.083993280663871417e+01
-2.090214156128539713e+01
-2.096444302644571067e+01
-2.102683720211965834e+01
-2.108932408830723304e+01
-2.115190368500844187e+01
-2.580748824812816267e+01
-2.588384176365516964e+01
-2.596030806133213886e+01
-2.603688714115908098e+01
-2.611357900313598179e+01
-2.619038364726285550e+01
-2.626730107353969146e+01
-2.634433128196649321e+01
-2.642147427254326075e+01
-2.941171403978429666e+01
-2.949758765741870548e+01
-2.958358645525374442e+01
-2.966971043328941704e+01
-2.975595959152572689e+01
-2.984233392996266332e+01
-2.992883344860023698e+01
-3.001545814743844431e+01
-3.010220802647728533e+01
-3.395727158183578354e+01
-3.405513115411773128e+01
-3.415313153153965686e+01
-3.425127271410154606e+01
-3.434955470180342019e+01
-3.444797749464526504e+01
-3.454654109262708062e+01
-3.464524549574887402e+01
-3.474409070401063815e+01
-3.649241937498550925e+01
-3.659623849127280693e+01
-3.670020507789573827e+01
-3.680431913485431039e+01
-3.690858066214851618e+01
-3.701298965977835564e+01
-3.711754612774382878e+01
-3.722225006604494268e+01
-3.732710147468169026e+01
-3.844663234814528607e+01
-3.855462850642659589e+01
-3.866277613197056695e+01
-3.877107522477720636e+01
-3.887952578484651411e+01
-3.898812781217849022e+01
-3.909688130677312756e+01
-3.920578626863043326e+01
-3.931484269775040730e+01
-3.948768193234302259e+01
-3.959721780455478779e+01
-3.970690538850092821e+01
-3.981674468418142965e+01
-3.992673569159629920e+01
-4.003687841074552267e+01
-4.014717284162912136e+01
-4.025761898424708107e+01
-4.036821683859940890e+01
-3.972675710257174586e+01
-3.983559753298975181e+01
-3.994458685592542935e+01
-4.005372507137877847e+01
-4.016301217934979206e+01
-4.027244817983849146e+01
-4.038203307284485533e+01
-4.049176685836888367e+01
-4.060164953641059071e+01
-3.987020251552164751e+01
-3.997810563464349087e+01
-4.008615456879118000e+01
-4.019434931796470778e+01
-4.030268988216407422e+01
-4.041117626138927932e+01
-4.051980845564032307e+01
-4.062858646491721260e+01
-4.073751028921993367e+01
-3.894384621046928174e+01
-3.904797414151331481e+01
-3.915224109516221773e+01
-3.925664707141598342e+01
-3.936119207027461186e+01
-3.946587609173811018e+01
-3.957069913580647125e+01
-3.967566120247969508e+01
-3.978076229175778877e+01
-3.746943969583413292e+01
-3.756843425249419965e+01
-3.766755940883323461e+01
-3.776681516485123780e+01
-3.786620152054820920e+01
-3.796571847592416304e+01
-3.806536603097908511e+01
-3.816514418571296829e+01
-3.826505294012583391e+01
-3.703327439273684263e+01
-3.712996701517218412e+01
-3.722678570360809402e+01
-3.732373045804457945e+01
-3.742080127848162618e+01
-3.751799816491923423e+01
-3.761532111735741779e+01
-3.771277013579616977e+01
-3.781034522023549016e+01
-3.588392207354765162e+01
-3.597652574341487508e+01
-3.606924874790820468e+01
-3.616209108702766173e+01
-3.625505276077323202e+01
-3.634813376914492267e+01
-3.644133411214273366e+01
-3.653465378976665789e+01
-3.662809280201670248e+01
-3.438387531940167463e+01
-3.447158928705321301e+01
-3.455941499224315550e+01
-3.464735243497150918e+01
-3.473540161523827408e+01
-3.482356253304345017e+01
-3.491183518838703037e+01
-3.500021958126902177e+01
-3.508871571168942438e+01
-3.388503251132851801e+01
-3.397049287075179080e+01
-3.405606086286955758e+01
-3.414173648768180414e+01
-3.422751974518854468e+01
-3.431341063538977210e+01
-3.439940915828548640e+01
-3.448551531387568758e+01
-3.457172910216037565e+01
-3.248563377286398435e+01
-3.256664532840729009e+01
-3.264775777007206159e+01
-3.272897109785831304e+01
-3.281028531176603735e+01
-3.289170041179522741e+01
-3.297321639794589743e+01
-3.305483327021804030e+01
-3.313655102861166313e+01
-3.152527487670925410e+01
-3.160301908109078184e+01
-3.168085902956637412e+01
-3.175879472213603449e+01
-3.183682615879975941e+01
-3.191495333955754887e+01
-3.199317626440940288e+01
-3.207149493335533208e+01
-3.214990934639531162e+01
-3.019360466835431467e+01
-3.026724760656981417e+01
-3.034098024385743742e+01
-3.041480258021718797e+01
-3.048871461564906582e+01
-3.056271635015306742e+01
-3.063680778372919633e+01
-3.071098891637745254e+01
-3.078525974809783250e+01
-3.076887924825170018e+01
-3.084311056127522832e+01
-3.091743130961564745e+01
-3.099184149327296467e+01
-3.106634111224717998e+01
-3.114093016653828627e+01
-3.121560865614629421e+01
-3.129037658107119668e+01
-3.136523394131299014e+01
-2.894365961035088120e+01
-2.901273755691496348e+01
-2.908189783714599130e+01
-2.915114045104395402e+01
-2.922046539860886227e+01
-2.928987267984071607e+01
-2.935936229473950476e+01
-2.942893424330523899e+01
-2.949858852553791522e+01
-2.865095077823133707e+01
-2.871860355456718494e+01
-2.878633611012040916e+01
-2.885414844489101327e+01
-2.892204055887899017e+01
-2.899001245208434696e+01
-2.905806412450708009e+01
-2.912619557614719312e+01
-2.919440680700467894e+01
-2.880174335725495638e+01
-2.886903715014573990e+01
-2.893640946554864257e+01
-2.900386030346367505e+01
-2.907138966389083379e+01
-2.913899754683011523e+01
-2.920668395228152292e+01
-2.927444888024504976e+01
-2.934229233072070286e+01
-2.747982657025153230e+01
-2.754336374151222699e+01
-2.760697428133096309e+01
-2.767065818970773705e+01
-2.773441546664254886e+01
-2.779824611213539498e+01
-2.786215012618628251e+01
-2.792612750879520789e+01
-2.799017825996216757e+01
-2.753871916496514061e+01
-2.760173682895819525e+01
-2.766482651313867080e+01
-2.772798821750656728e+01
-2.779122194206188468e+01
-2.785452768680462299e+01
-2.791790545173478222e+01
-2.798135523685235881e+01
-2.804487704215735988e+01
-2.626536428706657489e+01
-2.632485548590477720e+01
-2.638441398247922010e+01
-2.644403977678991069e+01
-2.650373286883683832e+01
-2.656349325862001365e+01
-2.662332094613942601e+01
-2.668321593139508252e+01
-2.674317821438698317e+01
-2.615551464947328597e+01
-2.621415930115371751e+01
-2.627286962433659312e+01
-2.633164561902190925e+01
-2.639048728520966947e+01
-2.644939462289987020e+01
-2.650836763209251146e+01
-2.656740631278759679e+01
-2.662651066498511909e+01
-2.742454685006122617e+01
-2.748542264773061916e+01
-2.754636593519787269e+01
-2.760737671246298319e+01
-2.766845497952595423e+01
-2.772960073638678580e+01
-2.779081398304547434e+01
-2.785209471950202342e+01
-2.791344294575643303e+01
-2.703307618806587342e+01
-2.709248954232536022e+01
-2.715196811431729174e+01
-2.721151190404167508e+01
-2.727112091149849959e+01
-2.733079513668777594e+01
-2.739053457960949345e+01
-2.745033924026366634e+01
-2.751020911865028040e+01
-2.887076999329236315e+01
-2.893360083114501435e+01
-2.899649996338663271e+01
-2.905946739001722179e+01
-2.912250311103678158e+01
-2.918560712644531563e+01
-2.924877943624281329e+01
-2.931202004042928522e+01
-2.937532893900472430e+01
-2.947096669304847438e+01
-2.953448170747315160e+01
-2.959806509112755890e+01
-2.966171684401170339e+01
-2.972543696612558861e+01
-2.978922545746920036e+01
-2.985308231804255641e+01
-2.991700754784564609e+01
-2.998100114687846940e+01
-2.891471257761495295e+01
-2.897643021385319173e+01
-2.903821364714498898e+01
-2.910006287749034470e+01
-2.916197790488926245e+01
-2.922395872934173866e+01
-2.928600535084776979e+01
-2.934811776940736294e+01
-2.941029598502051456e+01
-3.382838194972143242e+01
-3.389990072762782347e+01
-3.397149502694698953e+01
-3.404316484767894480e+01
-3.411491018982368217e+01
-3.418673105338120877e+01
-3.425862743835151747e+01
-3.433059934473460828e+01
-3.440264677253048120e+01
-3.673535078129080489e+01
-3.681228345308408478e+01
-3.688929659838342445e+01
-3.696639021718882390e+01
-3.704356430950028312e+01
-3.712081887531780211e+01
-3.719815391464138088e+01
-3.727556942747101942e+01
-3.735306541380671774e+01
-4.058693571367506081e+01
-4.067114097449181287e+01
-4.075543349464620491e+01
-4.083981327413822271e+01
-4.092428031296788049e+01
-4.100883461113517114e+01
-4.109347616864009467e+01
-4.117820498548265107e+01
-4.126302106166284034e+01
-4.369239466399060490e+01
-4.378220431386519351e+01
-4.387210617077251840e+01
-4.396210023471256534e+01
-4.405218650568534144e+01
-4.414236498369083250e+01
-4.423263566872905272e+01
-4.432299856080000211e+01
-4.441345365990367355e+01
-4.904998842839079032e+01
-4.914988657182946952e+01
-4.924988634104987284e+01
-4.934998773605200739e+01
-4.945019075683587317e+01
-4.955049540340146308e+01
-4.965090167574878421e+01
-4.975140957387782947e+01
-4.985201909778860596e+01
-5.915206270106471464e+01
-5.927144123325657432e+01
-5.939094010671071544e+01
-5.951055932142715221e+01
-5.963029887740588464e+01
-5.975015877464689851e+01
-5.987013901315020092e+01
-5.999023959291580610e+01
-6.011046051394368561e+01
-6.448438662431308899e+01
-6.461335539756171897e+01
-6.474245301074365955e+01
-6.487167946385891071e+01
-6.500103475690748667e+01
-6.513051888988937321e+01
-6.526013186280458456e+01
-6.538987367565309228e+01
-6.551974432843492480e+01
-6.936333038785332405e+01
-6.950081964531189271e+01
-6.963844503074815862e+01
-6.977620654416210755e+01
-6.991410418555373951e+01
-7.005213795492304030e+01
-7.019030785227002411e+01
-7.032861387759469096e+01
-7.046705603089704084e+01
-7.312575913976623099e+01
-7.326942467835124262e+01
-7.341323120372582878e+01
-7.355717871588998946e+01
-7.370126721484375310e+01
-7.384549670058707704e+01
-7.398986717312000394e+01
-7.413437863244250536e+01
-7.427903107855458131e+01
-7.959759336095730475e+01
-7.975260327986862308e+01
-7.990776398663878410e+01
-8.006307548126781626e+01
-8.021853776375571954e+01
-8.037415083410247973e+01
-8.052991469230811106e+01
-8.068582933837258508e+01
-8.084189477229594445e+01
-7.501374556689096096e+01
-7.515855974752201973e+01
-7.530351357538610557e+01
-7.544860705048317584e+01
-7.559384017281327317e+01
-7.573921294237636914e+01
-7.588472535917249218e+01
-7.603037742320161385e+01
-7.617616913446373417e+01
-7.601091555047750603e+01
-7.615639098693776532e+01
-7.630200550125312020e+01
-7.644775909342361331e+01
-7.659365176344924464e+01
-7.673968351132998578e+01
-7.688585433706585093e+01
-7.703216424065684009e+01
-7.717861322210295327e+01
-7.685431539883867913e+01
-7.700014901439625703e+01
-7.714612086086904696e+01
-7.729223093825704893e+01
-7.743847924656027715e+01
-7.758486578577873161e+01
-7.773139055591239810e+01
-7.787805355696129084e+01
-7.802485478892540982e+01
-7.246177798870202480e+01
-7.259811247221792030e+01
-7.273457508964690987e+01
-7.287116584098896510e+01
-7.300788472624410019e+01
-7.314473174541231515e+01
-7.328170689849360997e+01
-7.341881018548798465e+01
-7.355604160639545341e+01
-6.678856737481937955e+01
-6.691317291096643771e+01
-6.703789457529255458e+01
-6.716273236779775857e+01
-6.728768628848203548e+01
-6.741275633734538530e+01
-6.753794251438780805e+01
-6.766324481960930370e+01
-6.778866325300988649e+01
-6.362146195766291612e+01
-6.373917049042454863e+01
-6.385698781110925637e+01
-6.397491391971702512e+01
-6.409294881624786910e+01
-6.421109250070178120e+01
-6.432934497307876143e+01
-6.444770623337882398e+01
-6.456617628160194045e+01
-5.693744843518918941e+01
-5.704192081763908106e+01
-5.714648895845969179e+01
-5.725115285765100026e+01
-5.735591251521303491e+01
-5.746076793114578862e+01
-5.756571910544924719e+01
-5.767076603812342483e+01
-5.777590872916832154e+01
-5.720017528182795985e+01
-5.730427023229534456e+01
-5.740845981453587399e+01
-5.751274402854956946e+01
-5.761712287433640967e+01
-5.772159635189640170e+01
-5.782616446122955267e+01
-5.793082720233584126e+01
-5.803558457521529590e+01
-5.032325862266645089e+01
-5.041409482956657229e+01
-5.050501294467850499e+01
-5.059601296800224901e+01
-5.068709489953780434e+01
-5.077825873928517808e+01
-5.086950448724436313e+01
-5.096083214341535239e+01
-5.105224170779816006e+01
-4.313153446056588081e+01
-4.320876191707539959e+01
-4.328605845002186925e+01
-4.336342405940528266e+01
-4.344085874522565405e+01
-4.351836250748296919e+01
-4.359593534617723520e+01
-4.367357726130844497e+01
-4.375128825287661272e+01
-3.732446639306848368e+01
-3.739076207049843958e+01
-3.745711657284183360e+01
-3.752352990009864442e+01
-3.759000205226887914e+01
-3.765653302935254487e+01
-3.772312283134962740e+01
-3.778977145826014095e+01
-3.785647891008407839e+01
-3.227466112924617647e+01
-3.233153277881313414e+01
-3.238845449145188837e+01
-3.244542626716244627e+01
-3.250244810594480782e+01
-3.255952000779896593e+01
-3.261664197272492771e+01
-3.267381400072269315e+01
-3.273103609179226225e+01
-2.793402085663757006e+01
-2.798285655743588762e+01
-2.803173490950127800e+01
-2.808065591283374118e+01
-2.812961956743327363e+01
-2.817862587329988600e+01
-2.822767483043356762e+01
-2.827676643883432206e+01
-2.832590069850214576e+01
-2.257010668402908138e+01
-2.260925691244890956e+01
-2.264844106654327405e+01
-2.268765914631217839e+01
-2.272691115175562615e+01
-2.276619708287361021e+01
-2.280551693966613769e+01
-2.284487072213320857e+01
-2.288425843027481932e+01
-1.636137633264085878e+01
-1.638953704922027654e+01
-1.641772197965745406e+01
-1.644593112395239842e+01
-1.647416448210510964e+01
-1.650242205411558061e+01
-1.653070383998381487e+01
-1.655900983970981599e+01
-1.658734005329357686e+01
-1.480112362641435553e+01
-1.482640308606664448e+01
-1.485170411522375566e+01
-1.487702671388568731e+01
-1.490237088205244298e+01
-1.492773661972402266e+01
-1.495312392690042280e+01
-1.497853280358164696e+01
-1.500396324976769336e+01
-1.769337844103140611e+01
-1.772336721805010384e+01
-1.775338138776737651e+01
-1.778342095018322411e+01
-1.781348590529765374e+01
-1.784357625311065476e+01
-1.787369199362223426e+01
-1.790383312683238870e+01
-1.793399965274112162e+01
-1.213686916732770094e+01
-1.215728442244515861e+01
-1.217771683323918275e+01
-1.219816639970977867e+01
-1.221863312185694284e+01
-1.223911699968067524e+01
-1.225961803318097765e+01
-1.228013622235785185e+01
-1.230067156721129251e+01
-2.090037554349409277e+01
-2.093526765625451702e+01
-2.097018887002641918e+01
-2.100513918480979569e+01
-2.104011860060465011e+01
-2.107512711741098244e+01
-2.111016473522878911e+01
-2.114523145405807369e+01
-2.118032727389883263e+01
-2.533237774733910541e+01
-2.537435351825433116e+01
-2.541636403732428917e+01
-2.545840930454897943e+01
-2.550048931992839840e+01
-2.554260408346254607e+01
-2.558475359515143310e+01
-2.562693785499504529e+01
-2.566915686299338972e+01
-3.213247546741258986e+01
-3.218532493364188696e+01
-3.223821782589109119e+01
-3.229115414416020968e+01
-3.234413388844923531e+01
-3.239715705875816809e+01
-3.245022365508700801e+01
-3.250333367743575508e+01
-3.255648712580441639e+01
-5.057472221672176715e+01
-5.065729319176947598e+01
-5.073993151671526647e+01
-5.082263719155913861e+01
-5.090541021630109242e+01
-5.098825059094112078e+01
-5.107115831547923790e+01
-5.115413338991543668e+01
-5.123717581424971712e+01
-6.040913552631293726e+01
-6.050704336347065038e+01
-6.060503047822931677e+01
-6.070309687058890802e+01
-6.080124254054943833e+01
-6.089946748811090771e+01
-6.099777171327331615e+01
-6.109615521603666366e+01
-6.119461799640094313e+01
-8.344395442385506101e+01
-8.357821661922730527e+01
-8.371258674240934283e+01
-8.384706479340117369e+01
-8.398165077220276942e+01
-8.411634467881415844e+01
-8.425114651323534076e+01
-8.438605627546630217e+01
-8.452107396550705687e+01
-1.082202595262898228e+02
-1.083931353402295912e+02
-1.085661491236936484e+02
-1.087393008766819804e+02
-1.089125905991946297e+02
-1.090860182912315679e+02
-1.092595839527927950e+02
-1.094332875838783110e+02
-1.096071291844881301e+02
-1.352105022630825601e+02
-1.354249519098122505e+02
-1.356395714849466572e+02
-1.358543609884857801e+02
-1.360693204204295910e+02
-1.362844497807780897e+02
-1.364997490695313047e+02
-1.367152182866892076e+02
-1.369308574322517984e+02
-1.702074280708881417e+02
-1.704754712647005590e+02
-1.707437253500895338e+02
-1.710121903270550945e+02
-1.712808661955972127e+02
-1.715497529557158884e+02
-1.718188506074111217e+02
-1.720881591506829125e+02
-1.723576785855312892e+02
-2.163997265882074430e+02
-2.167381155273602360e+02
-2.170767688328717213e+02
-2.174156865047419558e+02
-2.177548685429708826e+02
-2.180943149475585301e+02
-2.184340257185048699e+02
-2.187740008558099305e+02
-2.191142403594737118e+02
-2.419120209765225127e+02
-2.422876607606475545e+02
-2.426635919643103136e+02
-2.430398145875107616e+02
-2.434163286302489837e+02
-2.437931340925249231e+02
-2.441702309743385797e+02
-2.445476192756899252e+02
-2.449252989965790164e+02
-2.774011220348039615e+02
-2.778288801258368039e+02
-2.782569677685576721e+02
-2.786853849629665660e+02
-2.791141317090634288e+02
-2.795432080068482605e+02
-2.799726138563211748e+02
-2.804023492574820580e+02
-2.808324142103309669e+02
-3.126417999859443739e+02
-3.131205776275767221e+02
-3.135997215872210973e+02
-3.140792318648773858e+02
-3.145591084605456444e+02
-3.150393513742258733e+02
-3.155199606059180724e+02
-3.160009361556222416e+02
-3.164822780233383241e+02
-3.397796288551159023e+02
-3.402964039560362153e+02
-3.408135717432034539e+02
-3.413311322166175614e+02
-3.418490853762785946e+02
-3.423674312221864966e+02
-3.428861697543413811e+02
-3.434053009727430776e+02
-3.439248248773916998e+02
-3.651289224516345939e+02
-3.656804767151567148e+02
-3.662324472460475135e+02
-3.667848340443069901e+02
-3.673376371099352014e+02
-3.678908564429320904e+02
-3.684444920432976573e+02
-3.689985439110319589e+02
-3.695530120461348815e+02
-3.828172085895847090e+02
-3.833915779948204090e+02
-3.839663779618291528e+02
-3.845416084906108836e+02
-3.851172695811657150e+02
-3.856933612334935333e+02
-3.862698834475944523e+02
-3.868468362234683582e+02
-3.874242195611153079e+02
-3.841168411462808763e+02
-3.846892954549937258e+02
-3.852621760141224740e+02
-3.858354828236673484e+02
-3.864092158836281783e+02
-3.869833751940050774e+02
-3.875579607547979322e+02
-3.881329725660067993e+02
-3.887084106276317357e+02
-4.052120849942035647e+02
-4.058119548461564250e+02
-4.064122683888282950e+02
-4.070130256222190610e+02
-4.076142265463286094e+02
-4.082158711611572244e+02
-4.088179594667046217e+02
-4.094204914629709720e+02
-4.100234671499562182e+02
-3.908929113963969257e+02
-3.914677539131562867e+02
-3.920430187976723460e+02
-3.926187060499449899e+02
-3.931948156699742754e+02
-3.937713476577601455e+02
-3.943483020133026571e+02
-3.949256787366017534e+02
-3.955034778276574912e+02
-3.856015663880137936e+02
-3.861648995748479933e+02
-3.867286439537894012e+02
-3.872927995248379034e+02
-3.878573662879936705e+02
-3.884223442432565889e+02
-3.889877333906267154e+02
-3.895535337301039931e+02
-3.901197452616884220e+02
-3.741560890866033446e+02
-3.746991313058872493e+02
-3.752425673193837952e+02
-3.757863971270930392e+02
-3.763306207290149814e+02
-3.768752381251495649e+02
-3.774202493154968465e+02
-3.779656543000568263e+02
-3.785114530788295042e+02
-3.652133697842940592e+02
-3.657399932446896287e+02
-3.662669961168001578e+02
-3.667943784006255896e+02
-3.673221400961660947e+02
-3.678502812034215026e+02
-3.683788017223919837e+02
-3.689077016530773676e+02
-3.694369809954777679e+02
-3.481065391811987411e+02
-3.486052591513724224e+02
-3.491043361150822761e+02
-3.496037700723285297e+02
-3.501035610231109558e+02
-3.506037089674296681e+02
-3.511042139052846665e+02
-3.516050758366759510e+02
-3.521062947616035217e+02
-3.286278074652746000e+02
-3.290956050559724986e+02
-3.295637353618843122e+02
-3.300321983830099271e+02
-3.305009941193494569e+02
-3.309701225709027881e+02
-3.314395837376700342e+02
-3.319093776196511385e+02
-3.323795042168461009e+02
-3.121965684838550601e+02
-3.126381477886412767e+02
-3.130800391636075801e+02
-3.135222426087538565e+02
-3.139647581240802765e+02
-3.144075857095867832e+02
-3.148507253652732629e+02
-3.152941770911398862e+02
-3.157379408871864825e+02
-2.871964386043188711e+02
-2.876000878504246998e+02
-2.880040205580798442e+02
-2.884082367272841338e+02
-2.888127363580376823e+02
-2.892175194503404327e+02
-2.896225860041924989e+02
-2.900279360195937670e+02
-2.904335694965442372e+02
-2.587031813289863749e+02
-2.590644986213452512e+02
-2.594260680541734132e+02
-2.597878896274706904e+02
-2.601499633412371963e+02
-2.605122891954729312e+02
-2.608748671901778380e+02
-2.612376973253519168e+02
-2.616007796009952244e+02
-2.515101682724312582e+02
-2.518592455358211737e+02
-2.522085648777571407e+02
-2.525581262982391024e+02
-2.529079297972671725e+02
-2.532579753748412088e+02
-2.536082630309613251e+02
-2.539587927656274928e+02
-2.543095645788396553e+02
-2.340329797258184215e+02
-2.343557838357850756e+02
-2.346788104158481758e+02
-2.350020594660077222e+02
-2.353255309862637716e+02
-2.356492249766162672e+02
-2.359731414370652374e+02
-2.362972803676106253e+02
-2.366216417682525162e+02
-2.054991714995430243e+02
-2.057808701582127071e+02
-2.060627617611691846e+02
-2.063448463084123716e+02
-2.066271237999423818e+02
-2.069095942357591014e+02
-2.071922576158625873e+02
-2.074751139402528679e+02
-2.077581632089298864e+02
-1.967415507122511258e+02
-1.970095909720770919e+02
-1.972778136963412976e+02
-1.975462188850437997e+02
-1.978148065381845981e+02
-1.980835766557636362e+02
-1.983525292377809706e+02
-1.986216642842366014e+02
-1.988909817951304717e+02
-1.708794319626096296e+02
-1.711108191419767479e+02
-1.713423628755924142e+02
-1.715740631634566284e+02
-1.718059200055694191e+02
-1.720379334019307578e+02
-1.722701033525406444e+02
-1.725024298573990791e+02
-1.727349129165060901e+02
-1.556393321266430121e+02
-1.558488063286977194e+02
-1.560584214010967514e+02
-1.562681773438401649e+02
-1.564780741569279314e+02
-1.566881118403600510e+02
-1.568982903941365237e+02
-1.571086098182573494e+02
-1.573190701127225282e+02
-1.382890440891326023e+02
-1.384740461548036876e+02
-1.386591718849571748e+02
-1.388444212795930355e+02
-1.390297943387113264e+02
-1.392152910623120192e+02
-1.394009114503950855e+02
-1.395866555029605820e+02
-1.397725232200084520e+02
-1.176069157599874018e+02
-1.177633079352001459e+02
-1.179198040254794790e+02
-1.180764040308254152e+02
-1.182331079512379262e+02
-1.183899157867170118e+02
-1.185468275372626863e+02
-1.187038432028749639e+02
-1.188609627835538163e+02
-1.190181862792992575e+02
-1.191755136901112877e+02
-1.193329450159899068e+02
-1.194904802569351006e+02
-1.196481194129468832e+02
-1.198058624840252691e+02
-1.199637094701702296e+02
-1.201216603713817790e+02
-8.029845479983390533e+01
-8.040404119667786631e+01
-8.050969696697573852e+01
-8.061542211072750774e+01
-8.072121662793318819e+01
-8.082708051859277987e+01
-8.093301378270626856e+01
-8.103901642027365426e+01
-8.114508843129495119e+01
-8.125122981577017356e+01
-8.135744057369927873e+01
-8.146372070508229513e+01
-8.157007020991922275e+01
-8.167648908821004738e+01
-8.178297733995478325e+01
-8.188953496515341612e+01
-8.199616196380596023e+01
-6.045650736657393765e+01
-6.053512441126388666e+01
-6.061379253915377774e+01
-6.069251175024358247e+01
-6.077128204453332927e+01
-6.085010342202298972e+01
-6.092897588271258513e+01
-6.100789942660210841e+01
-6.108687405369155954e+01
-6.116589976398094564e+01
-6.124497655747025249e+01
-6.132410443415949430e+01
-6.140328339404865687e+01
-6.148251343713774730e+01
-6.156179456342677270e+01
-6.164112677291572595e+01
-6.172051006560460706e+01
-4.716829806963602323e+01
-4.722896469094744987e+01
-4.728967030109005520e+01
-4.735041490006383924e+01
-4.741119848786879487e+01
-4.747202106450493631e+01
-4.753288262997224933e+01
-4.759378318427074106e+01
-4.765472272740041149e+01
-4.771570125936125351e+01
-4.777671878015327422e+01
-4.783777528977648075e+01
-4.789887078823085176e+01
-4.796000527551640147e+01
-4.802117875163313698e+01
-4.808239121658104409e+01
-4.814364267036012279e+01
-5.514615861897024018e+01
-5.521631912611906046e+01
-5.528652423626034107e+01
-5.535677394939409623e+01
-5.542706826552030464e+01
-5.549740718463898759e+01
-5.556779070675013088e+01
-5.563821883185374872e+01
-5.570869155994982691e+01
-5.577920889103836544e+01
-5.584977082511937851e+01
-5.592037736219285193e+01
-5.599102850225879990e+01
-5.606172424531720822e+01
-5.613246459136807687e+01
-5.620324954041141297e+01
-5.627407909244722362e+01
-7.512090216127603526e+01
-7.521545332825058949e+01
-7.531006396136788794e+01
-7.540473406062793060e+01
-7.549946362603071748e+01
-7.559425265757627699e+01
-7.568910115526458071e+01
-7.578400911909562865e+01
-7.587897654906943501e+01
-7.597400344518598558e+01
-7.606908980744530879e+01
-7.616423563584734779e+01
-7.625944093039215943e+01
-7.635470569107972949e+01
-7.645002991791002955e+01
-7.654541361088310225e+01
-7.664085676999890495e+01
-7.228388992798427637e+01
-7.237390722552846967e+01
-7.246398053881475221e+01
-7.255410986784312399e+01
-7.264429521261359923e+01
-7.273453657312616372e+01
-7.282483394938081744e+01
-7.291518734137757463e+01
-7.300559674911642105e+01
-7.309606217259734251e+01
-7.318658361182038163e+01
-7.327716106678551000e+01
-7.336779453749272761e+01
-7.345848402394203447e+01
-7.354922952613344478e+01
-7.364003104406694433e+01
-7.373088857774253313e+01
-9.002727100902775703e+01
-9.013821034483677863e+01
-9.024921799304470937e+01
-9.036029395365153505e+01
-9.047143822665725565e+01
-9.058265081206187119e+01
-9.069393170986539587e+01
-9.080528092006780128e+01
-9.091669844266911582e+01
-9.102818427766932530e+01
-9.113973842506842971e+01
-9.125136088486642905e+01
-9.136305165706332332e+01
-9.147481074165912673e+01
-9.158663813865382508e+01
-9.169853384804741836e+01
-9.181049786983989236e+01
-9.335652065280025624e+01
-9.347037006823049410e+01
-9.358428886173230410e+01
-9.369827703330565782e+01
-9.381233458295059791e+01
-9.392646151066706750e+01
-9.404065781645512345e+01
-9.415492350031473734e+01
-9.426925856224589495e+01
-9.438366300224862471e+01
-9.449813682032291240e+01
-9.461268001646874382e+01
-9.472729259068616159e+01
-9.484197454297512309e+01
-9.495672587333564252e+01
-9.507154658176773410e+01
-9.518643666827138361e+01
-7.593814900473284979e+01
-7.602980639641025107e+01
-7.612151906998855111e+01
-7.621328702546774991e+01
-7.630511026284783327e+01
-7.639698878212880118e+01
-7.648892258331066785e+01
-7.658091166639343328e+01
-7.667295603137706905e+01
-7.676505567826160359e+01
-7.685721060704703689e+01
-7.694942081773335474e+01
-7.704168631032057135e+01
-7.713400708480867252e+01
-7.722638314119765823e+01
-7.731881447948754271e+01
-7.741130109967831174e+01
-3.917094285976136092e+01
-3.921774207464757467e+01
-3.926456922936357330e+01
-3.931142432390935681e+01
-3.935830735828491811e+01
-3.940521833249026429e+01
-3.945215724652539535e+01
-3.949912410039030419e+01
-3.954611889408499792e+01
-3.959314162760947653e+01
-3.964019230096373292e+01
-3.968727091414777419e+01
-3.973437746716160035e+01
-3.978151196000521139e+01
-3.982867439267860021e+01
-3.987586476518177392e+01
-3.992308307751473251e+01
1.771745996407210422e+00
1.773841497290010283e+00
1.775938236648509250e+00
1.778036214482706878e+00
1.780135430792603835e+00
1.782235885578199674e+00
1.784337578839494842e+00
1.786440510576488894e+00
1.788544680789182051e+00
1.790650089477574314e+00
1.792756736641665460e+00
1.794864622281455935e+00
1.796973746396945293e+00
1.799084108988133757e+00
1.801195710055021326e+00
1.803308549597607779e+00
1.805422627615893338e+00
4.870824396903861953e+01
4.876527938352226954e+01
4.882234817156618334e+01
4.887945033317035382e+01
4.893658586833478097e+01
4.899375477705947191e+01
4.905095705934442663e+01
4.910819271518963802e+01
4.916546174459510610e+01
4.922276414756083085e+01
4.928009992408681939e+01
4.933746907417306460e+01
4.939487159781957359e+01
4.945230749502633927e+01
4.950977676579336872e+01
4.956727941012065486e+01
4.962481542800819767e+01
1.187779192087070612e+02
1.189156327382243887e+02
1.190534260554181714e+02
1.191912991602883665e+02
1.193292520528350025e+02
1.194672847330580652e+02
1.196053972009575546e+02
1.197435894565334706e+02
1.198818614997858276e+02
1.200202133307145829e+02
1.201586449493198074e+02
1.202971563556014303e+02
1.204357475495595082e+02
1.205744185311939987e+02
1.207131693005049300e+02
1.208519998574922738e+02
1.209909102021560585e+02
1.671917793195687523e+02
1.673837331419792633e+02
1.675757970928019631e+02
1.677679711720368232e+02
1.679602553796838720e+02
1.681526497157430526e+02
1.683451541802144220e+02
1.685377687730979801e+02
1.687304934943936985e+02
1.689233283441015772e+02
1.691162733222216161e+02
1.693093284287538438e+02
1.695024936636982034e+02
1.696957690270547801e+02
1.698891545188234886e+02
1.700826501390043859e+02
1.702762558875974435e+02
2.087539867786811101e+02
2.089913420791685326e+02
2.092288322406221255e+02
2.094664572630419457e+02
2.097042171464278795e+02
2.099421118907800690e+02
2.101801414960984005e+02
2.104183059623829308e+02
2.106566052896336600e+02
2.108950394778505597e+02
2.111336085270336298e+02
2.113723124371828987e+02
2.116111512082983666e+02
2.118501248403800332e+02
2.120892333334278703e+02
2.123284766874418779e+02
2.125678549024220843e+02
2.638967294447143672e+02
2.641939104463412491e+02
2.644912586854480310e+02
2.647887741620345423e+02
2.650864568761009537e+02
2.653843068276471513e+02
2.656823240166731352e+02
2.659805084431789055e+02
2.662788601071645189e+02
2.665773790086299755e+02
2.668760651475752184e+02
2.671749185240002475e+02
2.674739391379051199e+02
2.677731269892898354e+02
2.680724820781542803e+02
2.683720044044986253e+02
2.686716939683226997e+02
3.073851812119416422e+02
3.077280536951674890e+02
3.080711173001788552e+02
3.084143720269756841e+02
3.087578178755580325e+02
3.091014548459259572e+02
3.094452829380794014e+02
3.097893021520183083e+02
3.101335124877427916e+02
3.104779139452527943e+02
3.108225065245483165e+02
3.111672902256293014e+02
3.115122650484958626e+02
3.118574309931479434e+02
3.122027880595855436e+02
3.125483362478086633e+02
3.128940755578173025e+02
3.018540769691636569e+02
3.021876173857041294e+02
3.025213419769638676e+02
3.028552507429428715e+02
3.031893436836410842e+02
3.035236207990585626e+02
3.038580820891953067e+02
3.041927275540512028e+02
3.045275571936264214e+02
3.048625710079207920e+02
3.051977689969344283e+02
3.055331511606673871e+02
3.058687174991194979e+02
3.062044680122908744e+02
3.065404027001814597e+02
3.068765215627913676e+02
3.072128246001204275e+02
3.072335405013556056e+02
3.075698662161901211e+02
3.079063759166455156e+02
3.082430696027216186e+02
3.085799472744186005e+02
3.089170089317363477e+02
3.092542545746749738e+02
3.095916842032343084e+02
3.099292978174145219e+02
3.102670954172155575e+02
3.106050770026373584e+02
3.109432425736799246e+02
3.112815921303433129e+02
3.116201256726275801e+02
3.119588432005326126e+02
3.122977447140584104e+02
3.126368302132050871e+02
3.061153589775221917e+02
3.064473712974543673e+02
3.067795635698635692e+02
3.071119357947496837e+02
3.074444879721126540e+02
3.077772201019526506e+02
3.081101321842695029e+02
3.084432242190632678e+02
3.087764962063340590e+02
3.091099481460817060e+02
3.094435800383062656e+02
3.097773918830077946e+02
3.101113836801862362e+02
3.104455554298415905e+02
3.107799071319739141e+02
3.111144387865831504e+02
3.114491503936692993e+02
2.702361387033986944e+02
2.705265590566532978e+02
2.708171353821706475e+02
2.711078676799507434e+02
2.713987559499936424e+02
2.716898001922992307e+02
2.719810004068676221e+02
2.722723565936987598e+02
2.725638687527926436e+02
2.728555368841493305e+02
2.731473609877687068e+02
2.734393410636508861e+02
2.737314771117958117e+02
2.740237691322034834e+02
2.743162171248739583e+02
2.746088210898071793e+02
2.749015810270030897e+02
2.311792657671542202e+02
2.314254630682906964e+02
2.316717913951329137e+02
2.319182507476809576e+02
2.321648411259347142e+02
2.324115625298942689e+02
2.326584149595595932e+02
2.329053984149306586e+02
2.331525128960075222e+02
2.333997584027901269e+02
2.336471349352785296e+02
2.338946424934726736e+02
2.341422810773725871e+02
2.343900506869782987e+02
2.346379513222897515e+02
2.348859829833069455e+02
2.351341456700299375e+02
1.968532881879997092e+02
1.970610489143194854e+02
1.972689192190814254e+02
1.974768991022855005e+02
1.976849885639317392e+02
1.978931876040201416e+02
1.981014962225507077e+02
1.983099144195234089e+02
1.985184421949382454e+02
1.987270795487952739e+02
1.989358264810944092e+02
1.991446829918357082e+02
1.993536490810191708e+02
1.995627247486447970e+02
1.997719099947125301e+02
1.999812048192224552e+02
2.001906092221745155e+02
1.624479219834178423e+02
1.626178465880030046e+02
1.627878600188320775e+02
1.629579622759050324e+02
1.631281533592219262e+02
1.632984332687827020e+02
1.634688020045873600e+02
1.636392595666359568e+02
1.638098059549284358e+02
1.639804411694648252e+02
1.641511652102450967e+02
1.643219780772692786e+02
1.644928797705373711e+02
1.646638702900493740e+02
1.648349496358052875e+02
1.650061178078050546e+02
1.651773748060487605e+02
1.325142006440321722e+02
1.326515922465661390e+02
1.327890550364589615e+02
1.329265890137105828e+02
1.330641941783210598e+02
1.332018705302903641e+02
1.333396180696184672e+02
1.334774367963054260e+02
1.336153267103511837e+02
1.337532878117557686e+02
1.338913201005192093e+02
1.340294235766414488e+02
1.341675982401225440e+02
1.343058440909624380e+02
1.344441611291611594e+02
1.345825493547187079e+02
1.347210087676350838e+02
1.129905833644714903e+02
1.131067093494298348e+02
1.132228949779346436e+02
1.133391402499859026e+02
1.134554451655836402e+02
1.135718097247278280e+02
1.136882339274184801e+02
1.138047177736555966e+02
1.139212612634391633e+02
1.140378643967691801e+02
1.141545271736456755e+02
1.142712495940686210e+02
1.143880316580380452e+02
1.145048733655539195e+02
1.146217747166162297e+02
1.147387357112250328e+02
1.148557563493802718e+02
1.035485061877613191e+02
1.036540064487778778e+02
1.037595604268316265e+02
1.038651681219225509e+02
1.039708295340506510e+02
1.040765446632159268e+02
1.041823135094183783e+02
1.042881360726580198e+02
1.043940123529348227e+02
1.044999423502488156e+02
1.046059260645999700e+02
1.047119634959883285e+02
1.048180546444138344e+02
1.049241995098765301e+02
1.050303980923764158e+02
1.051366503919134772e+02
1.052429564084877001e+02
1.049983381339297637e+02
1.051043970613377780e+02
1.052105095268212125e+02
1.053166755303800670e+02
1.054228950720143274e+02
1.055291681517240079e+02
1.056354947695091226e+02
1.057418749253696575e+02
1.058483086193056124e+02
1.059547958513169874e+02
1.060613366214037825e+02
1.061679309295659976e+02
1.062745787758036471e+02
1.063812801601166882e+02
1.064880350825051636e+02
1.065948435429690733e+02
1.067017055415083746e+02
5.578077009580536583e+01
5.583663466275159237e+01
5.589252718994153213e+01
5.594844767737519220e+01
5.600439612505256548e+01
5.606037253297365908e+01
5.611637690113846588e+01
5.617240922954700011e+01
5.622846951819923333e+01
5.628455776709519398e+01
5.634067397623486784e+01
5.639681814561826201e+01
5.645299027524537649e+01
5.650919036511620419e+01
5.656541841523074510e+01
5.662167442558899921e+01
5.667795839619098786e+01
9.436507051084900866e+01
9.445877961761252095e+01
9.455253523013620054e+01
9.464633734842006163e+01
9.474018597246410422e+01
9.483408110226834253e+01
9.492802273783274813e+01
9.502201087915732103e+01
9.511604552624208964e+01
9.521012667908705396e+01
9.530425433769217136e+01
9.539842850205748448e+01
9.549264917218296489e+01
9.558691634806864101e+01
9.568123002971449864e+01
9.577559021712052356e+01
9.586999691028672999e+01
9.596445010921311791e+01
9.605894981389970155e+01
9.615349602434643828e+01
9.624808874055337071e+01
9.634272796252048465e+01
9.643741369024778010e+01
9.653214592373525704e+01
9.662692466298291549e+01
9.672174990799074124e+01
9.681662165875874848e+01
9.691153991528695144e+01
9.700650467757533590e+01
9.710151594562388766e+01
9.719657371943262092e+01
9.729167799900153568e+01
9.738682878433063195e+01
1.237344086800298726e+02
1.238553020934935063e+02
1.239762545369441824e+02
1.240972660103819010e+02
1.242183365138066620e+02
1.243394660472184654e+02
1.244606546106173113e+02
1.245819022040032138e+02
1.247032088273761445e+02
1.248245744807361177e+02
1.249459991640831333e+02
1.250674828774172056e+02
1.251890256207383061e+02
1.253106273940464490e+02
1.254322881973416486e+02
1.255540080306238764e+02
1.256757868938931608e+02
1.257976247871494735e+02
1.259195217103928286e+02
1.260414776636232546e+02
1.261634926468406945e+02
1.262855666600451769e+02
1.264076997032367160e+02
1.265298917764152833e+02
1.266521428795809072e+02
1.267744530127335736e+02
1.268968221758732824e+02
1.270192503690000194e+02
1.271417375921138131e+02
1.272642838452146492e+02
1.273868891283025278e+02
1.275095534413774487e+02
1.276322767844393979e+02
1.487767330497709395e+02
1.489197876007803245e+02
1.490629108949665635e+02
1.492061029323296282e+02
1.493493637128695752e+02
1.494926932365863195e+02
1.496360915034799461e+02
1.497795585135503984e+02
1.499230942667976763e+02
1.500666987632218081e+02
1.502103720028227940e+02
1.503541139856006055e+02
1.504979247115552710e+02
1.506418041806867905e+02
1.507857523929951356e+02
1.509297693484803347e+02
1.510738550471423594e+02
1.512180094889812381e+02
1.513622326739969708e+02
1.515065246021895291e+02
1.516508852735589414e+02
1.517953146881051794e+02
1.519398128458282713e+02
1.520843797467281888e+02
1.522290153908049604e+02
1.523737197780585859e+02
1.525184929084890371e+02
1.526633347820963422e+02
1.528082453988805014e+02
1.529532247588414862e+02
1.530982728619792965e+02
1.532433897082939609e+02
1.533885752977854793e+02
1.607734642743963889e+02
1.609256398203257845e+02
1.610778873509031826e+02
1.612302068661286398e+02
1.613825983660020995e+02
1.615350618505236184e+02
1.616875973196931398e+02
1.618402047735106635e+02
1.619928842119762464e+02
1.621456356350898602e+02
1.622984590428514764e+02
1.624513544352611234e+02
1.626043218123188296e+02
1.627573611740245383e+02
1.629104725203782777e+02
1.630636558513800480e+02
1.632169111670298491e+02
1.633702384673276526e+02
1.635236377522735154e+02
1.636771090218673805e+02
1.638306522761092765e+02
1.639842675149992033e+02
1.641379547385371609e+02
1.642917139467231493e+02
1.644455451395571686e+02
1.645994483170391902e+02
1.647534234791692711e+02
1.649074706259473544e+02
1.650615897573734685e+02
1.652157808734476134e+02
1.653700439741697892e+02
1.655243790595399958e+02
1.656787861295582331e+02
1.484411816429693260e+02
1.485795238439413311e+02
1.487179304800325781e+02
1.488564015512430387e+02
1.489949370575727130e+02
1.491335369990216293e+02
1.492722013755897592e+02
1.494109301872771027e+02
1.495497234340836599e+02
1.496885811160094875e+02
1.498275032330545002e+02
1.499664897852187266e+02
1.501055407725021951e+02
1.502446561949048771e+02
1.503838360524268012e+02
1.505230803450679389e+02
1.506623890728282902e+02
1.508017622357078835e+02
1.509411998337066905e+02
1.510807018668247110e+02
1.512202683350619736e+02
1.513598992384184498e+02
1.514995945768941397e+02
1.516393543504890431e+02
1.517791785592032170e+02
1.519190672030365761e+02
1.520590202819891772e+02
1.521990377960609635e+02
1.523391197452519918e+02
1.524792661295622906e+02
1.526194769489917462e+02
1.527597522035404438e+02
1.529000918932083835e+02
1.308345627084379146e+02
1.309546495030303390e+02
1.310747913833083658e+02
1.311949883492719664e+02
1.313152404009211409e+02
1.314355475382559462e+02
1.315559097612763253e+02
1.316763270699822783e+02
1.317967994643738621e+02
1.319173269444510197e+02
1.320379095102137796e+02
1.321585471616621135e+02
1.322792398987960780e+02
1.323999877216155880e+02
1.325207906301207004e+02
1.326416486243114434e+02
1.327625617041877319e+02
1.328835298697496512e+02
1.330045531209971443e+02
1.331256314579302114e+02
1.332467648805489091e+02
1.333679533888531807e+02
1.334891969828430547e+02
1.336104956625185025e+02
1.337318494278795526e+02
1.338532582789262051e+02
1.339747222156584314e+02
1.340962412380762601e+02
1.342178153461796910e+02
1.343394445399687243e+02
1.344611288194433314e+02
1.345828681846035124e+02
1.347046626354493242e+02
1.056705661765609960e+02
1.057661091839539012e+02
1.058616953648702577e+02
1.059573247193100656e+02
1.060529972472733391e+02
1.061487129487600356e+02
1.062444718237701977e+02
1.063402738723037970e+02
1.064361190943608619e+02
1.065320074899413640e+02
1.066279390590453175e+02
1.067239138016727225e+02
1.068199317178235788e+02
1.069159928074978723e+02
1.070120970706956172e+02
1.071082445074168277e+02
1.072044351176614896e+02
1.073006689014295745e+02
1.073969458587211108e+02
1.074932659895361269e+02
1.075896292938745660e+02
1.076860357717364707e+02
1.077824854231217984e+02
1.078789782480305917e+02
1.079755142464628364e+02
1.080720934184185325e+02
1.081687157638976657e+02
1.082653812829002646e+02
1.083620899754263007e+02
1.084588418414757882e+02
1.085556368810487271e+02
1.086524750941451032e+02
1.087493564807649449e+02
9.001246679960317465e+01
9.009265607960283262e+01
9.017288106275474036e+01
9.025314174905892628e+01
9.033343813851539039e+01
9.041377023112411848e+01
9.049413802688511055e+01
9.057454152579839501e+01
9.065498072786392925e+01
9.073545563308172746e+01
9.081596624145181806e+01
9.089651255297417265e+01
9.097709456764879121e+01
9.105771228547568796e+01
9.113836570645484869e+01
9.121905483058628761e+01
9.129977965786999050e+01
9.138054018830597158e+01
9.146133642189421664e+01
9.154216835863472568e+01
9.162303599852751290e+01
9.170393934157257831e+01
9.178487838776990770e+01
9.186585313711948686e+01
9.194686358962135841e+01
9.202790974527550816e+01
9.210899160408190767e+01
9.219010916604059958e+01
9.227126243115155546e+01
9.235245139941477532e+01
9.243367607083025916e+01
9.251493644539802119e+01
9.259623252311806141e+01
8.876439316302702309e+01
8.884232502708586310e+01
8.892029108678492832e+01
8.899829134212421877e+01
8.907632579310370602e+01
8.915439443972344691e+01
8.923249728198337039e+01
8.931063431988354751e+01
8.938880555342392142e+01
8.946701098260452056e+01
8.954525060742533071e+01
8.962352442788636608e+01
8.970183244398762668e+01
8.978017465572909828e+01
8.985855106311079510e+01
8.993696166613270293e+01
9.001540646479483598e+01
9.009388545909719426e+01
9.017239864903974933e+01
9.025094603462254383e+01
9.032952761584554935e+01
9.040814339270878008e+01
9.048679336521220762e+01
9.056547753335587458e+01
9.064419589713976677e+01
9.072294845656386997e+01
9.080173521162816996e+01
9.088055616233270939e+01
9.095941130867747404e+01
9.103830065066244970e+01
9.111722418828765058e+01
9.119618192155306247e+01
9.127517385045869958e+01
7.543522714945119390e+01
7.550051077312012637e+01
7.556582263365051233e+01
7.563116273104233755e+01
7.569653106529561626e+01
7.576192763641034844e+01
7.582735244438651989e+01
7.589280548922414482e+01
7.595828677092320902e+01
7.602379628948372670e+01
7.608933404490569785e+01
7.615490003718912249e+01
7.622049426633398639e+01
7.628611673234030377e+01
7.635176743520806042e+01
7.641744637493727055e+01
7.648315355152793416e+01
7.654888896498003703e+01
7.661465261529359339e+01
7.668044450246860322e+01
7.674626462650505232e+01
7.681211298740295490e+01
7.687798958516231096e+01
7.694389441978310629e+01
7.700982749126535509e+01
7.707578879960905738e+01
7.714177834481419893e+01
7.720779612688079396e+01
7.727384214580884247e+01
7.733991640159833025e+01
7.740601889424927151e+01
7.747214962376165204e+01
7.753830859013548604e+01
6.761760170231262634e+01
6.767529590171733389e+01
6.773301470419214354e+01
6.779075810973705529e+01
6.784852611835209757e+01
6.790631873003722774e+01
6.796413594479247422e+01
6.802197776261783702e+01
6.807984418351330191e+01
6.813773520747886892e+01
6.819565083451455223e+01
6.825359106462033765e+01
6.831155589779623938e+01
6.836954533404224321e+01
6.842755937335836336e+01
6.848559801574458561e+01
6.854366126120092417e+01
6.860174910972735063e+01
6.865986156132390761e+01
6.871799861599056669e+01
6.877616027372732788e+01
6.883434653453420538e+01
6.889255739841119919e+01
6.895079286535829510e+01
6.900905293537549312e+01
6.906733760846280745e+01
6.912564688462022389e+01
6.918398076384774242e+01
6.924233924614539148e+01
6.930072233151312844e+01
6.935913001995098170e+01
6.941756231145895129e+01
6.947601920603702297e+01
6.075001466799164973e+01
6.080112953098533524e+01
6.085226588887514509e+01
6.090342374166108641e+01
6.095460308934315208e+01
6.100580393192135631e+01
6.105702626939567779e+01
6.110827010176612362e+01
6.115953542903271511e+01
6.121082225119542386e+01
6.126213056825426406e+01
6.131346038020922862e+01
6.136481168706032463e+01
6.141618448880755210e+01
6.146757878545090392e+01
6.151899457699038720e+01
6.157043186342599483e+01
6.162189064475774103e+01
6.167337092098560447e+01
6.172487269210960648e+01
6.177639595812972573e+01
6.182794071904598354e+01
6.187950697485836571e+01
6.193109472556687223e+01
6.198270397117151020e+01
6.203433471167227253e+01
6.208598694706918053e+01
6.213766067736219867e+01
6.218935590255134827e+01
6.224107262263663642e+01
6.229281083761804183e+01
6.234457054749558580e+01
6.239635175226924702e+01
5.511406675268682420e+01
5.515980456741934290e+01
5.520556135262665975e+01
5.525133710830877476e+01
5.529713183446568081e+01
5.534294553109738501e+01
5.538877819820388737e+01
5.543462983578517367e+01
5.548050044384126522e+01
5.552639002237215493e+01
5.557229857137783569e+01
5.561822609085830749e+01
5.566417258081359165e+01
5.571013804124365265e+01
5.575612247214851891e+01
5.580212587352818332e+01
5.584814824538263878e+01
5.589418958771188528e+01
5.594024990051593704e+01
5.598632918379477985e+01
5.603242743754842081e+01
5.607854466177685282e+01
5.612468085648008298e+01
5.617083602165811129e+01
5.621701015731093065e+01
5.626320326343855527e+01
5.630941534004096383e+01
5.635564638711817764e+01
5.640189640467018251e+01
5.644816539269698552e+01
5.649445335119857958e+01
5.654076028017497180e+01
5.658708617962615506e+01
4.357026134527828276e+01
4.360593081834031892e+01
4.364161488611310347e+01
4.367731354859662929e+01
4.371302680579090350e+01
4.374875465769591898e+01
4.378449710431168285e+01
4.382025414563819510e+01
4.385602578167544863e+01
4.389181201242345054e+01
4.392761283788220084e+01
4.396342825805169241e+01
4.399925827293193237e+01
4.403510288252291360e+01
4.407096208682464322e+01
4.410683588583711412e+01
4.414272427956033340e+01
4.417862726799430106e+01
4.421454485113901001e+01
4.425047702899446733e+01
4.428642380156067304e+01
4.432238516883762003e+01
4.435836113082530829e+01
4.439435168752374494e+01
4.443035683893292997e+01
4.446637658505286339e+01
4.450241092588353808e+01
4.453845986142495406e+01
4.457452339167712552e+01
4.461060151664003115e+01
4.464669423631369227e+01
4.468280155069809467e+01
4.471892345979323835e+01
4.018381261069166044e+01
4.021627126385053685e+01
4.024874302102764290e+01
4.028122788222299278e+01
4.031372584743655807e+01
4.034623691666836720e+01
4.037876108991839885e+01
4.041129836718666724e+01
4.044384874847316524e+01
4.047641223377789288e+01
4.050898882310085014e+01
4.054157851644204413e+01
4.057418131380146775e+01
4.060679721517912100e+01
4.063942622057500387e+01
4.067206832998912347e+01
4.070472354342146559e+01
4.073739186087205155e+01
4.077007328234086003e+01
4.080276780782790524e+01
4.083547543733317298e+01
4.086819617085667744e+01
4.090093000839841864e+01
4.093367694995838235e+01
4.096643699553658280e+01
4.099921014513300577e+01
4.103199639874767257e+01
4.106479575638056190e+01
4.109760821803168085e+01
4.113043378370103653e+01
4.116327245338862184e+01
4.119612422709443678e+01
4.122898910481848844e+01
