2.988980161147900615e-05
5.977960322295801230e-05
9.963267203826336061e-05
1.494490080573950409e-04
2.092286112803530735e-04
2.789714817071374314e-04
3.586776193377480874e-04
4.483470241721851227e-04
5.479796962104485376e-04
6.575756354525382234e-04
7.771348418984541260e-04
9.066573155481965707e-04
1.046143056401765232e-03
1.195592064459160327e-03
-4.685776910017696618e-04
-5.271499023769908154e-04
-5.891675379507545045e-04
-6.546305977230605123e-04
-7.235390816939090558e-04
-7.958929898632999180e-04
-8.716923222312333158e-04
-9.509370787977089240e-04
-1.033627259562727285e-03
-1.119762864526287639e-03
-1.209343893688390745e-03
-1.302370347049036387e-03
-1.398842224608224131e-03
-1.498759526365954194e-03
7.976642836563900280e-05
8.508419025668159847e-05
9.057349285388686770e-05
9.623433615725479693e-05
1.020667201667853862e-04
7.411293879892481362e-04
7.834796387314908869e-04
8.270062853276847949e-04
8.717093277778298604e-04
9.175887660819261916e-04
4.227626083144828541e-04
4.439007387302069995e-04
4.655544333024122018e-04
4.877236920310984609e-04
5.104085149162659396e-04
1.909368704072834369e-03
1.994229535364960403e-03
2.080935167337349609e-03
2.169485599990003070e-03
2.259880833322919919e-03
5.415938800052221870e-03
5.632576352054310433e-03
5.853461699193695904e-03
6.078594841470376549e-03
6.307975778884352368e-03
8.728298874010342184e-03
9.045691560337991086e-03
9.368751973207205611e-03
9.697480112617984024e-03
1.003187597857032806e-02
1.101877660137918005e-02
1.138606915475848767e-02
1.175938289753745286e-02
1.213871782971608256e-02
1.252407395129436982e-02
1.781572950951553283e-02
1.836390580211600884e-02
1.892038779611952826e-02
1.948517549152608067e-02
2.005826888833566954e-02
2.492153047354571729e-02
2.563357420136130882e-02
2.635564671407570822e-02
2.708774801168892590e-02
2.782987809420095146e-02
2.395714023556686639e-02
2.459599730851531885e-02
2.524326039558151200e-02
2.589892949676544584e-02
2.656300461206712385e-02
3.680457491403168330e-02
3.772468928688247486e-02
3.865616309643512410e-02
3.959899634268964491e-02
4.055318902564601646e-02
4.410159394193371996e-02
4.513927850527334196e-02
4.618902916818667242e-02
4.725084593067371830e-02
4.832472879273449345e-02
4.818770695880136151e-02
4.925854489121916924e-02
5.034115027344376880e-02
5.143552310547515327e-02
5.254166338731332958e-02
5.445584569444723161e-02
5.560228455117242896e-02
5.676066547932186179e-02
5.793098847889550235e-02
5.911325354989337144e-02
6.042149924427987762e-02
6.162992922916548516e-02
6.285032386736677523e-02
6.408268315888378253e-02
6.532700710371647235e-02
6.658329570186485857e-02
6.785154895332895508e-02
6.913176685810874800e-02
7.042394941620423732e-02
7.868559880405479046e-02
8.012937125917506120e-02
8.158626891843279161e-02
8.305629178182798167e-02
8.453943984936061751e-02
8.603571312103072688e-02
8.754511159683826815e-02
8.906763527678328296e-02
9.060328416086575742e-02
9.005570797057435573e-02
9.158207590227900041e-02
9.312127045525848967e-02
9.467329162951279575e-02
9.623813942504193253e-02
9.781581384184590000e-02
9.940631487992469817e-02
1.010096425392783132e-01
1.026257968199067727e-01
1.013273619310948587e-01
1.029230684181987182e-01
1.045312413622330738e-01
1.061518807631979255e-01
1.077849866210932733e-01
1.094305589359191311e-01
1.110885977076754849e-01
1.127591029363623210e-01
1.144420746219796808e-01
1.154903978123469760e-01
1.171887860154697258e-01
1.188995712127758481e-01
1.206227534042653565e-01
1.223583325899382374e-01
1.241063087697945044e-01
1.258666819438341300e-01
1.276394521120571557e-01
1.294246192744635537e-01
1.220244810219496268e-01
1.237075773119075545e-01
1.254022016586460175e-01
1.271083540621650021e-01
1.288260345224645220e-01
1.305552430395446051e-01
1.322959796134051957e-01
1.340482442440463218e-01
1.358120369314679832e-01
1.358567283444822305e-01
1.376211014398651122e-01
1.393968575874762750e-01
1.411839967873157187e-01
1.429825190393834433e-01
1.447924243436794212e-01
1.466137127002037077e-01
1.484463841089562475e-01
1.502904385699370682e-01
1.383368935482142126e-01
1.400342787451248072e-01
1.417420138517726524e-01
1.434600988681578038e-01
1.451885337942801779e-01
1.469273186301398304e-01
1.486764533757367057e-01
1.504359380310708871e-01
1.522057725961422914e-01
1.542871712469980061e-01
1.560812081219631053e-01
1.578856151522748108e-01
1.597003923379331503e-01
1.615255396789380959e-01
1.633610571752896756e-01
1.652069448269878615e-01
1.670632026340326537e-01
1.689298305964240798e-01
1.594175628797722954e-01
1.611790829115929968e-01
1.629502816249072117e-01
1.647311590197149400e-01
1.665217150960161818e-01
1.683219498538109649e-01
1.701318632930992336e-01
1.719514554138810436e-01
1.737807262161563948e-01
1.766301087792031821e-01
1.784893730821421887e-01
1.803583717531593855e-01
1.822371047922547727e-01
1.841255721994284056e-01
1.860237739746802288e-01
1.879317101180102978e-01
1.898493806294185571e-01
1.917767855089050344e-01
1.902414467447622326e-01
1.921534210839055679e-01
1.940749552947446388e-01
1.960060493772794177e-01
1.979467033315099045e-01
1.998969171574360992e-01
2.018566908550580297e-01
2.038260244243756680e-01
2.058049178653890143e-01
1.932226412935298399e-01
1.950805513059676310e-01
1.969473508399960382e-01
1.988230398956150335e-01
2.007076184728246726e-01
2.026010865716248999e-01
2.045034441920157431e-01
2.064146913339972023e-01
2.083348279975692496e-01
1.984487921427004198e-01
2.002778132684396029e-01
2.021152243993427078e-01
2.039610255354097623e-01
2.058152166766407665e-01
2.076777978230356925e-01
2.095487689745945681e-01
2.114281301313173933e-01
2.133158812932041681e-01
2.293816615902548872e-01
2.314115877990181869e-01
2.334504564139875116e-01
2.354982674351628336e-01
2.375550208625441806e-01
2.396207166961315249e-01
2.416953549359248665e-01
2.437789355819242054e-01
2.458714586341295694e-01
2.449940468639592583e-01
2.470791025819503994e-01
2.491729932817974280e-01
2.512757189635003718e-01
2.533872796270592032e-01
2.555076752724739220e-01
2.576369058997445283e-01
2.597749715088710221e-01
2.619218720998534589e-01
2.877365801071872231e-01
2.900950766654428192e-01
2.924631997402628025e-01
2.948409493316470620e-01
2.972283254395955976e-01
2.996253280641084649e-01
3.020319572051856638e-01
3.044482128628271389e-01
3.068740950370329457e-01
2.922994968120684045e-01
2.946101647710571148e-01
2.969299298479945448e-01
2.992587920428808057e-01
3.015967513557157864e-01
3.039438077864995980e-01
3.062999613352321293e-01
3.086652120019134360e-01
3.110395597865435735e-01
3.591242365383065516e-01
3.618656429240951766e-01
3.646174729083088151e-01
3.673797264909475224e-01
3.701524036720112432e-01
3.729355044515000883e-01
3.757290288294139469e-01
3.785329768057528743e-01
3.813473483805168152e-01
3.856298222149167065e-01
3.884757987626282771e-01
3.913322384594122849e-01
3.941991413052687854e-01
3.970765073001977785e-01
3.999643364441992643e-01
4.028626287372731318e-01
4.057713841794194920e-01
4.086906027706383449e-01
4.003837380070805474e-01
4.032436218499882430e-01
4.061136832154685905e-01
4.089939221035215899e-01
4.118843385141471303e-01
4.147849324473453780e-01
4.176957039031162222e-01
4.206166528814597183e-01
4.235477793823758108e-01
4.449062343810804565e-01
4.479851702591501894e-01
4.510747231574891436e-01
4.541748930760973191e-01
4.572856800149746603e-01
4.604070839741212784e-01
4.635391049535370622e-01
4.666817429532220673e-01
4.698349979731762383e-01
4.326157675929767077e-01
4.355192291204463828e-01
4.384324012215864985e-01
4.413552838963970548e-01
4.442878771448781072e-01
4.472301809670296002e-01
4.501821953628515893e-01
4.531439203323440745e-01
4.561153558755069448e-01
4.816042730887916679e-01
4.847417602098913481e-01
4.878894339774880184e-01
4.910472943915817901e-01
4.942153414521726629e-01
4.973935751592605259e-01
5.005819955128455456e-01
5.037806025129276666e-01
5.069893961595067777e-01
5.803260466854245347e-01
5.839989963479904622e-01
5.876835326025519057e-01
5.913796554491089763e-01
5.950873648876613409e-01
5.988066609182092215e-01
6.025375435407525071e-01
6.062800127552914198e-01
6.100340685618257375e-01
7.274399987061908046e-01
7.319165525443827036e-01
7.364068381428146015e-01
7.409108555014862763e-01
7.454286046203977278e-01
7.499600854995490673e-01
7.545052981389402946e-01
7.590642425385714098e-01
7.636369186984423019e-01
8.650219215692352970e-01
8.702016935546798004e-01
8.753969275460510291e-01
8.806076235433489829e-01
8.858337815465735510e-01
8.910754015557248442e-01
8.963324835708029736e-01
9.016050275918076062e-01
9.068930336187390751e-01
1.202533118710600979e+00
1.209544973630196196e+00
1.216577211848976381e+00
1.223629833366941533e+00
1.230702838184091430e+00
1.237796226300426294e+00
1.244909997715945904e+00
1.252044152430650481e+00
1.259198690444540025e+00
1.556818048631392948e+00
1.565663605725889473e+00
1.574534221055781114e+00
1.583429894621068090e+00
1.592350626421750182e+00
1.601296416457827387e+00
1.610267264729299708e+00
1.619263171236167365e+00
1.628284135978430136e+00
1.948731355790119135e+00
1.959527651390064351e+00
1.970353771011004174e+00
1.981209714652937937e+00
1.992095482315866084e+00
2.003011073999788838e+00
2.013956489704705533e+00
2.024931729430616834e+00
2.035936793177522297e+00
2.402986201996481164e+00
2.415975316601867817e+00
2.428999442297834488e+00
2.442058579084382064e+00
2.455152726961510101e+00
2.468281885929218600e+00
2.481446055987508004e+00
2.494645237136377425e+00
2.507879429375827751e+00
2.684890707264374399e+00
2.699058995957062113e+00
2.713264569619993960e+00
2.727507428253169941e+00
2.741787571856589611e+00
2.756105000430253416e+00
2.770459713974160909e+00
2.784851712488312536e+00
2.799280995972707853e+00
3.198309696392593882e+00
3.214795828848225678e+00
3.231324342107085634e+00
3.247895236169173305e+00
3.264508511034488691e+00
3.281164166703031793e+00
3.297862203174803053e+00
3.314602620449802028e+00
3.331385418528028719e+00
3.746175512274726227e+00
3.765047932991475665e+00
3.783967771850729189e+00
3.802935028852487243e+00
3.821949703996749825e+00
3.841011797283516493e+00
3.860121308712787691e+00
3.879278238284563418e+00
3.898482585998843675e+00
4.180281855716665440e+00
4.200874377173398067e+00
4.221517494505945933e+00
4.242211207714308152e+00
4.262955516798486499e+00
4.283750421758479199e+00
4.304595922594286250e+00
4.325492019305908542e+00
4.346438711893346962e+00
4.769028638075997861e+00
4.792011908620943395e+00
4.815050427412390199e+00
4.838144194450339164e+00
4.861293209734790288e+00
4.884497473265743572e+00
4.907756985043199904e+00
4.931071745067158396e+00
4.954441753337618159e+00
5.243789703403178848e+00
5.268524560494703302e+00
5.293317617249972074e+00
5.318168873668986052e+00
5.343078329751745237e+00
5.368045985498247852e+00
5.393071840908496561e+00
5.418155895982489589e+00
5.443298150720227824e+00
5.411664237453813975e+00
5.436660377118728071e+00
5.461714111575496133e+00
5.486825440824119049e+00
5.511994364864596818e+00
5.537220883696929441e+00
5.562504997321116029e+00
5.587846705737157471e+00
5.613246008945053767e+00
5.624107176051271750e+00
5.649555624811684496e+00
5.675061519280360400e+00
5.700624859457299465e+00
5.726245645342499913e+00
5.751923876935964408e+00
5.777659554237691175e+00
5.803452677247680214e+00
5.829303245965933300e+00
5.610658801034883680e+00
5.635539771327721326e+00
5.660475788015013165e+00
5.685466851096756535e+00
5.710512960572953212e+00
5.735614116443604082e+00
5.760770318708707372e+00
5.785981567368263967e+00
5.811247862422273869e+00
5.971242196741990860e+00
5.997204119336520201e+00
6.023222358465963211e+00
6.049296914130318115e+00
6.075427786329584912e+00
6.101614975063764490e+00
6.127858480332855962e+00
6.154158302136859326e+00
6.180514440475775473e+00
6.195408861349671170e+00
6.221828515342632926e+00
6.248304381365367810e+00
6.274836459417874046e+00
6.301424749500154299e+00
6.328069251612205015e+00
6.354769965754028860e+00
6.381526891925624945e+00
6.408340030126993270e+00
6.204808641753666087e+00
6.230770184187782057e+00
6.256785926084181604e+00
6.282855867442865616e+00
6.308980008263834094e+00
6.335158348547087037e+00
6.361390888292622670e+00
6.387677627500444544e+00
6.414018566170548219e+00
6.397597952355156714e+00
6.423871455239573258e+00
6.450198797269242945e+00
6.476579978444168439e+00
6.503014998764348853e+00
6.529503858229784186e+00
6.556046556840474437e+00
6.582643094596418720e+00
6.609293471497618810e+00
6.411975086523615808e+00
6.437829824775726628e+00
6.463736584633979376e+00
6.489695366098372276e+00
6.515706169168907103e+00
6.541768993845582969e+00
6.567883840128398987e+00
6.594050708017356932e+00
6.620269597512455917e+00
6.354137494029488131e+00
6.379302394995941761e+00
6.404517028968258252e+00
6.429781395946436717e+00
6.455095495930478044e+00
6.480459328920381346e+00
6.505872894916147509e+00
6.531336193917775645e+00
6.556849225925267532e+00
6.356190208653681673e+00
6.380922466274902227e+00
6.405702747697328725e+00
6.430531052920962054e+00
6.455407381945801326e+00
6.480331734771847429e+00
6.505304111399098588e+00
6.530324511827556577e+00
6.555392936057221398e+00
6.268489013706761703e+00
6.292460291005832040e+00
6.316477315017304583e+00
6.340540085741179333e+00
6.364648603177458064e+00
6.388802867326139889e+00
6.413002878187223033e+00
6.437248635760710158e+00
6.461540140046599490e+00
6.594939101879705667e+00
6.619732106022110152e+00
6.644571626119755159e+00
6.669457662172638024e+00
6.694390214180759635e+00
6.719369282144120881e+00
6.744394866062720872e+00
6.769466965936559610e+00
6.794585581765637983e+00
6.567223613990266884e+00
6.591501704984685794e+00
6.615824589504923914e+00
6.640192267550983019e+00
6.664604739122861332e+00
6.689062004220560631e+00
6.713564062844079139e+00
6.738110914993416856e+00
6.762702560668575558e+00
6.670954995648552099e+00
6.695213013814546699e+00
6.719515057421859616e+00
6.743861126470489076e+00
6.768251220960436854e+00
6.792685340891701173e+00
6.817163486264284700e+00
6.841685657078184768e+00
6.866251853333402266e+00
6.889500871324510278e+00
6.914150248323881698e+00
6.938843642067895168e+00
6.963581052556551576e+00
6.988362479789849147e+00
7.013187923767787879e+00
7.038057384490368662e+00
7.062970861957590607e+00
7.087928356169455490e+00
6.684694073002694914e+00
6.708231728189324450e+00
6.731810750081026917e+00
6.755431138677802316e+00
6.779092893979650647e+00
6.802796015986571909e+00
6.826540504698567879e+00
6.850326360115635893e+00
6.874153582237777727e+00
6.318523224890633117e+00
6.340424518564430123e+00
6.362363703749774224e+00
6.384340780446664532e+00
6.406355748655101934e+00
6.428408608375084654e+00
6.450499359606614469e+00
6.472628002349689602e+00
6.494794536604312718e+00
5.579280885106194354e+00
5.598322799389833904e+00
5.617397153050446512e+00
5.636503946088033068e+00
5.655643178502593571e+00
5.674814850294128021e+00
5.694018961462635531e+00
5.713255512008117876e+00
5.732524501930573280e+00
4.950408397968115715e+00
4.967048426196581268e+00
4.983716373935495270e+00
5.000412241184860385e+00
5.017136027944675725e+00
5.033887734214942178e+00
5.050667359995657968e+00
5.067474905286825759e+00
5.084310370088442887e+00
3.431276810940712796e+00
3.442638654685549415e+00
3.454019278337402632e+00
3.465418681896271558e+00
3.476836865362157525e+00
3.488273828735059201e+00
3.499729572014977474e+00
3.511204095201911901e+00
3.522697398295862037e+00
1.638521565061524132e+00
1.643867475551121116e+00
1.649222092735326717e+00
1.654585416614140936e+00
1.659957447187563551e+00
1.665338184455594339e+00
1.670727628418233968e+00
1.676125779075481770e+00
1.681532636427338190e+00
-4.133671074525395173e-01
-4.146962621388821102e-01
-4.160275502998416197e-01
-4.173609719354180458e-01
-4.186965270456113331e-01
-4.200342156304216479e-01
-4.213740376898488238e-01
-4.227159932238929163e-01
-4.240600822325539254e-01
-3.039554503369216842e+00
-3.049188590543129074e+00
-3.058837921525860093e+00
-3.068502496317410788e+00
-3.078182314917781603e+00
-3.087877377326971207e+00
-3.097587683544980930e+00
-3.107313233571809441e+00
-3.117054027407458072e+00
-7.679681212372287291e+00
-7.703680216160950778e+00
-7.727716659893121509e+00
-7.751790543568801262e+00
-7.775901867187988259e+00
-7.800050630750685166e+00
-7.824236834256887541e+00
-7.848460477706599825e+00
-7.872721561099819354e+00
-1.099945190557303754e+01
-1.103334852161486523e+01
-1.106729728629675868e+01
-1.110129819961871434e+01
-1.113535126158073396e+01
-1.116945647218281934e+01
-1.120361383142496869e+01
-1.123782333930718202e+01
-1.127208499582946111e+01
-1.634941100211584342e+01
-1.639910526048094042e+01
-1.644887492743232471e+01
-1.649872000296999630e+01
-1.654864048709395874e+01
-1.659863637980421558e+01
-1.664870768110075971e+01
-1.669885439098359114e+01
-1.674907650945271342e+01
-2.031966495537863793e+01
-2.038059348597947462e+01
-2.044161322695545735e+01
-2.050272417830659677e+01
-2.056392634003288222e+01
-2.062521971213432082e+01
-2.068660429461091610e+01
-2.074808008746265386e+01
-2.080964709068954832e+01
-2.499887533698758091e+01
-2.507283650662363783e+01
-2.514690692466388455e+01
-2.522108659110832107e+01
-2.529537550595694739e+01
-2.536977366920975996e+01
-2.544428108086676588e+01
-2.551889774092795804e+01
-2.559362364939334000e+01
-3.028850379616650557e+01
-3.037693738389253895e+01
-3.046549988355403471e+01
-3.055419129515098930e+01
-3.064301161868340628e+01
-3.073196085415128209e+01
-3.082103900155462028e+01
-3.091024606089341731e+01
-3.099958203216767672e+01
-3.298673020803276046e+01
-3.308179283111066837e+01
-3.317699223494120275e+01
-3.327232841952436360e+01
-3.336780138486016511e+01
-3.346341113094858599e+01
-3.355915765778964044e+01
-3.365504096538332135e+01
-3.375106105372963583e+01
-3.638827320295055046e+01
-3.649179602856349902e+01
-3.659546590364463725e+01
-3.669928282819398646e+01
-3.680324680221153244e+01
-3.690735782569728229e+01
-3.701161589865122892e+01
-3.711602102107337942e+01
-3.722057319296371958e+01
-3.754077963208408164e+01
-3.764623126026409494e+01
-3.775183078694085026e+01
-3.785757821211435470e+01
-3.796347353578460115e+01
-3.806951675795160384e+01
-3.817570787861534143e+01
-3.828204689777583525e+01
-3.838853381543306398e+01
-3.902096324918814219e+01
-3.912920447872819096e+01
-3.923759562686871050e+01
-3.934613669360970789e+01
-3.945482767895116893e+01
-3.956366858289310073e+01
-3.967265940543551039e+01
-3.978180014657838370e+01
-3.989109080632172777e+01
-3.970892147555942131e+01
-3.981771304124588085e+01
-3.992665343260360089e+01
-4.003574264963257434e+01
-4.014498069233279409e+01
-4.025436756070428146e+01
-4.036390325474701513e+01
-4.047358777446099509e+01
-4.058342111984623557e+01
-3.904941385105009033e+01
-3.915509562060638160e+01
-3.926092020336477617e+01
-3.936688759932527404e+01
-3.947299780848787520e+01
-3.957925083085257967e+01
-3.968564666641939453e+01
-3.979218531518829849e+01
-3.989886677715931285e+01
-3.855257506673657986e+01
-3.865565681825192001e+01
-3.875887619560372599e+01
-3.886223319879199778e+01
-3.896572782781674960e+01
-3.906936008267796012e+01
-3.917312996337564357e+01
-3.927703746990979994e+01
-3.938108260228042212e+01
-3.804090836207942061e+01
-3.814141274348517641e+01
-3.824204971642313922e+01
-3.834281928089328773e+01
-3.844372143689563615e+01
-3.854475618443018448e+01
-3.864592352349693272e+01
-3.874722345409587376e+01
-3.884865597622701472e+01
-3.633577015068992466e+01
-3.643064161322436689e+01
-3.652563676736576070e+01
-3.662075561311410610e+01
-3.671599815046941018e+01
-3.681136437943166584e+01
-3.690685430000088019e+01
-3.700246791217704612e+01
-3.709820521596017073e+01
-3.573449191959962690e+01
-3.582670996326310586e+01
-3.591904684461172081e+01
-3.601150256364547175e+01
-3.610407712036435868e+01
-3.619677051476837448e+01
-3.628958274685751917e+01
-3.638251381663180695e+01
-3.647556372409122361e+01
-3.423473284856915910e+01
-3.432206635073386991e+01
-3.440951110576759220e+01
-3.449706711367031176e+01
-3.458473437444202148e+01
-3.467251288808274268e+01
-3.476040265459245404e+01
-3.484840367397116978e+01
-3.493651594621888279e+01
-3.367127984385203376e+01
-3.375620110449226985e+01
-3.384122931886126651e+01
-3.392636448695903084e+01
-3.401160660878556286e+01
-3.409695568434085544e+01
-3.418241171362492281e+01
-3.426797469663775075e+01
-3.435364463337933927e+01
-3.341804307194760071e+01
-3.350137983771305983e+01
-3.358482038525406210e+01
-3.366836471457061464e+01
-3.375201282566271743e+01
-3.383576471853036338e+01
-3.391962039317355959e+01
-3.400357984959230606e+01
-3.408764308778660279e+01
-3.155289079724965262e+01
-3.163070310501105808e+01
-3.170861124073768522e+01
-3.178661520442953403e+01
-3.186471499608661162e+01
-3.194291061570890733e+01
-3.202120206329642826e+01
-3.209958933884917798e+01
-3.217807244236714581e+01
-3.035931334413537641e+01
-3.043336044985278122e+01
-3.050749774692915750e+01
-3.058172523536450882e+01
-3.065604291515883517e+01
-3.073045078631213300e+01
-3.080494884882440587e+01
-3.087953710269565022e+01
-3.095421554792586960e+01
-2.997462632704739605e+01
-3.004694146897031004e+01
-3.011934373757023664e+01
-3.019183313284718295e+01
-3.026440965480114187e+01
-3.033707330343211339e+01
-3.040982407874010818e+01
-3.048266198072511202e+01
-3.055558700938713201e+01
-2.915936439470365471e+01
-2.922895714982227844e+01
-2.929863285220564606e+01
-2.936839150185375402e+01
-2.943823309876660588e+01
-2.950815764294419807e+01
-2.957816513438653061e+01
-2.964825557309361059e+01
-2.971842895906543092e+01
-2.756262244389999339e+01
-2.762770537765182155e+01
-2.769286506014628202e+01
-2.775810149138337835e+01
-2.782341467136310342e+01
-2.788880460008546081e+01
-2.795427127755045049e+01
-2.801981470375807248e+01
-2.808543487870832323e+01
-2.731947069323935651e+01
-2.738330123224224977e+01
-2.744720625262087665e+01
-2.751118575437523717e+01
-2.757523973750533131e+01
-2.763936820201115907e+01
-2.770357114789272046e+01
-2.776784857515000837e+01
-2.783220048378303346e+01
-2.777602229920343291e+01
-2.784024431608020222e+01
-2.790454049232981149e+01
-2.796891082795225358e+01
-2.803335532294753918e+01
-2.809787397731565761e+01
-2.816246679105661244e+01
-2.822713376417040720e+01
-2.829187489665703481e+01
-2.677364793936917309e+01
-2.683491486829221628e+01
-2.689625181656259656e+01
-2.695765878418032102e+01
-2.701913577114538256e+01
-2.708068277745778829e+01
-2.714229980311753465e+01
-2.720398684812461809e+01
-2.726574391247904572e+01
-2.639570259864314394e+01
-2.645548901449510737e+01
-2.651534306203921432e+01
-2.657526474127546479e+01
-2.663525405220384812e+01
-2.669531099482437853e+01
-2.675543556913704535e+01
-2.681562777514185214e+01
-2.687588761283880245e+01
-2.790701188628145601e+01
-2.796958366181123523e+01
-2.803222550651853950e+01
-2.809493742040336883e+01
-2.815771940346571967e+01
-2.822057145570560266e+01
-2.828349357712300716e+01
-2.834648576771793316e+01
-2.840954802749038777e+01
-2.734985391318462433e+01
-2.741056391077216148e+01
-2.747134121434372034e+01
-2.753218582389929736e+01
-2.759309773943889610e+01
-2.765407696096252010e+01
-2.771512348847016227e+01
-2.777623732196182615e+01
-2.783741846143751530e+01
-2.668609051812200761e+01
-2.674474126651348627e+01
-2.680345639552888315e+01
-2.686223590516820181e+01
-2.692107979543143870e+01
-2.697998806631859736e+01
-2.703896071782967425e+01
-2.709799774996467647e+01
-2.715709916272359692e+01
-2.786402568350337816e+01
-2.792466556529555533e+01
-2.798537136000271630e+01
-2.804614306762487530e+01
-2.810698068816202166e+01
-2.816788422161415895e+01
-2.822885366798129070e+01
-2.828988902726340982e+01
-2.835099029946052340e+01
-3.116061521305501358e+01
-3.122777171135901142e+01
-3.129500049868163458e+01
-3.136230157502288662e+01
-3.142967494038276755e+01
-3.149712059476126669e+01
-3.156463853815839826e+01
-3.163222877057415872e+01
-3.169989129200853739e+01
-3.073296619198596602e+01
-3.079856483914068477e+01
-3.086423342088725263e+01
-3.092997193722566962e+01
-3.099578038815593928e+01
-3.106165877367805805e+01
-3.112760709379202240e+01
-3.119362534849783941e+01
-3.125971353779550199e+01
-3.334383520194569428e+01
-3.341432956812316490e+01
-3.348489837396925850e+01
-3.355554161948395375e+01
-3.362625930466727198e+01
-3.369705142951920607e+01
-3.376791799403974892e+01
-3.383885899822890764e+01
-3.390987444208668222e+01
-3.659724955072695707e+01
-3.667389300528346041e+01
-3.675061663081752528e+01
-3.682742042732915877e+01
-3.690430439481836089e+01
-3.698126853328513874e+01
-3.705831284272947812e+01
-3.713543732315139323e+01
-3.721264197455087697e+01
-3.800516911773589612e+01
-3.808401801632040673e+01
-3.816294862360811635e+01
-3.824196093959902498e+01
-3.832105496429313263e+01
-3.840023069769043218e+01
-3.847948813979093075e+01
-3.855882729059462122e+01
-3.863824815010150360e+01
-4.648154109666279510e+01
-4.657708383272993302e+01
-4.667272466195525737e+01
-4.676846358433874684e+01
-4.686430059988042984e+01
-4.696023570858028506e+01
-4.705626891043831961e+01
-4.715240020545454058e+01
-4.724862959362893378e+01
-5.147247529159527346e+01
-5.157730721683274311e+01
-5.168224578695854632e+01
-5.178729100197269020e+01
-5.189244286187516764e+01
-5.199770136666599285e+01
-5.210306651634515873e+01
-5.220853831091265107e+01
-5.231411675036849829e+01
-5.715939740797148261e+01
-5.727475441585840343e+01
-5.739022771105166498e+01
-5.750581729355126015e+01
-5.762152316335720315e+01
-5.773734532046947976e+01
-5.785328376488809710e+01
-5.796933849661304805e+01
-5.808550951564433262e+01
-6.144969126300507867e+01
-6.157259064553109340e+01
-6.169561280466302122e+01
-6.181875774040087634e+01
-6.194202545274464455e+01
-6.206541594169433296e+01
-6.218892920724994866e+01
-6.231256524941147745e+01
-6.243632406817892644e+01
-6.952531225688888128e+01
-6.966312258841888649e+01
-6.980106936582170363e+01
-6.993915258909730426e+01
-7.007737225824573102e+01
-7.021572837326694128e+01
-7.035422093416094924e+01
-7.049284994092778334e+01
-7.063161539356740093e+01
-7.618468343938339160e+01
-7.633435865242736895e+01
-7.648418074988060766e+01
-7.663414973174312195e+01
-7.678426559801489759e+01
-7.693452834869594881e+01
-7.708493798378626138e+01
-7.723549450328584953e+01
-7.738619790719469904e+01
-7.948718382848149133e+01
-7.964197873369762704e+01
-7.979692421761532728e+01
-7.995202028023459206e+01
-8.010726692155543560e+01
-8.026266414157784368e+01
-8.041821194030184472e+01
-8.057391031772739609e+01
-8.072975927385452621e+01
-7.785682440018892692e+01
-7.800712714999623643e+01
-7.815757483977444053e+01
-7.830816746952352503e+01
-7.845890503924348991e+01
-7.860978754893433518e+01
-7.876081499859608925e+01
-7.891198738822870951e+01
-7.906330471783221014e+01
-7.507517972238360926e+01
-7.521886427687620369e+01
-7.536268619709967709e+01
-7.550664548305402946e+01
-7.565074213473924658e+01
-7.579497615215532846e+01
-7.593934753530228932e+01
-7.608385628418012914e+01
-7.622850239878883372e+01
-7.073331769869609786e+01
-7.086753651785871000e+01
-7.100188255865086262e+01
-7.113635582107254152e+01
-7.127095630512377511e+01
-7.140568401080453498e+01
-7.154053893811483533e+01
-7.167552108705467617e+01
-7.181063045762405750e+01
-7.076079520974749926e+01
-7.089392934937072255e+01
-7.102718861506502890e+01
-7.116057300683041831e+01
-7.129408252466687657e+01
-7.142771716857438946e+01
-7.156147693855299963e+01
-7.169536183460267864e+01
-7.182937185672342650e+01
-6.787024105243320093e+01
-6.799686463648623658e+01
-6.812360622947129229e+01
-6.825046583138838230e+01
-6.837744344223747817e+01
-6.850453906201857990e+01
-6.863175269073171592e+01
-6.875908432837685780e+01
-6.888653397495401975e+01
-6.194105862807025176e+01
-6.205565818149869273e+01
-6.217036364948667426e+01
-6.228517503203420347e+01
-6.240009232914128035e+01
-6.251511554080789779e+01
-6.263024466703406290e+01
-6.274547970781977568e+01
-6.286082066316503614e+01
-5.797388349921850903e+01
-5.808025759738221439e+01
-5.818672919701078428e+01
-5.829329829810420449e+01
-5.839996490066249635e+01
-5.850672900468564563e+01
-5.861359061017365235e+01
-5.872054971712652360e+01
-5.882760632554425939e+01
-5.281795008838220440e+01
-5.291407010674141276e+01
-5.301027750693548057e+01
-5.310657228896442916e+01
-5.320295445282825142e+01
-5.329942399852694024e+01
-5.339598092606050272e+01
-5.349262523542893888e+01
-5.358935692663224160e+01
-4.457399353305762446e+01
-4.465445200513894974e+01
-4.473498302769105095e+01
-4.481558660071392097e+01
-4.489626272420755271e+01
-4.497701139817195326e+01
-4.505783262260712263e+01
-4.513872639751306082e+01
-4.521969272288976782e+01
-4.117452265182443938e+01
-4.124824605854211512e+01
-4.132203540748405146e+01
-4.139589069865024129e+01
-4.146981193204069172e+01
-4.154379910765539563e+01
-4.161785222549435304e+01
-4.169197128555756393e+01
-4.176615628784503542e+01
-3.539379654074505055e+01
-3.545666296444086640e+01
-3.551958517023402351e+01
-3.558256315812450765e+01
-3.564559692811232594e+01
-3.570868648019747837e+01
-3.577183181437997206e+01
-3.583503293065979278e+01
-3.589828982903694765e+01
-3.317430162394516202e+01
-3.323275854310629995e+01
-3.329126692082304118e+01
-3.334982675709537858e+01
-3.340843805192331217e+01
-3.346710080530684905e+01
-3.352581501724598212e+01
-3.358458068774071847e+01
-3.364339781679104391e+01
-2.492821387040693892e+01
-2.497179466388667279e+01
-2.501541351919476952e+01
-2.505907043633123621e+01
-2.510276541529606931e+01
-2.514649845608926881e+01
-2.519026955871083473e+01
-2.523407872316076705e+01
-2.527792594943906224e+01
-2.049250777999710493e+01
-2.052805419418617561e+01
-2.056363141116050031e+01
-2.059923943092008614e+01
-2.063487825346492954e+01
-2.067054787879503408e+01
-2.070624830691039620e+01
-2.074197953781101944e+01
-2.077774157149690026e+01
-1.505967608167738625e+01
-1.508559635032055013e+01
-1.511153890638300901e+01
-1.513750374986476643e+01
-1.516349088076582241e+01
-1.518950029908617516e+01
-1.521553200482582646e+01
-1.524158599798477454e+01
-1.526766227856301938e+01
-1.141719491705541323e+01
-1.143669482297694273e+01
-1.145621136704345666e+01
-1.147574454925495324e+01
-1.149529436961143603e+01
-1.151486082811290323e+01
-1.153444392475935310e+01
-1.155404365955078738e+01
-1.157366003248720610e+01
-1.298248892165454293e+01
-1.300449314016582214e+01
-1.302651599053019993e+01
-1.304855747274767985e+01
-1.307061758681825836e+01
-1.309269633274193723e+01
-1.311479371051871645e+01
-1.313690972014859781e+01
-1.315904436163157776e+01
-1.316017065491120697e+01
-1.318230719091610403e+01
-1.320446232905209705e+01
-1.322663606931918778e+01
-1.324882841171737446e+01
-1.327103935624665709e+01
-1.329326890290703744e+01
-1.331551705169851374e+01
-1.333778380262108598e+01
-2.027120739063280297e+01
-2.030504913919813248e+01
-2.033891911274141506e+01
-2.037281731126265072e+01
-2.040674373476183945e+01
-2.044069838323898480e+01
-2.047468125669407613e+01
-2.050869235512712407e+01
-2.054273167853812154e+01
-1.870826853630581255e+01
-1.873926815277027558e+01
-1.877029343116890558e+01
-1.880134437150169191e+01
-1.883242097376863455e+01
-1.886352323796973707e+01
-1.889465116410500301e+01
-1.892580475217442526e+01
-1.895698400217800739e+01
-3.297122244023873350e+01
-3.302545142451543825e+01
-3.307972496835195386e+01
-3.313404307174825902e+01
-3.318840573470436794e+01
-3.324281295722028062e+01
-3.329726473929598285e+01
-3.335176108093149594e+01
-3.340630198212680568e+01
-4.587832536016221496e+01
-4.595322874850533879e+01
-4.602819323259750917e+01
-4.610321881243874742e+01
-4.617830548802903934e+01
-4.625345325936838492e+01
-4.632866212645679127e+01
-4.640393208929425128e+01
-4.647926314788076496e+01
-5.653183111484945300e+01
-5.662345482816363074e+01
-5.671515273071936747e+01
-5.680692482251664188e+01
-5.689877110355547529e+01
-5.699069157383585349e+01
-5.708268623335778358e+01
-5.717475508212126556e+01
-5.726689812012629943e+01
-8.050754455602819348e+01
-8.063708203721246548e+01
-8.076672364820477412e+01
-8.089646938900510520e+01
-8.102631925961345871e+01
-8.115627326002983466e+01
-8.128633139025424725e+01
-8.141649365028668228e+01
-8.154676004012713975e+01
-1.082298152975912444e+02
-1.084027063763413992e+02
-1.085757354367984533e+02
-1.087489024789623926e+02
-1.089222075028332597e+02
-1.090956505084110262e+02
-1.092692314956956920e+02
-1.094429504646872431e+02
-1.096168074153857219e+02
-1.400065342851593471e+02
-1.402285906440573058e+02
-1.404508229588656150e+02
-1.406732312295843315e+02
-1.408958154562134268e+02
-1.411185756387529011e+02
-1.413415117772027543e+02
-1.415646238715629579e+02
-1.417879119218335688e+02
-1.724584631702585682e+02
-1.727300513012353633e+02
-1.730018531128816619e+02
-1.732738686051975208e+02
-1.735460977781829115e+02
-1.738185406318378341e+02
-1.740911971661622886e+02
-1.743640673811562465e+02
-1.746371512768197931e+02
-2.055081304750701463e+02
-2.058294879894955898e+02
-2.061510965644791895e+02
-2.064729562000209171e+02
-2.067950668961208009e+02
-2.071174286527788411e+02
-2.074400414699949806e+02
-2.077629053477692764e+02
-2.080860202861017569e+02
-2.366886165947901191e+02
-2.370561455025460020e+02
-2.374239595374607461e+02
-2.377920586995342944e+02
-2.381604429887667607e+02
-2.385291124051580312e+02
-2.388980669487081627e+02
-2.392673066194171270e+02
-2.396368314172849523e+02
-2.802114054572525106e+02
-2.806434970616584792e+02
-2.810759215563605267e+02
-2.815086789413588235e+02
-2.819417692166531992e+02
-2.823751923822437107e+02
-2.828089484381304715e+02
-2.832430373843133111e+02
-2.836774592207923433e+02
-3.127677740440712455e+02
-3.132467446015659789e+02
-3.137260816246747481e+02
-3.142057851133974964e+02
-3.146858550677342237e+02
-3.151662914876849300e+02
-3.156470943732496721e+02
-3.161282637244284501e+02
-3.166097995412211503e+02
-3.319856214692727576e+02
-3.324905425665644430e+02
-3.329958473425014631e+02
-3.335015357970838181e+02
-3.340076079303115648e+02
-3.345140637421846463e+02
-3.350209032327031764e+02
-3.355281264018669845e+02
-3.360357332496761273e+02
-3.574361740430824739e+02
-3.579761078407306627e+02
-3.585164491355845939e+02
-3.590571979276442676e+02
-3.595983542169097404e+02
-3.601399180033810126e+02
-3.606818892870579703e+02
-3.612242680679407840e+02
-3.617670543460293402e+02
-3.712373575748794678e+02
-3.717943528600630430e+02
-3.723517656829417319e+02
-3.729095960435154211e+02
-3.734678439417841673e+02
-3.740265093777479137e+02
-3.745855923514067172e+02
-3.751450928627605776e+02
-3.757050109118094952e+02
-3.752574713024659445e+02
-3.758167223774323702e+02
-3.763763898716653102e+02
-3.769364737851648215e+02
-3.774969741179308471e+02
-3.780578908699634439e+02
-3.786192240412625551e+02
-3.791809736318282376e+02
-3.797431396416604343e+02
-3.891377659139297407e+02
-3.897138395866372207e+02
-3.902903393493393764e+02
-3.908672652020361511e+02
-3.914446171447274310e+02
-3.920223951774133866e+02
-3.926005993000939611e+02
-3.931792295127690977e+02
-3.937582858154388532e+02
-3.830920456055059731e+02
-3.836554162608081811e+02
-3.842192008548726108e+02
-3.847833993876990917e+02
-3.853480118592877943e+02
-3.859130382696386619e+02
-3.864784786187516943e+02
-3.870443329066268348e+02
-3.876106011332641970e+02
-3.667616630804678266e+02
-3.672974726686058489e+02
-3.678336733586330070e+02
-3.683702651505493009e+02
-3.689072480443547875e+02
-3.694446220400494099e+02
-3.699823871376331681e+02
-3.705205433371061190e+02
-3.710590906384681489e+02
-3.513594407368191810e+02
-3.518693963837521892e+02
-3.523797218317344004e+02
-3.528904170807658716e+02
-3.534014821308466594e+02
-3.539129169819766503e+02
-3.544247216341559579e+02
-3.549368960873845253e+02
-3.554494403416623527e+02
-3.522377789329683537e+02
-3.527456920965343556e+02
-3.532539711917743261e+02
-3.537626162186882652e+02
-3.542716271772763434e+02
-3.547810040675383902e+02
-3.552907468894745193e+02
-3.558008556430846738e+02
-3.563113303283689106e+02
-3.349213183831923288e+02
-3.354011483522227195e+02
-3.358813217929560437e+02
-3.363618387053923016e+02
-3.368426990895315498e+02
-3.373239029453737317e+02
-3.378054502729188471e+02
-3.382873410721670098e+02
-3.387695753431180492e+02
-3.185879576673839892e+02
-3.190414636569460640e+02
-3.194952921969986619e+02
-3.199494432875416692e+02
-3.204039169285750859e+02
-3.208587131200989688e+02
-3.213138318621133180e+02
-3.217692731546180767e+02
-3.222250369976132447e+02
-2.984430922588692852e+02
-2.988652182733797531e+02
-2.992876426101619245e+02
-2.997103652692157993e+02
-3.001333862505414913e+02
-3.005567055541388299e+02
-3.009803231800079857e+02
-3.014042391281488449e+02
-3.018284533985614075e+02
-2.834620008663114277e+02
-2.838604014297215485e+02
-2.842590817688082439e+02
-2.846580418835714568e+02
-2.850572817740112441e+02
-2.854568014401276059e+02
-2.858566008819205422e+02
-2.862566800993899960e+02
-2.866570390925359675e+02
-2.457337329158809780e+02
-2.460769364534729675e+02
-2.464203794910912393e+02
-2.467640620287357081e+02
-2.471079840664064307e+02
-2.474521456041033787e+02
-2.477965466418265521e+02
-2.481411871795759509e+02
-2.484860672173516036e+02
-2.304548389819912302e+02
-2.307746930263798504e+02
-2.310947688835593112e+02
-2.314150665535295843e+02
-2.317355860362906981e+02
-2.320563273318426525e+02
-2.323772904401854476e+02
-2.326984753613190833e+02
-2.330198820952435597e+02
-2.201164783663606954e+02
-2.204200873020384392e+02
-2.207239054788848023e+02
-2.210279328968997845e+02
-2.213321695560834144e+02
-2.216366154564356634e+02
-2.219412705979565317e+02
-2.222461349806460191e+02
-2.225512086045041542e+02
-2.020269085863757255e+02
-2.023038474603803536e+02
-2.025809760185452717e+02
-2.028582942608704514e+02
-2.031358021873559210e+02
-2.034134997980016522e+02
-2.036913870928076449e+02
-2.039694640717739560e+02
-2.042477307349005287e+02
-1.732600990914737338e+02
-1.734961482727972566e+02
-1.737323581411060331e+02
-1.739687286964000350e+02
-1.742052599386793190e+02
-1.744419518679438283e+02
-1.746788044841935630e+02
-1.749158177874285798e+02
-1.751529917776488219e+02
-1.656006726979338737e+02
-1.658249119297523464e+02
-1.660493028795896180e+02
-1.662738455474457169e+02
-1.664985399333206715e+02
-1.667233860372143965e+02
-1.669483838591269773e+02
-1.671735333990583854e+02
-1.673988346570085639e+02
-1.457296279596503439e+02
-1.459257647402151576e+02
-1.461220334217755976e+02
-1.463184340043317491e+02
-1.465149664878835836e+02
-1.467116308724310727e+02
-1.469084271579742449e+02
-1.471053553445131001e+02
-1.473024154320476100e+02
-1.264496835424198906e+02
-1.266188469986639120e+02
-1.267881235320845974e+02
-1.269575131426819041e+02
-1.271270158304558322e+02
-1.272966315954064100e+02
-1.274663604375336234e+02
-1.276362023568374724e+02
-1.278061573533179427e+02
-1.063063337628474301e+02
-1.064476985683831174e+02
-1.065891573040221658e+02
-1.067307099697645612e+02
-1.068723565656103034e+02
-1.070140970915593925e+02
-1.071559315476118144e+02
-1.072978599337675973e+02
-1.074398822500267130e+02
-1.075819984963891898e+02
-1.077242086728549992e+02
-1.078665127794241698e+02
-1.080089108160966731e+02
-1.081514027828725233e+02
-1.082939886797517204e+02
-1.084366685067342786e+02
-1.085794422638201695e+02
-7.188110888045633828e+01
-7.197562710383628826e+01
-7.207020742854565754e+01
-7.216484985458446033e+01
-7.225955438195268243e+01
-7.235432101065032384e+01
-7.244914974067739877e+01
-7.254404057203387879e+01
-7.263899350471977812e+01
-7.273400853873511096e+01
-7.282908567407986311e+01
-7.292422491075404878e+01
-7.301942624875763954e+01
-7.311468968809066382e+01
-7.321001522875309320e+01
-7.330540287074495609e+01
-7.340085261406623829e+01
-5.222789012862437374e+01
-5.229580676078123247e+01
-5.236376752330336615e+01
-5.243177241619077478e+01
-5.249982143944345836e+01
-5.256791459306140979e+01
-5.263605187704463617e+01
-5.270423329139313751e+01
-5.277245883610692090e+01
-5.284072851118597214e+01
-5.290904231663029833e+01
-5.297740025243989948e+01
-5.304580231861477557e+01
-5.311424851515491952e+01
-5.318273884206033841e+01
-5.325127329933103226e+01
-5.331985188696700817e+01
-4.824920255080161979e+01
-4.831125940295699195e+01
-4.837335613740808782e+01
-4.843549275415492161e+01
-4.849766925319747912e+01
-4.855988563453577456e+01
-4.862214189816979371e+01
-4.868443804409954367e+01
-4.874677407232502446e+01
-4.880914998284622897e+01
-4.887156577566317139e+01
-4.893402145077584464e+01
-4.899651700818424160e+01
-4.905905244788836228e+01
-4.912162776988822088e+01
-4.918424297418381030e+01
-4.924689806077513055e+01
-5.931056105168671877e+01
-5.938601978076011534e+01
-5.946152648105351091e+01
-5.953708115256692679e+01
-5.961268379530034167e+01
-5.968833440925376976e+01
-5.976403299442719685e+01
-5.983977955082064426e+01
-5.991557407843409777e+01
-5.999141657726755739e+01
-6.006730704732103021e+01
-6.014324548859450914e+01
-6.021923190108799417e+01
-6.029526628480149242e+01
-6.037134863973498966e+01
-6.044747896588850011e+01
-6.052365726326202378e+01
-6.502409335048125172e+01
-6.510593613632201482e+01
-6.518783039561297699e+01
-6.526977612835416664e+01
-6.535177333454555537e+01
-6.543382201418717159e+01
-6.551592216727900109e+01
-6.559807379382104386e+01
-6.568027689381329992e+01
-6.576253146725576926e+01
-6.584483751414846608e+01
-6.592719503449136198e+01
-6.600960402828447116e+01
-6.609206449552780782e+01
-6.617457643622134356e+01
-6.625713985036510678e+01
-6.633975473795906908e+01
-7.234629085278814387e+01
-7.243638586007679692e+01
-7.252653693146457670e+01
-7.261674406695146899e+01
-7.270700726653748802e+01
-7.279732653022263378e+01
-7.288770185800689205e+01
-7.297813324989027706e+01
-7.306862070587278879e+01
-7.315916422595439883e+01
-7.324976381013516402e+01
-7.334041945841502752e+01
-7.343113117079401775e+01
-7.352189894727213471e+01
-7.361272278784936418e+01
-7.370360269252573460e+01
-7.379453866130120332e+01
-8.206461306081337170e+01
-8.216574012558332640e+01
-8.226692946071335655e+01
-8.236818106620346214e+01
-8.246949494205364317e+01
-8.257087108826391386e+01
-8.267230950483427421e+01
-8.277381019176469579e+01
-8.287537314905520702e+01
-8.297699837670579370e+01
-8.307868587471647004e+01
-8.318043564308720761e+01
-8.328224768181803483e+01
-8.338412199090895172e+01
-8.348605857035994404e+01
-8.358805742017101181e+01
-8.369011854034215503e+01
-9.520962933009278117e+01
-9.532573863415387905e+01
-9.544191869342768086e+01
-9.555816950791418662e+01
-9.567449107761342475e+01
-9.579088340252535261e+01
-9.590734648265001283e+01
-9.602388031798737700e+01
-9.614048490853744511e+01
-9.625716025430023137e+01
-9.637390635527573579e+01
-9.649072321146394415e+01
-9.660761082286488488e+01
-9.672456918947850113e+01
-9.684159831130486396e+01
-9.695869818834391651e+01
-9.707586882059570144e+01
-6.950865161227083888e+01
-6.959254859671533211e+01
-6.967649618247735077e+01
-6.976049436955689487e+01
-6.984454315795395019e+01
-6.992864254766853094e+01
-7.001279253870062291e+01
-7.009699313105024032e+01
-7.018124432471735474e+01
-7.026554611970200881e+01
-7.034989851600415989e+01
-7.043430151362385061e+01
-7.051875511256105256e+01
-7.060325931281576572e+01
-7.068781411438799012e+01
-7.077241951727775415e+01
-7.085707552148501520e+01
-3.715001476250150603e+01
-3.719439948742683555e+01
-3.723881071069540383e+01
-3.728324843230721086e+01
-3.732771265226225665e+01
-3.737220337056054831e+01
-3.741672058720207161e+01
-3.746126430218683367e+01
-3.750583451551484160e+01
-3.755043122718608117e+01
-3.759505443720056661e+01
-3.763970414555828370e+01
-3.768438035225924665e+01
-3.772908305730344125e+01
-3.777381226069087461e+01
-3.781856796242156094e+01
-3.786335016249547181e+01
1.464807009859348808e-01
1.466539484146586469e-01
1.468272982354797696e-01
1.470007504483982208e-01
1.471743050534140562e-01
1.473479620505272203e-01
1.475217214397377408e-01
1.476955832210456177e-01
1.478695473944508509e-01
1.480436139599534406e-01
1.482177829175533867e-01
1.483920542672506893e-01
1.485664280090453482e-01
1.487409041429373635e-01
1.489154826689267352e-01
1.490901635870134356e-01
1.492649468971975202e-01
5.306952638530083277e+01
5.313166868785973662e+01
5.319384735221065341e+01
5.325606237835358314e+01
5.331831376628854002e+01
5.338060151601551695e+01
5.344292562753450682e+01
5.350528610084551673e+01
5.356768293594853958e+01
5.363011613284358248e+01
5.369258569153065253e+01
5.375509161200972841e+01
5.381763389428083144e+01
5.388021253834394741e+01
5.394282754419908343e+01
5.400547891184623950e+01
5.406816664128540850e+01
9.877726510167532581e+01
9.889178946701058237e+01
9.900638018481708968e+01
9.912103725509481933e+01
9.923576067784377130e+01
9.935055045306395982e+01
9.946540658075535646e+01
9.958032906091798964e+01
9.969531789355184515e+01
9.981037307865690877e+01
9.992549461623322316e+01
1.000406825062807457e+02
1.001559367487995047e+02
1.002712573437894861e+02
1.003866442912507040e+02
1.005020975911831300e+02
1.006176172435867926e+02
1.435936610921975216e+02
1.437585217823148582e+02
1.439234770568786246e+02
1.440885269158887922e+02
1.442536713593453896e+02
1.444189103872484168e+02
1.445842439995978737e+02
1.447496721963937603e+02
1.449151949776360766e+02
1.450808123433247943e+02
1.452465242934599416e+02
1.454123308280415188e+02
1.455782319470695256e+02
1.457442276505439338e+02
1.459103179384648001e+02
1.460765028108320678e+02
1.462427822676457652e+02
2.031194121587993777e+02
2.033503608934881868e+02
2.035814408490489598e+02
2.038126520254817535e+02
2.040439944227864828e+02
2.042754680409632044e+02
2.045070728800119184e+02
2.047388089399326248e+02
2.049706762207252950e+02
2.052026747223899577e+02
2.054348044449265842e+02
2.056670653883352031e+02
2.058994575526158144e+02
2.061319809377684180e+02
2.063646355437929856e+02
2.065974213706895171e+02
2.068303384184580693e+02
2.376440587835446934e+02
2.379116759668594909e+02
2.381794437507276427e+02
2.384473621351491772e+02
2.387154311201240375e+02
2.389836507056522805e+02
2.392520208917338493e+02
2.395205416783688008e+02
2.397892130655571066e+02
2.400580350532987666e+02
2.403270076415937808e+02
2.405961308304421209e+02
2.408654046198438721e+02
2.411348290097989491e+02
2.414044040003073803e+02
2.416741295913691658e+02
2.419440057829843340e+02
2.714596274713246657e+02
2.717624268326981678e+02
2.720653949785540249e+02
2.723685319088922370e+02
2.726718376237128609e+02
2.729753121230158399e+02
2.732789554068011171e+02
2.735827674750688630e+02
2.738867483278189070e+02
2.741908979650513629e+02
2.744952163867662307e+02
2.747997035929633967e+02
2.751043595836429176e+02
2.754091843588049073e+02
2.757141779184491384e+02
2.760193402625758381e+02
2.763246713911848929e+02
2.800689648739510744e+02
2.803784333434250016e+02
2.806880726955436671e+02
2.809978829303069574e+02
2.813078640477149293e+02
2.816180160477675258e+02
2.819283389304648040e+02
2.822388326958067069e+02
2.825494973437932913e+02
2.828603328744245573e+02
2.831713392877003912e+02
2.834825165836209635e+02
2.837938647621861605e+02
2.841053838233960391e+02
2.844170737672505425e+02
2.847289345937497274e+02
2.850409663028935938e+02
2.750645955386366950e+02
2.753657062069876815e+02
2.756669815967108548e+02
2.759684217078062147e+02
2.762700265402737614e+02
2.765717960941134947e+02
2.768737303693254148e+02
2.771758293659095216e+02
2.774780930838657582e+02
2.777805215231942384e+02
2.780831146838949053e+02
2.783858725659677020e+02
2.786887951694127423e+02
2.789918824942299125e+02
2.792951345404193262e+02
2.795985513079808698e+02
2.799021327969146000e+02
2.782083836294370371e+02
2.785101280802281281e+02
2.788120360781470595e+02
2.791141076231938314e+02
2.794163427153683870e+02
2.797187413546707262e+02
2.800213035411009059e+02
2.803240292746588125e+02
2.806269185553445595e+02
2.809299713831580902e+02
2.812331877580994615e+02
2.815365676801686163e+02
2.818401111493655549e+02
2.821438181656902771e+02
2.824476887291428397e+02
2.827517228397231861e+02
2.830559204974313161e+02
2.394711005663363608e+02
2.397284580091803718e+02
2.399859536676220273e+02
2.402435875416613555e+02
2.405013596312983282e+02
2.407592699365329452e+02
2.410173184573652634e+02
2.412755051937951976e+02
2.415338301458228329e+02
2.417922933134481127e+02
2.420508946966710369e+02
2.423096342954916622e+02
2.425685121099099035e+02
2.428275281399258176e+02
2.430866823855394045e+02
2.433459748467506643e+02
2.436054055235595399e+02
2.186648741383900756e+02
2.188977440788995636e+02
2.191307379523204020e+02
2.193638557586526758e+02
2.195970974978963000e+02
2.198304631700513596e+02
2.200639527751177980e+02
2.202975663130956150e+02
2.205313037839848391e+02
2.207651651877854704e+02
2.209991505244974803e+02
2.212332597941208974e+02
2.214674929966556931e+02
2.217018501321018960e+02
2.219363312004595059e+02
2.221709362017284661e+02
2.224056651359088335e+02
1.741232532004844984e+02
1.743070244439678333e+02
1.744908926132125373e+02
1.746748577082185534e+02
1.748589197289859101e+02
1.750430786755146073e+02
1.752273345478046167e+02
1.754116873458559667e+02
1.755961370696686288e+02
1.757806837192426599e+02
1.759653272945779747e+02
1.761500677956746586e+02
1.763349052225326545e+02
1.765198395751519911e+02
1.767048708535326398e+02
1.768899990576746575e+02
1.770752241875779589e+02
1.441818780918576692e+02
1.443326959559704790e+02
1.444835926584858896e+02
1.446345681994038443e+02
1.447856225787243716e+02
1.449367557964474713e+02
1.450879678525731151e+02
1.452392587471013599e+02
1.453906284800321487e+02
1.455420770513655100e+02
1.456936044611014438e+02
1.458452107092399501e+02
1.459968957957810289e+02
1.461486597207246518e+02
1.463005024840708757e+02
1.464524240858196436e+02
1.466044245259709840e+02
1.212373636582795200e+02
1.213630633613985168e+02
1.214888281938973762e+02
1.216146581557760840e+02
1.217405532470346543e+02
1.218665134676730872e+02
1.219925388176913543e+02
1.221186292970894840e+02
1.222447849058674620e+02
1.223710056440253027e+02
1.224972915115629917e+02
1.226236425084805575e+02
1.227500586347779574e+02
1.228765398904552058e+02
1.230030862755123309e+02
1.231296977899492759e+02
1.232563744337661120e+02
1.087295167058877894e+02
1.088412633828722562e+02
1.089530674541438202e+02
1.090649289197024814e+02
1.091768477795482539e+02
1.092888240336811378e+02
1.094008576821010905e+02
1.095129487248081830e+02
1.096250971618023442e+02
1.097373029930836026e+02
1.098495662186519866e+02
1.099618868385074535e+02
1.100742648526500318e+02
1.101867002610797073e+02
1.102991930637964657e+02
1.104117432608003497e+02
1.105243508520913167e+02
9.813505348444704168e+01
9.823503825620908003e+01
9.833507393671439445e+01
9.843516052596295651e+01
9.853529802395478043e+01
9.863548643068986621e+01
9.873572574616819963e+01
9.883601597038980913e+01
9.893635710335466626e+01
9.903674914506278526e+01
9.913719209551416611e+01
9.923768595470882303e+01
9.933823072264671339e+01
9.943882639932787981e+01
9.953947298475229388e+01
9.964017047891998402e+01
9.974091888183092180e+01
8.812579521672887495e+01
8.821481117149325257e+01
8.830387206111615228e+01
8.839297788559761671e+01
8.848212864493758900e+01
8.857132433913611180e+01
8.866056496819318511e+01
8.874985053210878050e+01
8.883918103088292639e+01
8.892855646451560858e+01
8.901797683300682706e+01
8.910744213635658184e+01
8.919695237456487291e+01
8.928650754763170028e+01
8.937610765555707815e+01
8.946575269834099231e+01
8.955544267598342856e+01
5.899931550275391601e+01
5.905840345017781345e+01
5.911752097114895577e+01
5.917666806566736426e+01
5.923584473373303183e+01
5.929505097534595848e+01
5.935428679050614420e+01
5.941355217921359611e+01
5.947284714146829288e+01
5.953217167727025583e+01
5.959152578661947786e+01
5.965090946951595896e+01
5.971032272595970625e+01
5.976976555595070550e+01
5.982923795948896384e+01
5.988873993657448125e+01
5.994827148720726484e+01
9.762620610672324517e+01
9.772315367981829581e+01
9.782014936585285625e+01
9.791719316482691227e+01
9.801428507674047808e+01
9.811142510159353947e+01
9.820861323938611065e+01
9.830584949011816320e+01
9.840313385378972555e+01
9.850046633040081190e+01
9.859784691995136541e+01
9.869527562244144292e+01
9.879275243787101601e+01
9.889027736624008469e+01
9.898785040754866316e+01
9.908547156179673721e+01
9.918314082898432105e+01
9.928085820911140047e+01
9.937862370217797547e+01
9.947643730818404606e+01
9.957429902712962644e+01
9.967220885901471661e+01
9.977016680383930236e+01
9.986817286160338369e+01
9.996622703230697482e+01
1.000643293159500615e+02
1.001624797125326438e+02
1.002606782220547359e+02
1.003589248445163378e+02
1.004572195799174352e+02
1.005555624282580283e+02
1.006539533895381169e+02
1.007523924637577153e+02
1.290810711851407575e+02
1.292071884994398658e+02
1.293333673944588611e+02
1.294596078701977149e+02
1.295859099266564272e+02
1.297122735638350548e+02
1.298386987817335125e+02
1.299651855803518572e+02
1.300917339596900888e+02
1.302183439197481789e+02
1.303450154605261559e+02
1.304717485820239915e+02
1.305985432842416856e+02
1.307253995671792666e+02
1.308523174308367345e+02
1.309792968752140609e+02
1.311063379003112743e+02
1.312334405061283178e+02
1.313606046926652766e+02
1.314878304599220940e+02
1.316151178078987982e+02
1.317424667365953610e+02
1.318698772460117823e+02
1.319973493361480905e+02
1.321248830070042857e+02
1.322524782585803393e+02
1.323801350908762515e+02
1.325078535038920506e+02
1.326356334976277367e+02
1.327634750720832812e+02
1.328913782272587127e+02
1.330193429631540027e+02
1.331473692797691513e+02
1.427624403497619880e+02
1.428997119270213716e+02
1.430370494685177789e+02
1.431744529742512100e+02
1.433119224442216932e+02
1.434494578784292003e+02
1.435870592768737311e+02
1.437247266395553140e+02
1.438624599664739208e+02
1.440002592576295228e+02
1.441381245130222055e+02
1.442760557326518551e+02
1.444140529165185853e+02
1.445521160646223393e+02
1.446902451769631170e+02
1.448284402535409185e+02
1.449667012943557722e+02
1.451050282994076213e+02
1.452434212686965225e+02
1.453818802022224475e+02
1.455204050999854246e+02
1.456589959619853971e+02
1.457976527882224218e+02
1.459363755786964703e+02
1.460751643334075425e+02
1.462140190523556385e+02
1.463529397355407866e+02
1.464919263829629301e+02
1.466309789946221258e+02
1.467700975705183737e+02
1.469092821106516169e+02
1.470485326150218839e+02
1.471878490836292031e+02
1.513315783693844310e+02
1.514748169669891524e+02
1.516181233217355953e+02
1.517614974336237594e+02
1.519049393026536450e+02
1.520484489288252803e+02
1.521920263121386085e+02
1.523356714525936582e+02
1.524793843501904576e+02
1.526231650049289499e+02
1.527670134168091920e+02
1.529109295858311555e+02
1.530549135119948403e+02
1.531989651953002465e+02
1.533430846357473740e+02
1.534872718333362229e+02
1.536315267880668216e+02
1.537758494999391132e+02
1.539202399689531546e+02
1.540646981951088890e+02
1.542092241784063731e+02
1.543538179188455786e+02
1.544984794164264770e+02
1.546432086711491252e+02
1.547880056830134947e+02
1.549328704520196140e+02
1.550778029781674263e+02
1.552228032614569599e+02
1.553678713018882434e+02
1.555130070994612197e+02
1.556582106541759458e+02
1.558034819660323933e+02
1.559488210350305621e+02
1.447339195244843779e+02
1.448688066815435604e+02
1.450037566644793117e+02
1.451387694732916884e+02
1.452738451079806339e+02
1.454089835685462049e+02
1.455441848549883730e+02
1.456794489673071382e+02
1.458147759055025006e+02
1.459501656695744600e+02
1.460856182595230166e+02
1.462211336753481703e+02
1.463567119170499211e+02
1.464923529846282975e+02
1.466280568780832425e+02
1.467638235974148131e+02
1.468996531426229808e+02
1.470355455137077172e+02
1.471715007106690791e+02
1.473075187335070382e+02
1.474435995822215943e+02
1.475797432568127476e+02
1.477159497572804980e+02
1.478522190836248456e+02
1.479885512358458186e+02
1.481249462139433604e+02
1.482614040179175277e+02
1.483979246477682636e+02
1.485345081034956252e+02
1.486711543850995838e+02
1.488078634925801396e+02
1.489446354259372640e+02
1.490814701851710424e+02
1.288807189397665809e+02
1.289990123945070764e+02
1.291173601123001902e+02
1.292357620931459508e+02
1.293542183370443297e+02
1.294727288439953554e+02
1.295912936139990279e+02
1.297099126470553188e+02
1.298285859431642564e+02
1.299473135023258124e+02
1.300660953245400151e+02
1.301849314098068078e+02
1.303038217581263041e+02
1.304227663694983619e+02
1.305417652439230949e+02
1.306608183814004462e+02
1.307799257819304444e+02
1.308990874455130893e+02
1.310183033721483241e+02
1.311375735618362341e+02
1.312568980145767341e+02
1.313762767303699093e+02
1.314957097092157028e+02
1.316151969511141147e+02
1.317347384560651733e+02
1.318543342240688503e+02
1.319739842551252025e+02
1.320936885492341446e+02
1.322134471063957335e+02
1.323332599266099692e+02
1.324531270098768232e+02
1.325730483561962956e+02
1.326930239655684431e+02
1.085834420340971747e+02
1.086816187447970776e+02
1.087798398191258542e+02
1.088781052570835186e+02
1.089764150586700424e+02
1.090747692238854540e+02
1.091731677527297251e+02
1.092716106452028839e+02
1.093700979013049164e+02
1.094686295210358224e+02
1.095672055043956021e+02
1.096658258513842554e+02
1.097644905620017823e+02
1.098631996362481971e+02
1.099619530741234712e+02
1.100607508756276331e+02
1.101595930407606545e+02
1.102584795695225495e+02
1.103574104619133323e+02
1.104563857179329887e+02
1.105554053375815187e+02
1.106544693208589223e+02
1.107535776677651995e+02
1.108527303783003504e+02
1.109519274524643748e+02
1.110511688902572871e+02
1.111504546916790588e+02
1.112497848567297041e+02
1.113491593854092372e+02
1.114485782777176439e+02
1.115480415336549100e+02
1.116475491532210640e+02
1.117471011364160915e+02
9.361287045042175237e+01
9.369626721697001415e+01
9.377970111475895010e+01
9.386317214378854601e+01
9.394668030405881609e+01
9.403022559556977455e+01
9.411380801832139298e+01
9.419742757231368557e+01
9.428108425754663813e+01
9.436477807402026485e+01
9.444850902173456575e+01
9.453227710068955503e+01
9.461608231088520427e+01
9.469992465232151346e+01
9.478380412499849683e+01
9.486772072891616858e+01
9.495167446407450029e+01
9.503566533047350617e+01
9.511969332811318623e+01
9.520375845699352624e+01
9.528786071711454042e+01
9.537200010847624299e+01
9.545617663107860551e+01
9.554039028492162799e+01
9.562464107000533886e+01
9.570892898632970969e+01
9.579325403389475468e+01
9.587761621270047385e+01
9.596201552274686719e+01
9.604645196403393470e+01
9.613092553656166217e+01
9.621543624033007802e+01
9.629998407533915383e+01
7.811392505970474076e+01
7.818250620549902408e+01
7.825111744394176583e+01
7.831975877503295180e+01
7.838843019877255358e+01
7.845713171516061379e+01
7.852586332419711823e+01
7.859462502588205268e+01
7.866341682021541715e+01
7.873223870719724005e+01
7.880109068682749296e+01
7.886997275910619010e+01
7.893888492403331725e+01
7.900782718160890283e+01
7.907679953183291843e+01
7.914580197470536405e+01
7.921483451022626809e+01
7.928389713839560216e+01
7.935298985921336623e+01
7.942211267267958874e+01
7.949126557879424126e+01
7.956044857755733801e+01
7.962966166896886477e+01
7.969890485302883576e+01
7.976817812973725097e+01
7.983748149909411040e+01
7.990681496109939985e+01
7.997617851575313352e+01
8.004557216305529721e+01
8.011499590300591933e+01
8.018444973560497147e+01
8.025393366085245361e+01
8.032344767874839420e+01
7.503860634125155116e+01
7.510354671887272104e+01
7.516851518489249884e+01
7.523351173931091296e+01
7.529853638212793498e+01
7.536358911334360755e+01
7.542866993295790223e+01
7.549377884097080482e+01
7.555891583738234374e+01
7.562408092219250477e+01
7.568927409540128792e+01
7.575449535700870740e+01
7.581974470701473479e+01
7.588502214541939850e+01
7.595032767222268433e+01
7.601566128742459227e+01
7.608102299102513655e+01
7.614641278302428873e+01
7.621183066342209145e+01
7.627727663221850207e+01
7.634275068941353481e+01
7.640825283500718967e+01
7.647378306899948086e+01
7.653934139139039416e+01
7.660492780217992959e+01
7.667054230136810133e+01
7.673618488895488099e+01
7.680185556494029697e+01
7.686755432932433507e+01
7.693328118210699529e+01
7.699903612328829183e+01
7.706481915286819628e+01
7.713063027084673706e+01
7.346551651864582766e+01
7.352820040646037114e+01
7.359091102514391025e+01
7.365364837469645920e+01
7.371641245511803220e+01
7.377920326640858661e+01
7.384202080856815087e+01
7.390486508159672496e+01
7.396773608549429468e+01
7.403063382026086003e+01
7.409355828589644943e+01
7.415650948240103446e+01
7.421948740977461512e+01
7.428249206801721982e+01
7.434552345712880594e+01
7.440858157710941612e+01
7.447166642795902192e+01
7.453477800967762334e+01
7.459791632226524882e+01
7.466108136572185572e+01
7.472427314004747245e+01
7.478749164524209903e+01
7.485073688130573544e+01
7.491400884823836748e+01
7.497730754604000936e+01
7.504063297471064686e+01
7.510398513425029421e+01
7.516736402465893718e+01
7.523076964593660421e+01
7.529420199808325265e+01
7.535766108109891093e+01
7.542114689498359326e+01
7.548465943973725700e+01
7.014326622244395537e+01
7.020228453647209221e+01
7.026132766896702719e+01
7.032039561992874610e+01
7.037948838935726315e+01
7.043860597725256412e+01
7.049774838361466323e+01
7.055691560844353205e+01
7.061610765173921322e+01
7.067532451350167833e+01
7.073456619373094156e+01
7.079383269242698873e+01
7.085312400958981982e+01
7.091244014521944905e+01
7.097178109931586221e+01
7.103114687187907350e+01
7.109053746290906872e+01
7.114995287240586208e+01
7.120939310036943937e+01
7.126885814679981479e+01
7.132834801169697414e+01
7.138786269506093163e+01
7.144740219689167304e+01
7.150696651718919838e+01
7.156655565595352186e+01
7.162616961318464348e+01
7.168580838888254902e+01
7.174547198304723850e+01
7.180516039567872610e+01
7.186487362677701185e+01
7.192461167634208152e+01
7.198437454437393512e+01
7.204416223087258686e+01
5.667601113671268109e+01
5.672304517085103015e+01
5.677009871309147115e+01
5.681717176343400411e+01
5.686426432187862190e+01
5.691137638842533164e+01
5.695850796307413333e+01
5.700565904582501986e+01
5.705282963667799834e+01
5.710001973563306876e+01
5.714722934269022403e+01
5.719445845784947124e+01
5.724170708111081751e+01
5.728897521247423441e+01
5.733626285193975747e+01
5.738356999950736537e+01
5.743089665517705811e+01
5.747824281894884990e+01
5.752560849082272654e+01
5.757299367079868802e+01
5.762039835887674855e+01
5.766782255505689392e+01
5.771526625933912413e+01
5.776272947172344630e+01
5.781021219220986751e+01
5.785771442079837357e+01
5.790523615748896447e+01
5.795277740228165442e+01
5.800033815517642211e+01
5.804791841617328885e+01
5.809551818527224043e+01
5.814313746247328396e+01
5.819077624777641233e+01
4.983580118300453421e+01
4.987660003784121443e+01
4.991741558615368746e+01
4.995824782794195329e+01
4.999909676320601193e+01
5.003996239194585627e+01
5.008084471416150052e+01
5.012174372985293047e+01
5.016265943902016033e+01
5.020359184166317590e+01
5.024454093778199137e+01
5.028550672737659255e+01
5.032648921044699364e+01
5.036748838699318043e+01
5.040850425701516002e+01
5.044953682051293953e+01
5.049058607748649763e+01
5.053165202793586275e+01
5.057273467186101357e+01
5.061383400926195719e+01
5.065495004013869362e+01
5.069608276449122286e+01
5.073723218231953780e+01
5.077839829362365265e+01
5.081958109840356030e+01
5.086078059665925366e+01
5.090199678839074693e+01
5.094322967359803300e+01
5.098447925228110478e+01
5.102574552443996936e+01
5.106702849007463385e+01
5.110832814918508404e+01
5.114964450177132704e+01
4.197794021123559816e+01
4.201184807893449857e+01
4.204576963572007031e+01
4.207970488159232048e+01
4.211365381655124907e+01
4.214761644059685608e+01
4.218159275372914152e+01
4.221558275594809828e+01
4.224958644725373347e+01
4.228360382764604708e+01
4.231763489712503912e+01
4.235167965569070958e+01
4.238573810334305136e+01
4.241981024008207868e+01
4.245389606590777731e+01
4.248799558082014727e+01
4.252210878481920275e+01
4.255623567790492956e+01
4.259037626007734190e+01
4.262453053133642555e+01
4.265869849168218053e+01
4.269288014111462104e+01
4.272707547963373997e+01
4.276128450723952312e+01
4.279550722393199891e+01
4.282974362971113891e+01
4.286399372457696444e+01
4.289825750852946840e+01
4.293253498156863657e+01
4.296682614369449027e+01
4.300113099490702240e+01
4.303544953520623295e+01
4.306978176459211483e+01
