2.309764999464879089e-03
2.997542131206272151e-03
7.223216401663776209e-03
1.207762312312768774e-02
2.715759392086652957e-02
3.649890181212157164e-02
3.915236433097794844e-02
6.506788507023864021e-02
9.457898251862681405e-02
8.169412888030866404e-02
1.322404332792925241e-01
1.685574732308822987e-01
1.801035528243657147e-01
1.921196959508467972e-01
4.884588151667056399e-01
6.721676246810098787e-01
8.523266223007158748e-01
1.091221480893087348e+00
1.299261069924794620e+00
1.480065849128695321e+00
1.697645690716262257e+00
1.759471315752243692e+00
1.935596637942747611e+00
1.827699026901794310e+00
1.760097215764201417e+00
1.664539209228361516e+00
1.325579436032700453e+00
9.096143726256878947e-01
7.243246971691090774e-01
4.078415886024839843e-01
2.194196380404314639e-01
-1.790845677320823670e-01
3.305343395624477792e-02
9.407119699242585953e-02
1.505029666027541679e-01
6.758612003031174709e-01
7.041541990489551539e-01
1.497755576682435752e+00
1.548814493593710484e+00
2.781226050258919447e+00
3.858020728353634521e+00
6.285892112875655080e+00
7.134103152222024846e+00
8.589935699799276847e+00
9.608421909602000710e+00
8.762007441768684401e+00
8.351120545224899772e+00
7.659856163847921451e+00
5.847803536965664684e+00
5.099439108342302518e+00
4.251143885891809582e+00
2.756028957311204675e+00
7.714881522905608913e-02
-2.226286710053731355e+00
-2.788990738689442472e-01
2.958457522283897134e+00
1.754164588769605793e+00
5.240589887401396751e+00
7.163404315120210697e+00
7.647053805508520874e+00
9.562296150202046263e+00
1.057321923602858682e+01
1.294631777992924704e+01
1.227158697798020626e+01
1.169553475608201154e+01
9.957787577796970879e+00
3.219347336342655463e+00
-3.626310370362979985e+00
-1.409833622935618536e+01
-2.191566847816756791e+01
-3.670984689535573153e+01
-5.245058981765286177e+01
-6.695033578646960848e+01
-7.605014122930596443e+01
-1.034453580762094873e+02
-1.153948514925593543e+02
-1.453735111336918635e+02
-1.586971810483853176e+02
-1.856156516620512775e+02
-2.179813045857068232e+02
-2.332833590759778417e+02
-2.556636985172138452e+02
-2.687222314825459080e+02
-2.908388217946886698e+02
-3.075491913441622955e+02
-3.085743613003850214e+02
-3.174309331514396604e+02
-3.125056036252653371e+02
-3.077237698850847778e+02
-3.108582174501432860e+02
-2.955867978041602555e+02
-2.898328487029325515e+02
-2.923805195891013682e+02
-2.757456620228686575e+02
-2.651719480608164758e+02
-2.601467926059966658e+02
-2.583069438987295712e+02
-2.470752651372870616e+02
-2.503019246363986952e+02
-2.578964102363997313e+02
-2.614517463322540038e+02
-2.653565692049963332e+02
-3.024627585968781887e+02
-3.059910754060338718e+02
-3.270261101777626322e+02
-3.522092152356598262e+02
-3.905508827112686276e+02
-4.075763362321046657e+02
-4.485083598245807934e+02
-4.935718329699599849e+02
-4.934469557120512491e+02
-5.661863288546471722e+02
-5.974576803013046629e+02
-6.403524100054426071e+02
-6.708668417815287057e+02
-7.033908703573829371e+02
-7.536284223248046601e+02
-7.757721702135645501e+02
-7.543021927408826741e+02
-7.362510789288139677e+02
-6.799872108956577677e+02
-7.029683541486167542e+02
-6.597108822267474579e+02
-6.200223071825998886e+02
-5.937413632127061192e+02
-5.590116618283142316e+02
-5.048263703618205795e+02
-5.045334312045742990e+02
-4.687514200801091988e+02
-4.502998124363202237e+02
-4.163926695544926133e+02
-4.089192651195030521e+02
-3.924637481677798974e+02
-3.831166860595491812e+02
-4.220913540481953419e+02
-4.609236814334361725e+02
-5.297346556006303899e+02
-5.317855927862098042e+02
-6.543444239161949554e+02
-7.683267955457764629e+02
-8.108803038882906549e+02
-1.013249884877114141e+03
-1.176559266641516615e+03
-1.362603855491710874e+03
-1.538303531594271135e+03
-1.732117594998858522e+03
-1.840757448087950252e+03
-2.119540696830149955e+03
-2.267892741064141774e+03
-2.340980747765248452e+03
-2.473286337825109968e+03
-2.480881335327241686e+03
-2.511107678084848430e+03
-2.564932883580005182e+03
-2.535032039578228705e+03
-2.399332583546824026e+03
-2.244736423159566129e+03
-2.311826920945258735e+03
-2.183374444198201218e+03
-2.061603861562994553e+03
-1.965789148666247229e+03
-1.889691362326546141e+03
-1.620282259395751908e+03
-1.498956921712178428e+03
-1.519505200345050071e+03
-1.404939605842273295e+03
-1.262133796546943813e+03
-1.238136516624159640e+03
-1.161753013221792116e+03
-1.018187524780743956e+03
-1.782424114775027647e+03
-1.416516902543611650e+03
-1.233464260605034724e+03
-1.246767357227705588e+03
-1.260419301136841341e+03
-1.231726324026339171e+03
-1.060415501652101057e+03
-8.210399006063303204e+02
-6.991412844519561531e+02
-4.991696271287580799e+01
4.580679055014250594e+02
9.026327542597809952e+02
1.682547208521959192e+03
2.142778870160493625e+03
2.674728643685578390e+03
3.340858212594308498e+03
3.602806283475646524e+03
4.016559356903165281e+03
3.960906622361933842e+03
3.745635441208064094e+03
3.960314823029396393e+03
3.535518504818088786e+03
3.241994618455672480e+03
2.779684881281256366e+03
2.659718696337670281e+03
2.421449955338941891e+03
2.331843533395682698e+03
2.322940817220306144e+03
2.004647146830757720e+03
1.501966377583591793e+03
3.960549304531009966e+03
4.377671856719505740e+03
4.306247731111961912e+03
4.238657349275500565e+03
3.809631058981377464e+03
3.266776550917910299e+03
2.750019390771772123e+03
2.397591969042032360e+03
1.935114481588953367e+03
1.879443207314719984e+03
1.858248815981189409e+03
1.604099674898037392e+03
1.261381676318073232e+03
9.353504666585266705e+02
7.135921668412571535e+02
-4.083349819745372700e-01
-1.122861170344115811e+00
-1.773146416227368904e+00
-1.452872430977292240e+00
-2.350496553458532034e+00
-3.659992730690166063e+00
-2.962032030230883795e+00
-4.039803857601334869e+00
-4.374773709532428612e+00
-3.908408988582098065e+00
-4.507752731977744176e+00
-4.806083022692241080e+00
-3.717154683631662238e+00
-4.616759351510308029e+00
-3.495413614488514398e+00
4.287518429094391847e-01
7.076829049622162415e+00
2.242216443600002052e+01
3.211671618727594080e+01
4.563782091076224390e+01
6.689887213302910141e+01
8.140040538583239993e+01
1.060741826209951455e+02
1.205760438461265949e+02
1.414817070129037120e+02
1.551038446100937165e+02
1.696323403690487623e+02
1.635075438565192485e+02
1.583196029167941674e+02
1.551146564154193186e+02
1.457964951746721454e+02
1.320867836217168758e+02
1.016836656677299118e+02
7.271091148225846723e+01
3.932000039465803098e+01
1.189780064002310844e+01
-1.599420741922435774e+01
-4.654852297745842549e+01
-5.887698949523623781e+01
-7.876411462855237744e+01
-1.098131283966297076e+02
-1.233972132423613175e+02
-1.316704383550211332e+02
-1.518013514490513387e+02
-1.339755589643171163e+02
-1.347562790682406728e+02
-1.732707991050123724e+02
-1.760067602225786629e+02
-1.894334650913950782e+02
-1.979591261199030896e+02
-2.152615282715491389e+02
-2.497325627616557426e+02
-3.172353247385797204e+02
-3.502167532000878509e+02
-3.574421216917168067e+02
-3.347042136822515204e+02
-3.846736859283963668e+02
-3.773166316491326597e+02
-3.346515811887566088e+02
-3.664336303947404190e+02
-2.913655225707810246e+02
-1.806036797261444065e+02
-8.901569393886880732e+01
6.636880818954793426e+01
2.089561208247120874e+02
3.370571454382366596e+02
5.174235760239112096e+02
6.508816838547344332e+02
7.871887455625133043e+02
9.172628219094671067e+02
1.018479028111354864e+03
1.139777990121689527e+03
1.202698476505501048e+03
1.216824875053166579e+03
1.308165061593895416e+03
1.306730067560751877e+03
1.238996297495905765e+03
1.225487349248281362e+03
1.142648822514057429e+03
9.899814803720630607e+02
8.330267443221788426e+02
6.954679390204003084e+02
4.927235536114179126e+02
2.626572422328782750e+02
4.899910017075964674e+01
-1.174593468908864651e+02
-3.920220548500712425e+02
-4.597311527202942898e+02
-5.184920165441710651e+02
-7.259767183741928420e+02
-6.830536499100635410e+02
-7.394288417962603717e+02
-8.226558381764223213e+02
-7.321154220676722844e+02
-7.046053203614936820e+02
-6.612147375385786745e+02
-5.475473627860060333e+02
-4.499530020385795410e+02
-4.026557441164406441e+02
-3.372046689835173083e+02
-1.326267142292569758e+02
-6.572879302928899392e+01
5.552440911641466670e+01
8.932785887818909032e+01
2.815568769104400531e+02
3.377841274870933148e+02
4.067393209851804841e+02
4.213494065347216520e+02
4.813505019945775416e+02
5.290149034459458335e+02
5.533668171218578209e+02
5.584609254824505342e+02
5.406049977345238631e+02
2.898721355420726127e+02
2.278425115203766609e+02
1.602922226347956780e+02
2.106826510657785150e+02
-5.974617281685703496e+00
-6.034130836601982395e+01
-2.221938114558552115e+02
-1.515598531249486030e+02
-2.694699908192798148e+02
-2.347347017146980193e+02
-3.022708307572086710e+02
-2.654876407968963008e+02
-3.743309356200204547e+02
-2.804916200896430496e+02
-9.136278635338167931e+01
5.022445596259898082e+01
3.786610137319182456e+01
-1.256683439326569784e+00
2.532308822901260044e+02
3.731187556791055044e+02
6.163019778475068051e+02
6.405494559554407488e+02
7.715127881232936033e+02
1.130379636474678819e+03
1.096732015650473159e+03
1.336650016097129992e+03
1.354395937611375757e+03
1.578734054886469039e+03
1.686530701320708886e+03
1.812155240311852822e+03
1.846414301699401449e+03
1.733031966897074881e+03
1.865324294619785633e+03
1.685210080126884122e+03
1.687575570812881324e+03
1.397384400314392224e+03
1.226492532885188893e+03
1.080738267515937196e+03
7.954107267509202757e+02
6.073863536090685784e+02
5.748860148553321778e+02
1.780929712992964653e+02
1.797731546329110017e+02
1.515067342313531071e+02
2.308725219444536378e+02
5.014402824844462003e+01
-3.949996540232642417e+01
-5.452445036596838435e+01
1.021656980806216453e+01
-9.719961716686415798e+01
6.233026511203449616e+01
1.842446020455905114e+02
3.512024668585799247e+01
1.076544648692957082e+02
1.403286542060655222e+02
1.883383249386073715e+02
3.239934560494141920e+02
5.166213271994645311e+02
7.071058573238057079e+02
9.003311358320422642e+02
1.057956556907326558e+03
1.140241743944412292e+03
1.128990555882308627e+03
1.170372761202841048e+03
7.172258589070391963e+02
6.529921187059464955e+02
4.971688930276807241e+02
4.813541797485638654e+02
4.111680304126873580e+02
3.305043572464083468e+02
2.936358157574192091e+02
3.557659533248303205e+02
5.558646323866183820e+02
1.759239251031408457e+02
5.781304568718448991e+02
6.027946436178252725e+02
5.519963226312088409e+02
7.792109792440043066e+02
6.743539240971548452e+02
6.737679238815496774e+02
6.282369188568417258e+02
6.519129880116339564e+02
3.787717054289968814e+02
2.272966674972808789e+02
3.592734727344374619e+02
2.179104029451475242e+02
-8.704727393244157341e+00
-1.536942375389359938e+01
4.421838504397762826e+00
-1.733261501644210867e+01
-3.466028094848493168e+01
-4.640995409955103668e+01
-9.368613093330095865e+01
-9.195398997878812963e+01
-1.437946035013964661e+02
-2.013927475232600841e+02
-2.233128264177840947e+02
-2.543830809764883725e+02
-2.661397180673175740e+02
-3.024104064087338770e+02
-7.084983141313599617e+02
-8.149226440554082274e+02
-9.106004024706912787e+02
-9.328590766304141653e+02
-1.020214757319586283e+03
-1.024754887199763516e+03
-8.855595513379664681e+02
-8.956633546683982559e+02
-7.059660201604789336e+02
-4.975723665555914863e+02
-2.396291869738136597e+02
5.368975182611878338e+00
1.684729731122201883e+02
3.816581618535540201e+02
8.219508324594095257e+02
1.031690010079342301e+03
1.281459855782062732e+03
1.536631534609648952e+03
1.855628189462825731e+03
2.195788015906289729e+03
2.347944665536319462e+03
2.428863355243848673e+03
2.508606744616014566e+03
2.504618685409730006e+03
2.564327107281455483e+03
2.387181980555229984e+03
2.439252516045406537e+03
2.260978856864955560e+03
2.266855332215402996e+03
2.120825293605114439e+03
2.169543598055304756e+03
1.966105868653638709e+03
1.911841625887677992e+03
1.868412391256499632e+03
1.872454390416221031e+03
1.886299769120213796e+03
1.836396156707614182e+03
1.630414966975963580e+03
1.473858799740083896e+03
1.363323252832008620e+03
1.181012304669413879e+03
1.073272456454956910e+03
8.241163348759840801e+02
4.246658929077376570e+02
-5.404731549840895610e+01
-3.431202365226569100e+02
-9.698229410658634606e+02
-1.240195819730080984e+03
-1.580131653732016957e+03
-1.737382225572863717e+03
-2.289104563200817211e+03
-2.569502386528289207e+03
-3.005588846660738454e+03
-2.645174345258791163e+03
-2.782395747363861119e+03
-2.743525652167613316e+03
-2.458168680118094017e+03
-2.060007149099801609e+03
-1.657030011981762982e+03
-1.508067688454287008e+03
-8.339615553742463590e+02
-7.669437466043981431e+02
-3.252463220126763304e+02
4.736754014538382052e+01
4.832014541010437370e+02
6.719265400545517650e+02
7.574448733094586714e+02
1.109536430414446386e+03
8.705007208721243614e+02
8.941564715465923427e+02
7.820728448161629558e+02
5.755489605033932321e+02
8.842074823523552141e+01
-1.844373337965614610e+02
-7.253723069844113525e+01
-7.186438510762480973e+02
-9.411452776907691486e+02
-1.287637201886385128e+03
-1.425472630637339080e+03
-1.521616035546184548e+03
-2.041069488769036298e+03
-2.016503570532254344e+03
-2.244797269354015953e+03
-2.130905328795493006e+03
-2.278699750498372396e+03
-2.250891724983361655e+03
-2.548177363286125455e+03
-2.501209066392314071e+03
-2.698356221118132908e+03
-2.382849545648427465e+03
-2.491468742649355590e+03
-2.524454473718900772e+03
-2.286991248450493003e+03
-2.259128651578871086e+03
-2.087862622933963848e+03
-1.841268374451789896e+03
-1.630926711708158791e+03
-1.543360845191181397e+03
-1.420178262655849494e+03
-1.555226929046982150e+03
-1.012764939114597837e+03
-7.533355414337707998e+02
-6.396820239443053424e+02
-5.398703947572665811e+02
-6.085059669150424497e+02
-6.560152373807766253e+02
-5.973578284115790211e+02
-7.219472097109431843e+02
-6.038884092425543031e+02
-5.065100779171565932e+02
-4.318119796947831333e+02
-4.841000418368390115e+02
-7.057663610888887433e+02
-7.450953329387135682e+02
-7.356756522445822384e+02
-6.216717319843197629e+02
-4.442668776569400393e+02
-7.480099772088251484e+02
-6.697843620582323183e+02
-6.710453322651052304e+02
-6.429693864514365487e+02
-6.869720135322079386e+02
-6.061157519966357086e+02
-7.226761579505233613e+02
-7.408617337002355043e+02
-5.849388141785323114e+02
-6.684022207300182572e+02
-5.566905129402915691e+02
-4.864425005173175123e+02
-4.705521880170911686e+02
-4.565275868999827935e+02
-2.958940689981119476e+02
-1.380826875884675076e+02
-1.949952564017612815e+02
-2.093102663117244049e+02
-2.352250235322374294e+02
-5.117093716679106308e+01
-3.896888276039796750e+01
-7.829581698201180018e+01
-1.583361229977435869e+02
-1.168870610794481166e+02
-1.210156323427904113e+02
-3.185137559845742317e+02
-1.719532814256496636e+02
-1.733428011428352136e+02
-1.805752396515134421e+02
-2.462772531874485935e+02
-9.349236585025893476e+01
-2.392705512582859342e+02
-2.834856961109895224e+02
-4.002265124987759748e+01
-1.708171386292614216e+02
-1.628422033848115973e+02
-2.339474728463204940e+02
-2.418167130265312892e+02
-1.884118517496025902e+02
-3.622539645599913456e+02
-3.967423625865339432e+02
-3.473342805251041909e+02
-3.102431838331145286e+02
-2.109101869427309737e+02
-1.879273164107040657e+02
-2.355461731581959555e+02
-2.321045745088689500e+02
-1.800142399303653633e+02
-1.226528505426339137e+02
-1.520942517584335363e+01
-9.059176056724683690e+01
-1.408588447605984015e+02
-9.007426887846440877e+01
-2.332216012703255714e+01
-1.092686826993742386e+02
-1.149652150411496478e+02
8.642875248149202605e+00
-4.394052323596794452e+01
-1.977276904226515475e+00
-1.101523806091749833e+02
-6.986151878207471100e+01
2.008999749217955966e+01
-1.693920436949684527e+00
-4.739177639978532852e+01
3.397060140068131773e+01
-1.947323166143148754e+01
-4.379696049738556951e+01
-5.629201405982192341e+01
