5.426349609149672126e-03
-1.537541718719792443e-02
-7.558337785638765023e-03
-1.334330665154210248e-02
-5.319627569457229151e-03
-5.132790074417451290e-03
1.039807444025405564e-02
9.619354154120572306e-03
1.622186555131384378e-02
4.287562837416179773e-02
8.678052840397154633e-02
8.787555057177988405e-02
1.432670632795060850e-01
1.602437760591336746e-01
1.672753384495739293e-01
1.983002574729909040e-01
4.376735464637308559e-01
5.683808761391648812e-01
6.517400365505980897e-01
7.658863056506240996e-01
8.864640976198742139e-01
9.220066305652174776e-01
1.038472912785884938e+00
1.070163839168061459e+00
1.241592556983252660e+00
1.288869407762084585e+00
1.429148815544783124e+00
1.520440406156428059e+00
1.506261010459129190e+00
1.519480885418774019e+00
1.782126237607047692e+00
1.926387175749700642e+00
2.317342416965534557e+00
2.374229931259829396e+00
2.977939818157612439e+00
3.197665736330353337e+00
3.231978553008599597e+00
3.421450265803738233e+00
3.030761053942808481e+00
3.049608010086337639e+00
3.535577259279984563e+00
4.521419763890273558e+00
5.614370048962943116e+00
8.674486476195548690e+00
1.204933438457627481e+01
1.603028906336800219e+01
2.065419288549946586e+01
2.394399352476983012e+01
2.908936092806574791e+01
3.425618537399444818e+01
3.798975575706306529e+01
4.274442976283796725e+01
4.660271059692611573e+01
4.746280470131031137e+01
4.924388719595538078e+01
4.898221894629758566e+01
5.241990903062369966e+01
5.446984746597701843e+01
5.483801105608279158e+01
5.670146402327937096e+01
5.682802005156067793e+01
5.612816028157056536e+01
5.604352177574870808e+01
5.458870786539556264e+01
5.697317842252387976e+01
5.639544620758777427e+01
5.736587140337210400e+01
5.948611121354188924e+01
5.824565260996429572e+01
5.583410719018743862e+01
5.067139866906293122e+01
4.625766167492700731e+01
3.359677208396780657e+01
1.773358276588278315e+01
-2.579164839411442589e+00
-3.013350942812221334e+01
-7.822009533667581138e+01
-1.140213959615507804e+02
-1.665533986504244126e+02
-2.020610416775516569e+02
-2.405331161829351743e+02
-2.835937963981041889e+02
-3.036318811797182207e+02
-3.320773218674870009e+02
-3.446821936771656283e+02
-3.604583625206032593e+02
-3.697306722361014977e+02
-3.661456887798552771e+02
-3.617521548829751623e+02
-3.569940833715221515e+02
-3.404916574194111831e+02
-3.352532103033036606e+02
-3.219262985256571596e+02
-3.178543344518367348e+02
-3.171752733796147936e+02
-3.009173972874016840e+02
-2.902938127094181482e+02
-2.857867384642752882e+02
-2.770876298813504377e+02
-2.609756992487988327e+02
-2.566210749538981304e+02
-2.598239169471665946e+02
-2.476065891810737583e+02
-2.415213289537931871e+02
-2.519929961832378069e+02
-2.418750482797287020e+02
-2.301714767146453084e+02
-2.335941590775034342e+02
-2.579767197196566144e+02
-2.526225504885728981e+02
-2.794453856039851303e+02
-3.136517756482556933e+02
-3.305142931307603362e+02
-4.056075921246480220e+02
-4.435504607335265632e+02
-4.797116506068201147e+02
-5.034738343010106405e+02
-5.697980381172513944e+02
-6.367068597021446976e+02
-6.848324257504306161e+02
-6.918879306861487066e+02
-6.910263245776465055e+02
-6.740841189289976683e+02
-6.892556882962112468e+02
-6.733768878699549987e+02
-6.227564621551606479e+02
-5.903645717017990364e+02
-5.407690937599750214e+02
-4.609101203627245695e+02
-4.251218851354067283e+02
-3.693748917006239481e+02
-3.435059537535438494e+02
-2.660012401601848637e+02
-2.280636329745620401e+02
-1.804002533757391689e+02
-1.496522667470454451e+02
-1.660634331101414602e+02
-1.654756906089475592e+02
-2.261341875379808073e+02
-2.012750445903534455e+02
-3.122839682778765678e+02
-4.042790430647547737e+02
-4.740340370669132426e+02
-6.711412242801870889e+02
-9.004173993198628523e+02
-1.176323530137651005e+03
-1.463717496915180163e+03
-1.768169450573351924e+03
-2.059522895946055087e+03
-2.461376424475196018e+03
-2.768823620195854346e+03
-2.952735103493773295e+03
-3.201557765588392613e+03
-3.339340262073719259e+03
-3.391401838433603643e+03
-3.534228214962379298e+03
-3.482602654392862405e+03
-3.344429232099429555e+03
-3.209558568613425450e+03
-3.225206912056723468e+03
-3.079619829547033532e+03
-2.950177594954052893e+03
-2.794054987998850720e+03
-2.679893428045432756e+03
-2.360447527193514361e+03
-2.229774565610451646e+03
-2.141665793178826334e+03
-1.964554546880320913e+03
-1.683743731650552490e+03
-1.599111288482542932e+03
-1.404765130560488615e+03
-1.216596000378068311e+03
-1.906466362138008662e+03
-1.228917790980429800e+03
-7.464768724265713900e+02
-5.694430678135981907e+02
-6.781674956831831196e+02
-7.339620431059253178e+02
-8.160219820956318699e+02
-9.386243322531400963e+02
-1.217999564580458355e+03
-9.034238335781318483e+02
-5.544038189991391619e+02
-1.025686358478433533e+02
7.051015796927509882e+02
1.517074368721967403e+03
2.353377486137666892e+03
3.410812892975181512e+03
3.971678343178160503e+03
4.544516433624526144e+03
4.707105426289462230e+03
4.692409488628667532e+03
4.830343126744172878e+03
4.264786123225673691e+03
3.937805666731957444e+03
3.180015791450832694e+03
2.579418452366729070e+03
2.103267894299706768e+03
1.809122383707587915e+03
1.581949175944532499e+03
1.352394641532908054e+03
8.726187966148262376e+02
2.950954504601808821e+03
4.030114291258783396e+03
4.619501733302145112e+03
4.998932854474293890e+03
4.927559402872779174e+03
4.476317155590981201e+03
3.789956947240881618e+03
3.239699271452135235e+03
2.661257763604667616e+03
2.507905271301583070e+03
2.429388694021014999e+03
2.318376677554092112e+03
1.856151370308011337e+03
1.636718128135956704e+03
1.365037375352245135e+03
