3.103169077291255911e-05
6.206338154582511822e-05
1.034389692430418727e-04
1.551584538645628159e-04
2.172218354103879205e-04
2.896291138805172274e-04
3.723802892749507364e-04
4.654753615936883934e-04
5.689143308367303068e-04
6.826971970040763681e-04
8.068239600957265775e-04
9.412946201116810432e-04
1.086109177051939548e-03
1.241267630916502527e-03
-5.077846174089737210e-04
-5.712576945850954225e-04
-6.384644821833419109e-04
-7.094049802037132946e-04
-7.840791886462094651e-04
-8.624871075108303141e-04
-9.446287367975760582e-04
-1.030504076506446589e-03
-1.120113126637442124e-03
-1.213455887190562120e-03
-1.310532358165807229e-03
-1.411342539563177016e-03
-1.515886431382671481e-03
-1.624164033624290841e-03
-3.463219059767064364e-04
-3.694100330418201229e-04
-3.932429383993569453e-04
-4.178206220493167408e-04
-4.431430839916995637e-04
5.062176546440535878e-04
5.351443777665708303e-04
5.648746209758247292e-04
5.954083842718152844e-04
6.267456676545423875e-04
5.306621702432821273e-05
5.571952787554462641e-05
5.843755362557118480e-05
6.122029427440790143e-05
6.406774982205479664e-05
4.099866766253269790e-03
4.282083066975636738e-03
4.468260591626751002e-03
4.658399340206613448e-03
4.852499312715222342e-03
4.109974092620830022e-03
4.274373056325663466e-03
4.441995529122748886e-03
4.612841511012085415e-03
4.786911001993673052e-03
8.429095042457403208e-03
8.735607589455853320e-03
9.047593574793563048e-03
9.365052998470528925e-03
9.687985860486754419e-03
1.019777649781593298e-02
1.053770238107646501e-02
1.088320081980028234e-02
1.123427181398738844e-02
1.159091536363778333e-02
1.552991975238460047e-02
1.600776343707335791e-02
1.649284717759073177e-02
1.698517097393672376e-02
1.748473482611133389e-02
1.707054497911963953e-02
1.755827483566591365e-02
1.805287412681143289e-02
1.855434285255619375e-02
1.906268101290019973e-02
2.447849957518482764e-02
2.513125956385642290e-02
2.579260849974738395e-02
2.646254638285770386e-02
2.714107321318738955e-02
3.061542776503322835e-02
3.138081345915905845e-02
3.215564835938521104e-02
3.293993246571168265e-02
3.373366577813846634e-02
3.744094000038189485e-02
3.832190329450853306e-02
3.921311034786919419e-02
4.011456116046388520e-02
4.102625573229261302e-02
4.726813365030301667e-02
4.831853662030975716e-02
4.938048248009677815e-02
5.045397122966410047e-02
5.153900286901171718e-02
5.281220034973182348e-02
5.392403614656827993e-02
5.504745356628845676e-02
5.618245260889234011e-02
5.732903327437993690e-02
6.047441135425255659e-02
6.168389958133761730e-02
6.290536293938389645e-02
6.413880142839142873e-02
6.538421504836020026e-02
6.664160379929019717e-02
6.791096768118144722e-02
6.919230669403392264e-02
7.048562083784763732e-02
7.315073050494820539e-02
7.449294574357111232e-02
7.584736293890877168e-02
7.721398209096118348e-02
7.859280319972834772e-02
7.998382626521026439e-02
8.138705128740693351e-02
8.280247826631835506e-02
8.423010720194454293e-02
8.609855761348934877e-02
8.755785520015865742e-02
8.902941579175797926e-02
9.051323938828727267e-02
9.200932598974656540e-02
9.351767559613585745e-02
9.503828820745513495e-02
9.657116382370441177e-02
9.811630244488367403e-02
9.523817118923458280e-02
9.673798490875010203e-02
9.824951592294930980e-02
9.977276423183224774e-02
1.013077298353989020e-01
1.028544127336492586e-01
1.044128129265833455e-01
1.059829304142011347e-01
1.075647651965026541e-01
1.090798167233324317e-01
1.106839316751461466e-01
1.122997554952212679e-01
1.139272881835578094e-01
1.155665297401557712e-01
1.172174801650151393e-01
1.188801394581359278e-01
1.205545076195181087e-01
1.222405846491617237e-01
1.127349323014461141e-01
1.142898968849143382e-01
1.158555119107350789e-01
1.174317773789083502e-01
1.190186932894341382e-01
1.206162596423124428e-01
1.222244764375432918e-01
1.238433436751266437e-01
1.254728613550625260e-01
1.314865085187901239e-01
1.331941255125406454e-01
1.349127593901218169e-01
1.366424101515336387e-01
1.383830777967761105e-01
1.401347623258492325e-01
1.418974637387530047e-01
1.436711820354873992e-01
1.454559172160524438e-01
1.353365273003493963e-01
1.369970981874702731e-01
1.386677945068296447e-01
1.403486162584275942e-01
1.420395634422640663e-01
1.437406360583390885e-01
1.454518341066526332e-01
1.471731575872047559e-01
1.489046064999953733e-01
1.411745526514156523e-01
1.428161172171297788e-01
1.444671705953624874e-01
1.461277127861138059e-01
1.477977437893836787e-01
1.494772636051721337e-01
1.511662722334791709e-01
1.528647696743047624e-01
1.545727559276489638e-01
1.568100545923431233e-01
1.585427623778938588e-01
1.602849905358927074e-01
1.620367390663396134e-01
1.637980079692346047e-01
1.655687972445776812e-01
1.673491068923688430e-01
1.691389369126080899e-01
1.709382873052954221e-01
1.696833969414424104e-01
1.714695379618786653e-01
1.732650305059821039e-01
1.750698745737527540e-01
1.768840701651906155e-01
1.787076172802956608e-01
1.805405159190679454e-01
1.823827660815073859e-01
1.842343677676140656e-01
1.766360508085790537e-01
1.784112875001225562e-01
1.801954003751237710e-01
1.819883894335827534e-01
1.837902546754993927e-01
1.856009961008737719e-01
1.874206137097058633e-01
1.892491075019956670e-01
1.910864774777432107e-01
1.871353667698851253e-01
1.889347452965186303e-01
1.907427332897867756e-01
1.925593307496894779e-01
1.943845376762268207e-01
1.962183540693987760e-01
1.980607799292053439e-01
1.999118152556464967e-01
2.017714600487222898e-01
2.079821751658398332e-01
2.098990615728982823e-01
2.118247410368698236e-01
2.137592135577544850e-01
2.157024791355522386e-01
2.176545377702631401e-01
2.196153894618871061e-01
2.215850342104242199e-01
2.235634720158744260e-01
2.210352846359668333e-01
2.229913491017718463e-01
2.249560305916552816e-01
2.269293291056171946e-01
2.289112446436575021e-01
2.309017772057762596e-01
2.329009267919734671e-01
2.349086934022490969e-01
2.369250770366031489e-01
2.486717863280187291e-01
2.507881419563423031e-01
2.529134651932604672e-01
2.550477560387732212e-01
2.571910144928805653e-01
2.593432405555824438e-01
2.615044342268789679e-01
2.636745955067700820e-01
2.658537243952557860e-01
2.918338154200700862e-01
2.942258958743328989e-01
2.966277399222866928e-01
2.990393475639313015e-01
3.014607187992667248e-01
3.038918536282930738e-01
3.063327520510102930e-01
3.087834140674183825e-01
3.112438396775173421e-01
3.041823444388425113e-01
3.065869479521930452e-01
3.090010184085095202e-01
3.114245558077919918e-01
3.138575601500403489e-01
3.163000314352546471e-01
3.187519696634349420e-01
3.212133748345811224e-01
3.236842469486932994e-01
3.297277267926478905e-01
3.322447323406833575e-01
3.347713082520193395e-01
3.373074545266558921e-01
3.398531711645929043e-01
3.424084581658304316e-01
3.449733155303685295e-01
3.475477432582070869e-01
3.501317413493461594e-01
3.474827290549144521e-01
3.500471772398215942e-01
3.526210535430555626e-01
3.552043579646164129e-01
3.577970905045041450e-01
3.603992511627187034e-01
3.630108399392601437e-01
3.656318568341284658e-01
3.682623018473236143e-01
3.927025269475851177e-01
3.955075449972107471e-01
3.983225453174755737e-01
4.011475279083796530e-01
4.039824927699229851e-01
4.068274399021055143e-01
4.096823693049272963e-01
4.125472809783883865e-01
4.154221749224886184e-01
4.260736738056219997e-01
4.290222805447612142e-01
4.319810548933458172e-01
4.349499968513756976e-01
4.379291064188508553e-01
4.409183835957713460e-01
4.439178283821371140e-01
4.469274407779482150e-01
4.499472207832045934e-01
4.283511108646465559e-01
4.312259505348791100e-01
4.341104050535070646e-01
4.370044744205304199e-01
4.399081586359492313e-01
4.428214576997634433e-01
4.457443716119731114e-01
4.486769003725782357e-01
4.516190439815787050e-01
4.885643586009041917e-01
4.917471882986299558e-01
4.949403518590106965e-01
4.981438492820463582e-01
5.013576805677369963e-01
5.045818457160825554e-01
5.078163447270830355e-01
5.110611776007385476e-01
5.143163443370489807e-01
5.537821204380888318e-01
5.572870705674438652e-01
5.608030773218125598e-01
5.643301407011951376e-01
5.678682607055912657e-01
5.714174373350011660e-01
5.749776705894248385e-01
5.785489604688622833e-01
5.821313069733135004e-01
7.206552159047306949e-01
7.250900172333751836e-01
7.295384222470769897e-01
7.340004309458358911e-01
7.384760433296518878e-01
7.429652593985252018e-01
7.474680791524556112e-01
7.519845025914433378e-01
7.565145297154881598e-01
9.087126325631625923e-01
9.141540255725228992e-01
9.196116615460901977e-01
9.250855404838644880e-01
9.305756623858458809e-01
9.360820272520343766e-01
9.416046350824298639e-01
9.471434858770323428e-01
9.526985796358419245e-01
1.142543102249957698e+00
1.149205161155205213e+00
1.155886586510758818e+00
1.162587378316618292e+00
1.169307536572783635e+00
1.176047061279255068e+00
1.182805952436032371e+00
1.189584210043115542e+00
1.196381834100505026e+00
1.509678750721997309e+00
1.518256470896554022e+00
1.526858490561690429e+00
1.535484809717406085e+00
1.544135428363701434e+00
1.552810346500576255e+00
1.561509564128030325e+00
1.570233081246064089e+00
1.578980897854677323e+00
1.776307127652990703e+00
1.786148164371289759e+00
1.796016386273893817e+00
1.805911793360802209e+00
1.815834385632015158e+00
1.825784163087533107e+00
1.835761125727355836e+00
1.845765273551483121e+00
1.855796606559915185e+00
2.212905225096071682e+00
2.224866874961455743e+00
2.236860766470681661e+00
2.248886899623750324e+00
2.260945274420660400e+00
2.273035890861412334e+00
2.285158748946006568e+00
2.297313848674442660e+00
2.309501190046721053e+00
2.645142322605846807e+00
2.659100857289782738e+00
2.673096124959728925e+00
2.687128125615685370e+00
2.701196859257652516e+00
2.715302325885629919e+00
2.729444525499617580e+00
2.743623458099615497e+00
2.757839123685623672e+00
2.986567009364109904e+00
3.001961684670110486e+00
3.017395934976897731e+00
3.032869760284471639e+00
3.048383160592831764e+00
3.063936135901978997e+00
3.079528686211912891e+00
3.095160811522633448e+00
3.110832511834140224e+00
3.679385266029201684e+00
3.697921211953782095e+00
3.716503730606815825e+00
3.735132821988303764e+00
3.753808486098245467e+00
3.772530722936640935e+00
3.791299532503489278e+00
3.810114914798792274e+00
3.828976869822548590e+00
4.117180239464011571e+00
4.137461915520485256e+00
4.157793423704860380e+00
4.178174764017139609e+00
4.198605936457321164e+00
4.219086941025405935e+00
4.239617777721393033e+00
4.260198446545283346e+00
4.280828947497076875e+00
4.628766783069013790e+00
4.651074092866937626e+00
4.673435026005720694e+00
4.695849582485363882e+00
4.718317762305868079e+00
4.740839565467233285e+00
4.763414991969457724e+00
4.786044041812543171e+00
4.808726714996488738e+00
5.166622378699692320e+00
5.190993238976577828e+00
5.215421442454114320e+00
5.239906989132303572e+00
5.264449879011142919e+00
5.289050112090634137e+00
5.313707688370776339e+00
5.338422607851571300e+00
5.363194870533017244e+00
5.373787968618147559e+00
5.398609160159108633e+00
5.423487543385649090e+00
5.448423118297766266e+00
5.473415884895461936e+00
5.498465843178736989e+00
5.523572993147589649e+00
5.548737334802020804e+00
5.573958868142029566e+00
5.880760316313185854e+00
5.907370091500123266e+00
5.934039933899672548e+00
5.960769843511833699e+00
5.987559820336604943e+00
6.014409864373988945e+00
6.041319975623984817e+00
6.068290154086591670e+00
6.095320399761810393e+00
5.792618728091901481e+00
5.818306616021355460e+00
5.844051335561273319e+00
5.869852886711653284e+00
5.895711269472498017e+00
5.921626483843805744e+00
5.947598529825576463e+00
5.973627407417811064e+00
5.999713116620508657e+00
5.897811777746886364e+00
5.923454437650133464e+00
5.949152721544494149e+00
5.974906629429968419e+00
6.000716161306555385e+00
6.026581317174256824e+00
6.052502097033070072e+00
6.078478500882997793e+00
6.104510528724038210e+00
6.060096553171588241e+00
6.085939182396200131e+00
6.111836795938311973e+00
6.137789393797922877e+00
6.163796975975032844e+00
6.189859542469641873e+00
6.215977093281749966e+00
6.242149628411358009e+00
6.268377147858464227e+00
6.215819225611567411e+00
6.241826837434209629e+00
6.267888744897399889e+00
6.294004948001139965e+00
6.320175446745427195e+00
6.346400241130263353e+00
6.372679331155646665e+00
6.399012716821579794e+00
6.425400398128060075e+00
6.029943557326838288e+00
6.054707185899022903e+00
6.079521559611723802e+00
6.104386678464940985e+00
6.129302542458676228e+00
6.154269151592927756e+00
6.179286505867695567e+00
6.204354605282979662e+00
6.229473449838780930e+00
6.272917173208558239e+00
6.298211194068270125e+00
6.323556108330113723e+00
6.348951915994089923e+00
6.374398617060198724e+00
6.399896211528439238e+00
6.425444699398812354e+00
6.451044080671318071e+00
6.476694355345954612e+00
6.415000603121783662e+00
6.440406546104444629e+00
6.465862698460588476e+00
6.491369060190216089e+00
6.516925631293327470e+00
6.542532411769921730e+00
6.568189401619999757e+00
6.593896600843561551e+00
6.619654009440607112e+00
6.314454359738485678e+00
6.339024221060425290e+00
6.363641790850950386e+00
6.388307069110062741e+00
6.413020055837760580e+00
6.437780751034046567e+00
6.462589154698917149e+00
6.487445266832374102e+00
6.512349087434418315e+00
6.488452530276027197e+00
6.513264968250314091e+00
6.538124758205468012e+00
6.563031900141488961e+00
6.587986394058376938e+00
6.612988239956131942e+00
6.638037437834753085e+00
6.663133987694242144e+00
6.688277889534597342e+00
6.512671613793251879e+00
6.537155341664655950e+00
6.561685005235630364e+00
6.586260604506175120e+00
6.610882139476291997e+00
6.635549610145980104e+00
6.660263016515238554e+00
6.685022358584068236e+00
6.709827636352469149e+00
6.749169254253233774e+00
6.774119972383560118e+00
6.799116725049182186e+00
6.824159512250099091e+00
6.849248333986313497e+00
6.874383190257822740e+00
6.899564081064627707e+00
6.924791006406729288e+00
6.950063966284125705e+00
6.622315584462782567e+00
6.646396732042647137e+00
6.670521584064580622e+00
6.694690140528583022e+00
6.718902401434653449e+00
6.743158366782792790e+00
6.767458036573001934e+00
6.791801410805279104e+00
6.816188489479624302e+00
6.577711977751254047e+00
6.601245830981133267e+00
6.624821708948922527e+00
6.648439611654623604e+00
6.672099539098234722e+00
6.695801491279755879e+00
6.719545468199187077e+00
6.743331469856529203e+00
6.767159496251782258e+00
6.609667060470865607e+00
6.632940536035905055e+00
6.656254914018456148e+00
6.679610194418520663e+00
6.703006377236098601e+00
6.726443462471189072e+00
6.749921450123794742e+00
6.773440340193912057e+00
6.797000132681543683e+00
6.393605748539394895e+00
6.415767293594989873e+00
6.437967180424038816e+00
6.460205409026539058e+00
6.482481979402493266e+00
6.504796891551899662e+00
6.527150145474758247e+00
6.549541741171069020e+00
6.571971678640833758e+00
5.749149006008035023e+00
5.768770674970520318e+00
5.788425770967012163e+00
5.808114293997512334e+00
5.827836244062019944e+00
5.847591621160535880e+00
5.867380425293058366e+00
5.887202656459589178e+00
5.907058314660126541e+00
5.053012392727342927e+00
5.069997308333149988e+00
5.087010722119503114e+00
5.104052634086402307e+00
5.121123044233848454e+00
5.138221952561841555e+00
5.155349359070380721e+00
5.172505263759466843e+00
5.189689666629099918e+00
3.545207888292776666e+00
3.556946987260633630e+00
3.568705489697858724e+00
3.580483395604451946e+00
3.592280704980414185e+00
3.604097417825744554e+00
3.615933534140443051e+00
3.627789053924510565e+00
3.639663977177945320e+00
1.865832802824165970e+00
1.871920348673510537e+00
1.878017809092642709e+00
1.884125184081561821e+00
1.890242473640268317e+00
1.896369677768761752e+00
1.902506796467042571e+00
1.908653829735110552e+00
1.914810777572965694e+00
-4.444058192648592809e-01
-4.458347768830742130e-01
-4.472660281732285803e-01
-4.486995731353222716e-01
-4.501354117693552870e-01
-4.515735440753276819e-01
-4.530139700532394009e-01
-4.544566897030904995e-01
-4.559017030248809221e-01
-2.997958384221788286e+00
-3.007460629496659710e+00
-3.016977909969750016e+00
-3.026510225641060536e+00
-3.036057576510590827e+00
-3.045619962578340445e+00
-3.055197383844310277e+00
-3.064789840308499436e+00
-3.074397331970908809e+00
-6.770843288940930904e+00
-6.792002174218871424e+00
-6.813194068678211757e+00
-6.834418972318954566e+00
-6.855676885141097188e+00
-6.876967807144641398e+00
-6.898291738329585421e+00
-6.919648678695931032e+00
-6.941038628243677344e+00
-1.109850301429159103e+01
-1.113270487257908492e+01
-1.116695934911009758e+01
-1.120126644388462900e+01
-1.123562615690268096e+01
-1.127003848816424991e+01
-1.130450343766933941e+01
-1.133902100541794766e+01
-1.137359119141007646e+01
-1.537924920648016780e+01
-1.542599464479773808e+01
-1.547281101701260297e+01
-1.551969832312476072e+01
-1.556665656313421486e+01
-1.561368573704096541e+01
-1.566078584484501057e+01
-1.570795688654635214e+01
-1.575519886214498655e+01
-2.064338874734511364e+01
-2.070528796397883298e+01
-2.076727984411050443e+01
-2.082936438774013510e+01
-2.089154159486771789e+01
-2.095381146549325280e+01
-2.101617399961674693e+01
-2.107862919723819317e+01
-2.114117705835759509e+01
-2.579492894488320331e+01
-2.587124530270829936e+01
-2.594767438779754087e+01
-2.602421620015092785e+01
-2.610087073976845318e+01
-2.617763800665012752e+01
-2.625451800079594378e+01
-2.633151072220590194e+01
-2.640861617088000202e+01
-2.939818607720103216e+01
-2.948402019713446620e+01
-2.956997943969171061e+01
-2.965606380487276184e+01
-2.974227329267762698e+01
-2.982860790310629540e+01
-2.991506763615878128e+01
-3.000165249183507044e+01
-3.008836247013517351e+01
-3.394414938822888672e+01
-3.404197114439092786e+01
-3.413993365128126101e+01
-3.423803690889988616e+01
-3.433628091724680331e+01
-3.443466567632201247e+01
-3.453319118612550653e+01
-3.463185744665729260e+01
-3.473066445791737067e+01
-3.647921582010446429e+01
-3.658299737293548759e+01
-3.668692634274496100e+01
-3.679100272953289164e+01
-3.689522653329927238e+01
-3.699959775404411033e+01
-3.710411639176739129e+01
-3.720878244646913657e+01
-3.731359591814933196e+01
-3.843573106842356424e+01
-3.854369660513262374e+01
-3.865181356615683228e+01
-3.876008195149621116e+01
-3.886850176115074618e+01
-3.897707299512043733e+01
-3.908579565340529882e+01
-3.919466973600530935e+01
-3.930369524292048311e+01
-3.947728562095735327e+01
-3.958679265457998042e+01
-3.969645135999432739e+01
-3.980626173720040129e+01
-3.991622378619819500e+01
-4.002633750698770143e+01
-4.013660289956893479e+01
-4.024701996394189507e+01
-4.035758870010656807e+01
-3.971887703915189149e+01
-3.982769588035504427e+01
-3.993666358454206033e+01
-4.004578015171293970e+01
-4.015504558186768236e+01
-4.026445987500628831e+01
-4.037402303112875757e+01
-4.048373505023508301e+01
-4.059359593232527175e+01
-3.986518861803401848e+01
-3.997307816774452505e+01
-4.008111351414383705e+01
-4.018929465723194738e+01
-4.029762159700884894e+01
-4.040609433347455592e+01
-4.051471286662906124e+01
-4.062347719647235778e+01
-4.073238732300445264e+01
-3.894140508820958502e+01
-3.904552649218875615e+01
-3.914978691005842393e+01
-3.925418634181857414e+01
-3.935872478746922809e+01
-3.946340224701036448e+01
-3.956821872044200461e+01
-3.967317420776412717e+01
-3.977826870897674638e+01
-3.746976923677139126e+01
-3.756876466408122894e+01
-3.766789069221864850e+01
-3.776714732118364282e+01
-3.786653455097623322e+01
-3.796605238159641260e+01
-3.806570081304416675e+01
-3.816547984531950988e+01
-3.826538947842244198e+01
-3.703405216890239160e+01
-3.713074682208490884e+01
-3.722756754391563305e+01
-3.732451433439458555e+01
-3.742158719352174501e+01
-3.751878612129712565e+01
-3.761611111772072746e+01
-3.771356218279253625e+01
-3.781113931651257332e+01
-3.588649370053059329e+01
-3.597910400685454846e+01
-3.607183365635674477e+01
-3.616468264903720353e+01
-3.625765098489591054e+01
-3.635073866393286579e+01
-3.644394568614808350e+01
-3.653727205154154944e+01
-3.663071776011326364e+01
-3.438765209939407441e+01
-3.447537570168844212e+01
-3.456321105379466019e+01
-3.465115815571271440e+01
-3.473921700744260477e+01
-3.482738760898433839e+01
-3.491566996033790815e+01
-3.500406406150332117e+01
-3.509256991248057744e+01
-3.389000249642311502e+01
-3.397547539048723308e+01
-3.406105593303254153e+01
-3.414674412405904036e+01
-3.423253996356672246e+01
-3.431844345155559495e+01
-3.440445458802566492e+01
-3.449057337297691817e+01
-3.457679980640935469e+01
-3.249036408083291860e+01
-3.257138743265544178e+01
-3.265251168528970283e+01
-3.273373683873569462e+01
-3.281506289299342427e+01
-3.289648984806288468e+01
-3.297801770394408294e+01
-3.305964646063701196e+01
-3.314137611814167883e+01
-3.152889590102590844e+01
-3.160664903518380342e+01
-3.168449792443302471e+01
-3.176244256877357230e+01
-3.184048296820544977e+01
-3.191861912272864998e+01
-3.199685103234318007e+01
-3.207517869704904001e+01
-3.215360211684622271e+01
-3.019877521052952218e+01
-3.027243075982349652e+01
-3.034617602355022825e+01
-3.042001100170971739e+01
-3.049393569430196749e+01
-3.056795010132697143e+01
-3.064205422278473279e+01
-3.071624805867525509e+01
-3.079053160899853125e+01
-3.077149112241922424e+01
-3.084572873670733273e+01
-3.092005579390421488e+01
-3.099447229400988135e+01
-3.106897823702432859e+01
-3.114357362294755305e+01
-3.121825845177956538e+01
-3.129303272352035137e+01
-3.136789643816992168e+01
-2.894631747678477041e+01
-2.901540176670550153e+01
-2.908456839785378634e+01
-2.915381737022962483e+01
-2.922314868383302766e+01
-2.929256233866398418e+01
-2.936205833472249793e+01
-2.943163667200857248e+01
-2.950129735052220070e+01
-2.865197815295788786e+01
-2.871963335520808513e+01
-2.878736833953640328e+01
-2.885518310594285296e+01
-2.892307765442742351e+01
-2.899105198499012204e+01
-2.905910609763094143e+01
-2.912723999234988881e+01
-2.919545366914696061e+01
-2.880153594573433296e+01
-2.886882925401875610e+01
-2.893620108424983783e+01
-2.900365143642757815e+01
-2.907118031055197349e+01
-2.913878770662302387e+01
-2.920647362464073282e+01
-2.927423806460509681e+01
-2.934208102651611583e+01
-2.747862496423314838e+01
-2.754215935721403596e+01
-2.760576711554478280e+01
-2.766944823922539598e+01
-2.773320272825586841e+01
-2.779703058263620363e+01
-2.786093180236640521e+01
-2.792490638744646603e+01
-2.798895433787638609e+01
-2.753398519262804811e+01
-2.759699202373245797e+01
-2.766007086264384540e+01
-2.772322170936221397e+01
-2.778644456388755302e+01
-2.784973942621987320e+01
-2.791310629635916740e+01
-2.797654517430543919e+01
-2.804005606005868501e+01
-2.625811113376376937e+01
-2.631758590416866994e+01
-2.637712795372561558e+01
-2.643673728243459919e+01
-2.649641389029562433e+01
-2.655615777730869453e+01
-2.661596894347380271e+01
-2.667584738879095596e+01
-2.673579311326015073e+01
-2.614356186362768497e+01
-2.620217971533985590e+01
-2.626086320854330580e+01
-2.631961234323803112e+01
-2.637842711942403895e+01
-2.643730753710132575e+01
-2.649625359626989152e+01
-2.655526529692973625e+01
-2.661434263908085640e+01
-2.740603498083237710e+01
-2.746686968667218309e+01
-2.752777183675349804e+01
-2.758874143107631838e+01
-2.764977846964064412e+01
-2.771088295244648236e+01
-2.777205487949382245e+01
-2.783329425078267505e+01
-2.789460106631303304e+01
-2.700783807992486629e+01
-2.706719596581481113e+01
-2.712661900854985930e+01
-2.718610720813001436e+01
-2.724566056455527274e+01
-2.730527907782563091e+01
-2.736496274794109596e+01
-2.742471157490166789e+01
-2.748452555870734315e+01
-2.883421290538927551e+01
-2.889696418483517704e+01
-2.895978367219350957e+01
-2.902267136746429088e+01
-2.908562727064751030e+01
-2.914865138174317138e+01
-2.921174370075127413e+01
-2.927490422767181499e+01
-2.933813296250480107e+01
-2.942733153371811738e+01
-2.949075250685113403e+01
-2.955424174798536541e+01
-2.961779925712081862e+01
-2.968142503425749368e+01
-2.974511907939537991e+01
-2.980888139253449509e+01
-2.987271197367482500e+01
-2.993661082281637320e+01
-2.886453995599162425e+01
-2.892615050018797973e+01
-2.898782672726726872e+01
-2.904956863722949834e+01
-2.911137623007466857e+01
-2.917324950580277942e+01
-2.923518846441382379e+01
-2.929719310590780879e+01
-2.935926343028473084e+01
-3.376446971387696294e+01
-3.383585337077733612e+01
-3.390731240640727862e+01
-3.397884682076678331e+01
-3.405045661385586442e+01
-3.412214178567450773e+01
-3.419390233622272035e+01
-3.426573826550049517e+01
-3.433764957350784641e+01
-3.666737675238143623e+01
-3.674416707018747275e+01
-3.682103771259372138e+01
-3.689798867960018214e+01
-3.697501997120686923e+01
-3.705213158741376134e+01
-3.712932352822087267e+01
-3.720659579362820324e+01
-3.728394838363574593e+01
-4.050945461134709547e+01
-4.059349912298889507e+01
-4.067763072738887331e+01
-4.076184942454702309e+01
-4.084615521446335862e+01
-4.093054809713787279e+01
-4.101502807257056560e+01
-4.109959514076142995e+01
-4.118424930171047293e+01
-4.361391711383405578e+01
-4.370356545322528774e+01
-4.379330583403273636e+01
-4.388313825625638742e+01
-4.397306271989626225e+01
-4.406307922495233953e+01
-4.415318777142463347e+01
-4.424338835931314406e+01
-4.433368098861786422e+01
-4.896771060452317670e+01
-4.906744117601915178e+01
-4.916727320282692659e+01
-4.926720668494649402e+01
-4.936724162237785407e+01
-4.946737801512101385e+01
-4.956761586317597335e+01
-4.966795516654272546e+01
-4.976839592522127731e+01
-5.906971771458378839e+01
-5.918893006113188449e+01
-5.930826258141642882e+01
-5.942771527543740007e+01
-5.954728814319482666e+01
-5.966698118468868017e+01
-5.978679439991898192e+01
-5.990672778888572481e+01
-6.002678135158889461e+01
-6.440961891753255486e+01
-6.453843815536762918e+01
-6.466738608374998876e+01
-6.479646270267961938e+01
-6.492566801215654948e+01
-6.505500201218076484e+01
-6.518446470275226545e+01
-6.531405608387106554e+01
-6.544377615553713667e+01
-6.929955065881834742e+01
-6.943691349461383311e+01
-6.957441233321702612e+01
-6.971204717462794065e+01
-6.984981801884657671e+01
-6.998772486587292008e+01
-7.012576771570698497e+01
-7.026394656834878560e+01
-7.040226142379829355e+01
-7.307337560386299913e+01
-7.321693822783916517e+01
-7.336064173760919971e+01
-7.350448613317314539e+01
-7.364847141453097379e+01
-7.379259758168269911e+01
-7.393686463462832137e+01
-7.408127257336782634e+01
-7.422582139790122824e+01
-7.956565389273249878e+01
-7.972060161209518014e+01
-7.987570005881130442e+01
-8.003094923288091422e+01
-8.018634913430398115e+01
-8.034189976308051939e+01
-8.049760111921052896e+01
-8.065345320269398144e+01
-8.080945601353091945e+01
-7.500216853798913519e+01
-7.514696036914355659e+01
-7.529189182597893648e+01
-7.543696290849527486e+01
-7.558217361669257173e+01
-7.572752395057081287e+01
-7.587301391013004093e+01
-7.601864349537021326e+01
-7.616441270629134408e+01
-7.601729430759159811e+01
-7.616278195219943825e+01
-7.630840868633364948e+01
-7.645417450999427444e+01
-7.660007942318128471e+01
-7.674612342589469449e+01
-7.689230651813448958e+01
-7.703862869990068418e+01
-7.718508997119326409e+01
-7.688034454291776854e+01
-7.702622754964058061e+01
-7.717224883409487290e+01
-7.731840839628064543e+01
-7.746470623619792661e+01
-7.761114235384670224e+01
-7.775771674922695809e+01
-7.790442942233869417e+01
-7.805128037318195311e+01
-7.250164632554955801e+01
-7.263805582004729899e+01
-7.277459351895716111e+01
-7.291125942227914436e+01
-7.304805353001326296e+01
-7.318497584215947427e+01
-7.332202635871783514e+01
-7.345920507968830293e+01
-7.359651200507090607e+01
-6.683990126333941362e+01
-6.696460257166653207e+01
-6.708942009742918344e+01
-6.721435384062738194e+01
-6.733940380126111336e+01
-6.746456997933036348e+01
-6.758985237483516073e+01
-6.771525098777547669e+01
-6.784076581815133977e+01
-6.368023009062736861e+01
-6.379804735258967696e+01
-6.391597350296414959e+01
-6.403400854175077939e+01
-6.415215246894959478e+01
-6.427040528456055313e+01
-6.438876698858368286e+01
-6.450723758101898397e+01
-6.462581706186644226e+01
-5.700306812347765373e+01
-5.710766090902532000e+01
-5.721234956330401644e+01
-5.731713408631372175e+01
-5.742201447805446435e+01
-5.752699073852623002e+01
-5.763206286772901166e+01
-5.773723086566282348e+01
-5.784249473232766547e+01
-5.726949435040712189e+01
-5.737371545022588748e+01
-5.747803129649901877e+01
-5.758244188922653706e+01
-5.768694722840843525e+01
-5.779154731404471335e+01
-5.789624214613537845e+01
-5.800103172468041635e+01
-5.810591604967984125e+01
-5.039901840201819283e+01
-5.048999135942256089e+01
-5.058104634834847957e+01
-5.067218336879595597e+01
-5.076340242076498299e+01
-5.085470350425556774e+01
-5.094608661926770310e+01
-5.103755176580139619e+01
-5.112909894385664700e+01
-4.321001616116180344e+01
-4.328738413996424583e+01
-4.336482132089441421e+01
-4.344232770395230858e+01
-4.351990328913794315e+01
-4.359754807645129659e+01
-4.367526206589239024e+01
-4.375304525746120987e+01
-4.383089765115776260e+01
-3.740029325427302354e+01
-3.746672361529304851e+01
-3.753321292073279380e+01
-3.759976117059224521e+01
-3.766636836487141693e+01
-3.773303450357030187e+01
-3.779975958668890712e+01
-3.786654361422722559e+01
-3.793338658618526438e+01
-3.234711553813552598e+01
-3.240411486066968649e+01
-3.246116435866382233e+01
-3.251826403211793348e+01
-3.257541388103202706e+01
-3.263261390540609597e+01
-3.268986410524014019e+01
-3.274716448053415974e+01
-3.280451503128816171e+01
-2.799298098701864390e+01
-2.804191976496797523e+01
-2.809090128420809407e+01
-2.813992554473899688e+01
-2.818899254656068720e+01
-2.823810228967316505e+01
-2.828725477407642686e+01
-2.833644999977047263e+01
-2.838568796675530237e+01
-2.262648472412552536e+01
-2.266573274619686273e+01
-2.270501477868593909e+01
-2.274433082159275443e+01
-2.278368087491730876e+01
-2.282306493865960206e+01
-2.286248301281963435e+01
-2.290193509739740918e+01
-2.294142119239292299e+01
-1.640499677320010363e+01
-1.643323256799046561e+01
-1.646149264119423350e+01
-1.648977699281140374e+01
-1.651808562284198345e+01
-1.654641853128596551e+01
-1.657477571814335349e+01
-1.660315718341414737e+01
-1.663156292709834716e+01
-1.482869591804549891e+01
-1.485402246957076855e+01
-1.487937063078164179e+01
-1.490474040167811509e+01
-1.493013178226019022e+01
-1.495554477252786718e+01
-1.498097937248114597e+01
-1.500643558212002482e+01
-1.503191340144450727e+01
-1.770151770851241935e+01
-1.773152028089972987e+01
-1.776154825766670342e+01
-1.779160163881334711e+01
-1.782168042433966093e+01
-1.785178461424563778e+01
-1.788191420853128477e+01
-1.791206920719659834e+01
-1.794224961024158205e+01
-1.212579921419532880e+01
-1.214619584870196434e+01
-1.216660962323759776e+01
-1.218704053780222907e+01
-1.220748859239585649e+01
-1.222795378701848179e+01
-1.224843612167010498e+01
-1.226893559635072428e+01
-1.228945221106034147e+01
-2.085905580452491748e+01
-2.089387893608505919e+01
-2.092873111112439943e+01
-2.096361232964293819e+01
-2.099852259164067902e+01
-2.103346189711762193e+01
-2.106843024607375980e+01
-2.110342763850909620e+01
-2.113845407442363467e+01
-2.526063988525878656e+01
-2.530249678647711065e+01
-2.534438833744809827e+01
-2.538631453817175299e+01
-2.542827538864806769e+01
-2.547027088887704949e+01
-2.551230103885869838e+01
-2.555436583859300370e+01
-2.559646528807997967e+01
-3.203235851954617175e+01
-3.208504331974279467e+01
-3.213777141065445164e+01
-3.219054279228114268e+01
-3.224335746462286778e+01
-3.229621542767962694e+01
-3.234911668145142016e+01
-3.240206122593824745e+01
-3.245504906114010879e+01
-5.043872759576751008e+01
-5.052107653878100990e+01
-5.060349265058978574e+01
-5.068597593119384470e+01
-5.076852638059318679e+01
-5.085114399878779778e+01
-5.093382878577769901e+01
-5.101658074156288336e+01
-5.109939986614333662e+01
-6.024597955202168009e+01
-6.034362295486126015e+01
-6.044134542118492703e+01
-6.053914695099266652e+01
-6.063702754428449282e+01
-6.073498720106039173e+01
-6.083302592132037745e+01
-6.093114370506444288e+01
-6.102934055229259513e+01
-8.324311170204948951e+01
-8.337705073938182920e+01
-8.351109744475060381e+01
-8.364525181815582755e+01
-8.377951385959748620e+01
-8.391388356907559398e+01
-8.404836094659013668e+01
-8.418294599214112850e+01
-8.431763870572855524e+01
-1.079880189183703294e+02
-1.081605237409236366e+02
-1.083331662369187285e+02
-1.085059464063555907e+02
-1.086788642492342518e+02
-1.088519197655546975e+02
-1.090251129553169136e+02
-1.091984438185209001e+02
-1.093719123551666854e+02
-1.349497627462761500e+02
-1.351637988489665076e+02
-1.353780045523721753e+02
-1.355923798564930962e+02
-1.358069247613293271e+02
-1.360216392668808396e+02
-1.362365233731476337e+02
-1.364515770801297094e+02
-1.366668003878270667e+02
-1.699313161890802064e+02
-1.701989245610315038e+02
-1.704667434824493455e+02
-1.707347729533336746e+02
-1.710030129736845765e+02
-1.712714635435019659e+02
-1.715401246627858995e+02
-1.718089963315363491e+02
-1.720780785497533145e+02
-2.161083193964267366e+02
-2.164462526558425850e+02
-2.167844499256173378e+02
-2.171229112057510235e+02
-2.174616364962436137e+02
-2.178006257970951083e+02
-2.181398791083055357e+02
-2.184793964298748676e+02
-2.188191777618031324e+02
-2.416335198460964193e+02
-2.420087271750500122e+02
-2.423842255880446430e+02
-2.427600150850803402e+02
-2.431360956661571890e+02
-2.435124673312750758e+02
-2.438891300804340574e+02
-2.442660839136340769e+02
-2.446433288308752196e+02
-2.771330541849949896e+02
-2.775603989100296758e+02
-2.779880728682886115e+02
-2.784160760597717399e+02
-2.788444084844790609e+02
-2.792730701424106314e+02
-2.797020610335663946e+02
-2.801313811579464073e+02
-2.805610305155506126e+02
-3.123908411622799690e+02
-3.128692344871839168e+02
-3.133479938360549113e+02
-3.138271192088928956e+02
-3.143066106056979265e+02
-3.147864680264699473e+02
-3.152666914712090716e+02
-3.157472809399151856e+02
-3.162282364325882895e+02
-3.395572451600461363e+02
-3.400736820348142828e+02
-3.405905113388185441e+02
-3.411077330720589202e+02
-3.416253472345355249e+02
-3.421433538262482443e+02
-3.426617528471971355e+02
-3.431805442973820846e+02
-3.436997281768032622e+02
-3.649459489217076680e+02
-3.654972267901695204e+02
-3.660489207173999375e+02
-3.666010307033990330e+02
-3.671535567481667499e+02
-3.677064988517031452e+02
-3.682598570140081620e+02
-3.688136312350819139e+02
-3.693678215149242305e+02
-3.826707457760944067e+02
-3.832448954321725409e+02
-3.838194754852942765e+02
-3.843944859354594996e+02
-3.849699267826682672e+02
-3.855457980269205791e+02
-3.861220996682164355e+02
-3.866988317065557794e+02
-3.872759941419387246e+02
-3.840161876955087905e+02
-3.845884919990788831e+02
-3.851612224413708532e+02
-3.857343790223848146e+02
-3.863079617421207104e+02
-3.868819706005785406e+02
-3.874564055977583052e+02
-3.880312667336600043e+02
-3.886065540082836947e+02
-4.051400289759447446e+02
-4.057397921572562609e+02
-4.063399989503883489e+02
-4.069406493553408950e+02
-4.075417433721138991e+02
-4.081432810007074181e+02
-4.087452622411214520e+02
-4.093476870933560008e+02
-4.099505555574110076e+02
-3.908728447985891421e+02
-3.914476578056458607e+02
-3.920228931587768670e+02
-3.925985508579820475e+02
-3.931746309032616296e+02
-3.937511332946153289e+02
-3.943280580320433728e+02
-3.949054051155455909e+02
-3.954831745451220968e+02
-3.856104869918942768e+02
-3.861738332110205079e+02
-3.867375906317665226e+02
-3.873017592541323211e+02
-3.878663390781179032e+02
-3.884313301037233828e+02
-3.889967323309485323e+02
-3.895625457597935792e+02
-3.901287703902584099e+02
-3.741927377783637780e+02
-3.747358331887822942e+02
-3.752793224319857472e+02
-3.758232055079740803e+02
-3.763674824167474071e+02
-3.769121531583056139e+02
-3.774572177326488145e+02
-3.780026761397769519e+02
-3.785485283796899694e+02
-3.652683215132478267e+02
-3.657950242118971005e+02
-3.663221063793494068e+02
-3.668495680156046888e+02
-3.673774091206631738e+02
-3.679056296945246345e+02
-3.684342297371891846e+02
-3.689632092486568240e+02
-3.694925682289274960e+02
-3.481852423666657046e+02
-3.486840750921193717e+02
-3.491832648918217501e+02
-3.496828117657728967e+02
-3.501827157139726978e+02
-3.506829767364212103e+02
-3.511835948331184341e+02
-3.516845700040644260e+02
-3.521859022492591293e+02
-3.287176922217424817e+02
-3.291856177622717041e+02
-3.296538761090174603e+02
-3.301224672619798071e+02
-3.305913912211587444e+02
-3.310606479865542724e+02
-3.315302375581664478e+02
-3.320001599359951570e+02
-3.324704151200404567e+02
-3.122945886084860945e+02
-3.127363065555985031e+02
-3.131783366708714311e+02
-3.136206789543048785e+02
-3.140633334058988453e+02
-3.145063000256532746e+02
-3.149495788135682233e+02
-3.153931697696436345e+02
-3.158370728938796219e+02
-2.872922789311093084e+02
-2.876960628790096735e+02
-2.881001303830532265e+02
-2.885044814432399676e+02
-2.889091160595698966e+02
-2.893140342320430136e+02
-2.897192359606593186e+02
-2.901247212454188116e+02
-2.905304900863215494e+02
-2.588095364438612478e+02
-2.591710022768833710e+02
-2.595327203540318806e+02
-2.598946906753066628e+02
-2.602569132407078314e+02
-2.606193880502352727e+02
-2.609821151038889866e+02
-2.613450944016690869e+02
-2.617083259435755167e+02
-2.516081510493948201e+02
-2.519573643055355490e+02
-2.523068197345307340e+02
-2.526565173363804035e+02
-2.530064571110845293e+02
-2.533566390586431112e+02
-2.537070631790561777e+02
-2.540577294723237003e+02
-2.544086379384456791e+02
-2.341108657665391490e+02
-2.344337773055274852e+02
-2.347569113886501952e+02
-2.350802680159072793e+02
-2.354038471872987657e+02
-2.357276489028246260e+02
-2.360516731624848603e+02
-2.363759199662794686e+02
-2.367003893142084792e+02
-2.055555641595558711e+02
-2.058373401213921454e+02
-2.061193090804625569e+02
-2.064014710367670773e+02
-2.066838259903057349e+02
-2.069663739410785581e+02
-2.072491148890854902e+02
-2.075320488343265595e+02
-2.078151757768017660e+02
-1.967730768295436121e+02
-1.970411600404830210e+02
-1.973094257450990767e+02
-1.975778739433917224e+02
-1.978465046353609864e+02
-1.981153178210068688e+02
-1.983843135003293128e+02
-1.986534916733284319e+02
-1.989228523400041126e+02
-1.708786885336088801e+02
-1.711100747063016456e+02
-1.713416174325618613e+02
-1.715733167123895271e+02
-1.718051725457846715e+02
-1.720371849327472091e+02
-1.722693538732772254e+02
-1.725016793673747202e+02
-1.727341614150396367e+02
-1.556017506493695350e+02
-1.558111742707011160e+02
-1.560207387283617777e+02
-1.562304440223515201e+02
-1.564402901526703431e+02
-1.566502771193181900e+02
-1.568604049222951460e+02
-1.570706735616011827e+02
-1.572810830372362716e+02
-1.381947130739775389e+02
-1.383795889443105978e+02
-1.385645883947709081e+02
-1.387497114253584414e+02
-1.389349580360731977e+02
-1.391203282269152055e+02
-1.393058219978844363e+02
-1.394914393489808901e+02
-1.396771802802045386e+02
-1.174419643092556953e+02
-1.175981371341350297e+02
-1.177544137283332049e+02
-1.179107940918502493e+02
-1.180672782246861487e+02
-1.182238661268409174e+02
-1.183805577983145128e+02
-1.185373532391069915e+02
-1.186942524492183111e+02
-1.188512554286484999e+02
-1.190083621773975437e+02
-1.191655726954654284e+02
-1.193228869828521823e+02
-1.194803050395577912e+02
-1.196378268655822694e+02
-1.197954524609255884e+02
-1.199531818255877766e+02
-8.002904002323693078e+01
-8.013427216001961995e+01
-8.023957343749664517e+01
-8.034494385566802066e+01
-8.045038341453371800e+01
-8.055589211409376560e+01
-8.066146995434814926e+01
-8.076711693529686897e+01
-8.087283305693992475e+01
-8.097861831927733078e+01
-8.108447272230905867e+01
-8.119039626603513682e+01
-8.129638895045555103e+01
-8.140245077557030129e+01
-8.150858174137938761e+01
-8.161478184788280998e+01
-8.172105109508056842e+01
-6.006666957141371910e+01
-6.014477967488759447e+01
-6.022294053216490539e+01
-6.030115214324563766e+01
-6.037941450812980548e+01
-6.045772762681738755e+01
-6.053609149930839806e+01
-6.061450612560283702e+01
-6.069297150570071153e+01
-6.077148763960200739e+01
-6.085005452730672459e+01
-6.092867216881487735e+01
-6.100734056412645145e+01
-6.108605971324144690e+01
-6.116482961615987790e+01
-6.124365027288173025e+01
-6.132252168340701814e+01
-4.669239012125439814e+01
-4.675244464231067099e+01
-4.681253775881749135e+01
-4.687266947077487345e+01
-4.693283977818279595e+01
-4.699304868104127308e+01
-4.705329617935029773e+01
-4.711358227310987701e+01
-4.717390696232001090e+01
-4.723427024698068522e+01
-4.729467212709191415e+01
-4.735511260265369771e+01
-4.741559167366602168e+01
-4.747610934012890027e+01
-4.753666560204233349e+01
-4.759726045940631423e+01
-4.765789391222084248e+01
-5.461980050789860286e+01
-5.468929134823945049e+01
-5.475882636584687191e+01
-5.482840556072088134e+01
-5.489802893286147878e+01
-5.496769648226866423e+01
-5.503740820894243058e+01
-5.510716411288279204e+01
-5.517696419408974151e+01
-5.524680845256326478e+01
-5.531669688830338316e+01
-5.538662950131008955e+01
-5.545660629158338395e+01
-5.552662725912326636e+01
-5.559669240392972256e+01
-5.566680172600277388e+01
-5.573695522534241320e+01
-7.457215442997893717e+01
-7.466601491384297162e+01
-7.475993442945787137e+01
-7.485391297682362222e+01
-7.494795055594022415e+01
-7.504204716680770559e+01
-7.513620280942602392e+01
-7.523041748379522176e+01
-7.532469118991525647e+01
-7.541902392778615649e+01
-7.551341569740792181e+01
-7.560786649878053822e+01
-7.570237633190401993e+01
-7.579694519677835274e+01
-7.589157309340353663e+01
-7.598626002177958583e+01
-7.608100598190650032e+01
-7.182645676463444318e+01
-7.191590440693161668e+01
-7.200540771048723343e+01
-7.209496667530126501e+01
-7.218458130137373985e+01
-7.227425158870464372e+01
-7.236397753729396243e+01
-7.245375914714172438e+01
-7.254359641824791538e+01
-7.263348935061253542e+01
-7.272343794423558450e+01
-7.281344219911706261e+01
-7.290350211525696977e+01
-7.299361769265530597e+01
-7.308378893131208542e+01
-7.317401583122729392e+01
-7.326429839240091724e+01
-8.970049252612291468e+01
-8.981102917741819169e+01
-8.992163389315393829e+01
-9.003230667333012605e+01
-9.014304751794676918e+01
-9.025385642700385347e+01
-9.036473340050140735e+01
-9.047567843843940238e+01
-9.058669154081786701e+01
-9.069777270763677279e+01
-9.080892193889611974e+01
-9.092013923459593627e+01
-9.103142459473619397e+01
-9.114277801931692125e+01
-9.125419950833808969e+01
-9.136568906179971350e+01
-9.147724667970177848e+01
-9.320900046730808697e+01
-9.332266998007308700e+01
-9.343640876127976469e+01
-9.355021681092809160e+01
-9.366409412901809617e+01
-9.377804071554973575e+01
-9.389205657052305298e+01
-9.400614169393803365e+01
-9.412029608579464934e+01
-9.423451974609295689e+01
-9.434881267483291367e+01
-9.446317487201451968e+01
-9.457760633763780334e+01
-9.469210707170273622e+01
-9.480667707420933255e+01
-9.492131634515759231e+01
-9.503602488454751551e+01
-7.596882119420125434e+01
-7.606051560722985982e+01
-7.615226532448828323e+01
-7.624407034597651034e+01
-7.633593067169455537e+01
-7.642784630164240411e+01
-7.651981723582008499e+01
-7.661184347422756957e+01
-7.670392501686485787e+01
-7.679606186373196408e+01
-7.688825401482887401e+01
-7.698050147015560185e+01
-7.707280422971214762e+01
-7.716516229349849709e+01
-7.725757566151466449e+01
-7.735004433376064981e+01
-7.744256831023643883e+01
-3.938147628179307702e+01
-3.942852703003894987e+01
-3.947560586828377183e+01
-3.952271279652754288e+01
-3.956984781477027013e+01
-3.961701092301195359e+01
-3.966420212125259326e+01
-3.971142140949217492e+01
-3.975866878773071278e+01
-3.980594425596820685e+01
-3.985324781420465001e+01
-3.990057946244004938e+01
-3.994793920067439785e+01
-3.999532702890770253e+01
-4.004274294713995630e+01
-4.009018695537116628e+01
-4.013765905360133246e+01
1.448149914351056555e+00
1.449862687756557689e+00
1.451576473439485149e+00
1.453291271399838713e+00
1.455007081637619049e+00
1.456723904152825488e+00
1.458441738945458699e+00
1.460160586015518236e+00
1.461880445363003878e+00
1.463601316987916290e+00
1.465323200890255029e+00
1.467046097070020094e+00
1.468770005527211708e+00
1.470494926261829871e+00
1.472220859273874138e+00
1.473947804563344954e+00
1.475675762130242097e+00
4.829582839359319024e+01
4.835238088585735738e+01
4.840896646910587009e+01
4.846558514333874257e+01
4.852223690855596772e+01
4.857892176475755974e+01
4.863563971194349733e+01
4.869239075011379470e+01
4.874917487926844473e+01
4.880599209940744743e+01
4.886284241053081701e+01
4.891972581263853215e+01
4.897664230573061417e+01
4.903359188980703465e+01
4.909057456486782911e+01
4.914759033091296914e+01
4.920463918794246894e+01
1.183211677971410722e+02
1.184583517598044153e+02
1.185956152033267870e+02
1.187329581277081729e+02
1.188703805329485732e+02
1.190078824190480020e+02
1.191454637860064310e+02
1.192831246338238884e+02
1.194208649625003602e+02
1.195586847720358321e+02
1.196965840624303610e+02
1.198345628336838615e+02
1.199726210857964048e+02
1.201107588187679625e+02
1.202489760325985486e+02
1.203872727272881207e+02
1.205256489028367355e+02
1.667495650800100861e+02
1.669410111937643819e+02
1.671325671446465151e+02
1.673242329326564288e+02
1.675160085577941231e+02
1.677078940200596548e+02
1.678998893194529387e+02
1.680919944559740600e+02
1.682842094296229902e+02
1.684765342403997010e+02
1.686689688883042209e+02
1.688615133733365212e+02
1.690541676954966306e+02
1.692469318547845489e+02
1.694398058512002478e+02
1.696327896847437557e+02
1.698258833554150442e+02
2.083533399397672099e+02
2.085902397009267020e+02
2.088272740642232179e+02
2.090644430296567577e+02
2.093017465972272930e+02
2.095391847669348806e+02
2.097767575387794636e+02
2.100144649127610990e+02
2.102523068888797297e+02
2.104902834671354128e+02
2.107283946475280914e+02
2.109666404300577938e+02
2.112050208147245201e+02
2.114435358015282986e+02
2.116821853904690727e+02
2.119209695815468706e+02
2.121598883747616924e+02
2.635603925459424204e+02
2.638571947898004737e+02
2.641541640579937962e+02
2.644513003505225015e+02
2.647486036673864760e+02
2.650460740085857765e+02
2.653437113741204030e+02
2.656415157639903555e+02
2.659394871781956340e+02
2.662376256167361817e+02
2.665359310796121122e+02
2.668344035668233118e+02
2.671330430783698375e+02
2.674318496142516892e+02
2.677308231744688101e+02
2.680299637590213138e+02
2.683292713679090866e+02
3.071329938805614006e+02
3.074755850616886619e+02
3.078183672077997812e+02
3.081613403188948155e+02
3.085045043949737646e+02
3.088478594360366287e+02
3.091914054420833509e+02
3.095351424131140448e+02
3.098790703491285967e+02
3.102231892501270636e+02
3.105674991161095022e+02
3.109119999470757421e+02
3.112566917430259537e+02
3.116015745039600802e+02
3.119466482298780647e+02
3.122919129207799642e+02
3.126373685766657786e+02
3.017397922985854848e+02
3.020732064337220208e+02
3.024068046738476028e+02
3.027405870189622306e+02
3.030745534690659042e+02
3.034087040241585669e+02
3.037430386842403323e+02
3.040775574493110298e+02
3.044122603193708301e+02
3.047471472944196762e+02
3.050822183744574545e+02
3.054174735594843924e+02
3.057529128495002624e+02
3.060885362445052351e+02
3.064243437444991969e+02
3.067603353494822045e+02
3.070965110594542580e+02
3.072077815910243430e+02
3.075440791078179927e+02
3.078805605948068660e+02
3.082172260519909059e+02
3.085540754793701126e+02
3.088911088769445428e+02
3.092283262447141396e+02
3.095657275826789032e+02
3.099033128908388335e+02
3.102410821691939873e+02
3.105790354177443078e+02
3.109171726364897950e+02
3.112554938254304489e+02
3.115939989845663831e+02
3.119326881138974272e+02
3.122715612134236380e+02
3.126106182831450724e+02
3.061717124637295342e+02
3.065037859045795017e+02
3.068360393310343284e+02
3.071684727430940143e+02
3.075010861407583889e+02
3.078338795240276227e+02
3.081668528929016588e+02
3.085000062473804405e+02
3.088333395874640814e+02
3.091668529131524679e+02
3.095005462244456567e+02
3.098344195213437047e+02
3.101684728038464982e+02
3.105027060719540373e+02
3.108371193256664355e+02
3.111717125649836362e+02
3.115064857899056392e+02
2.703715201302528044e+02
2.706620859767119782e+02
2.709528078735719987e+02
2.712436858208329795e+02
2.715347198184948070e+02
2.718259098665575380e+02
2.721172559650211724e+02
2.724087581138856535e+02
2.727004163131510381e+02
2.729922305628173831e+02
2.732842008628845178e+02
2.735763272133526129e+02
2.738686096142215547e+02
2.741610480654914568e+02
2.744536425671622055e+02
2.747463931192338578e+02
2.750392997217063566e+02
2.313683187015656983e+02
2.316147173370306405e+02
2.318612471053510262e+02
2.321079080065269693e+02
2.323547000405583276e+02
2.326016232074452148e+02
2.328486775071876309e+02
2.330958629397854622e+02
2.333431795052388225e+02
2.335906272035476547e+02
2.338382060347119875e+02
2.340859159987318208e+02
2.343337570956071261e+02
2.345817293253379319e+02
2.348298326879242381e+02
2.350780671833660165e+02
2.353264328116632669e+02
1.970326928405774254e+02
1.972406429121769520e+02
1.974487026620843153e+02
1.976568720902994869e+02
1.978651511968224668e+02
1.980735399816532265e+02
1.982820384447918229e+02
1.984906465862382277e+02
1.986993644059923838e+02
1.989081919040544051e+02
1.991171290804242062e+02
1.993261759351018156e+02
1.995353324680872333e+02
1.997445986793804593e+02
1.999539745689814936e+02
2.001634601368903077e+02
2.003730553831069585e+02
1.625802537999181823e+02
1.627503168269055607e+02
1.629204687524956228e+02
1.630907095766884254e+02
1.632610392994839117e+02
1.634314579208821385e+02
1.636019654408830490e+02
1.637725618594867001e+02
1.639432471766930348e+02
1.641140213925020817e+02
1.642848845069138406e+02
1.644558365199283116e+02
1.646268774315454948e+02
1.647980072417654185e+02
1.649692259505880259e+02
1.651405335580133453e+02
1.653119300640413769e+02
1.325796024045620243e+02
1.327170618160753008e+02
1.328545924500816113e+02
1.329921943065809273e+02
1.331298673855732488e+02
1.332676116870585759e+02
1.334054272110369084e+02
1.335433139575082748e+02
1.336812719264726468e+02
1.338193011179300242e+02
1.339574015318804072e+02
1.340955731683238241e+02
1.342338160272602465e+02
1.343721301086896460e+02
1.345105154126121079e+02
1.346489719390275468e+02
1.347874996879360197e+02
1.129683726860318131e+02
1.130844758439825171e+02
1.132006386337554744e+02
1.133168610553507136e+02
1.134331431087682063e+02
1.135494847940079666e+02
1.136658861110699945e+02
1.137823470599543043e+02
1.138988676406608533e+02
1.140154478531896700e+02
1.141320876975407685e+02
1.142487871737141063e+02
1.143655462817097401e+02
1.144823650215276274e+02
1.145992433931677681e+02
1.147161813966301906e+02
1.148331790319148666e+02
1.034572188713066083e+02
1.035626261243593831e+02
1.036680870470929534e+02
1.037736016395072909e+02
1.038791699016024239e+02
1.039847918333783241e+02
1.040904674348350056e+02
1.041961967059724827e+02
1.043019796467907128e+02
1.044078162572897526e+02
1.045137065374695453e+02
1.046196504873301478e+02
1.047256481068715033e+02
1.048316993960936543e+02
1.049378043549965867e+02
1.050439629835803004e+02
1.051501752818447812e+02
1.048003527528231871e+02
1.049062116949977650e+02
1.050121240742960964e+02
1.051180898907181955e+02
1.052241091442640482e+02
1.053301818349336685e+02
1.054363079627270423e+02
1.055424875276441981e+02
1.056487205296851073e+02
1.057550069688497842e+02
1.058613468451382147e+02
1.059677401585504128e+02
1.060741869090863787e+02
1.061806870967460981e+02
1.062872407215295851e+02
1.063938477834368399e+02
1.065005082824678624e+02
5.560317430937131888e+01
5.565886101373723704e+01
5.571457558932656440e+01
5.577031803613929384e+01
5.582608835417543247e+01
5.588188654343498030e+01
5.593771260391793021e+01
5.599356653562429642e+01
5.604944833855405761e+01
5.610535801270722800e+01
5.616129555808380047e+01
5.621726097468378924e+01
5.627325426250718010e+01
5.632927542155398015e+01
5.638532445182417518e+01
5.644140135331778652e+01
5.649750612603480704e+01
9.412918699999799799e+01
9.422266186295728119e+01
9.431618311542672473e+01
9.440975075740631439e+01
9.450336478889605019e+01
9.459702520989596053e+01
9.469073202040600279e+01
9.478448522042620539e+01
9.487828480995655411e+01
9.497213078899707739e+01
9.506602315754773258e+01
9.515996191560856232e+01
9.525394706317952398e+01
9.534797860026064598e+01
9.544205652685194252e+01
9.553618084295337098e+01
9.563035154856494557e+01
9.572456864368669471e+01
9.581883212831857577e+01
9.591314200246061716e+01
9.600749826611281890e+01
9.610190091927518097e+01
9.619634996194768917e+01
9.629084539413034349e+01
9.638538721582315816e+01
9.647997542702613316e+01
9.657461002773924008e+01
9.666929101796252155e+01
9.676401839769594915e+01
9.685879216693953708e+01
9.695361232569325693e+01
9.704847887395713713e+01
9.714339181173119186e+01
1.235222154101515031e+02
1.236429015023939542e+02
1.237636465233923815e+02
1.238844504731467993e+02
1.240053133516571791e+02
1.241262351589235493e+02
1.242472158949458958e+02
1.243682555597242185e+02
1.244893541532585033e+02
1.246105116755487927e+02
1.247317281265950442e+02
1.248530035063972861e+02
1.249743378149554900e+02
1.250957310522696702e+02
1.252171832183398266e+02
1.253386943131659876e+02
1.254602643367480965e+02
1.255818932890861959e+02
1.257035811701802714e+02
1.258253279800303375e+02
1.259471337186363655e+02
1.260689983859983698e+02
1.261909219821163646e+02
1.263129045069903214e+02
1.264349459606202686e+02
1.265570463430061778e+02
1.266792056541480775e+02
1.268014238940459535e+02
1.269237010626998057e+02
1.270460371601096341e+02
1.271684321862754530e+02
1.272908861411972339e+02
1.274133990248749910e+02
1.486395973089645679e+02
1.487825199986847053e+02
1.489255113682173430e+02
1.490685714175623957e+02
1.492117001467199202e+02
1.493548975556899165e+02
1.494981636444723279e+02
1.496414984130672394e+02
1.497849018614745944e+02
1.499283739896943928e+02
1.500719147977266630e+02
1.502155242855713482e+02
1.503592024532285336e+02
1.505029493006981625e+02
1.506467648279802347e+02
1.507906490350747788e+02
1.509346019219817663e+02
1.510786234887012256e+02
1.512227137352331283e+02
1.513668726615774744e+02
1.515111002677342924e+02
1.516553965537035538e+02
1.517997615194853154e+02
1.519441951650794920e+02
1.520886974904861120e+02
1.522332684957052038e+02
1.523779081807367675e+02
1.525226165455807745e+02
1.526673935902372250e+02
1.528122393147061473e+02
1.529571537189875130e+02
1.531021368030813221e+02
1.532471885669876031e+02
1.606874565756656636e+02
1.608395507134561626e+02
1.609917167973856351e+02
1.611439548274540812e+02
1.612962648036615008e+02
1.614486467260079223e+02
1.616011005944932890e+02
1.617536264091176292e+02
1.619062241698809430e+02
1.620588938767832303e+02
1.622116355298244912e+02
1.623644491290047256e+02
1.625173346743239335e+02
1.626702921657821435e+02
1.628233216033792985e+02
1.629764229871154555e+02
1.631295963169905576e+02
1.632828415930046333e+02
1.634361588151576825e+02
1.635895479834497053e+02
1.637430090978807300e+02
1.638965421584506998e+02
1.640501471651596432e+02
1.642038241180075602e+02
1.643575730169944791e+02
1.645113938621203431e+02
1.646652866533851807e+02
1.648192513907889918e+02
1.649732880743318049e+02
1.651273967040135631e+02
1.652815772798342948e+02
1.654358298017940285e+02
1.655901542698927074e+02
1.484199660728906451e+02
1.485582885016631565e+02
1.486966753563456507e+02
1.488351266369381563e+02
1.489736423434406447e+02
1.491122224758531445e+02
1.492508670341756556e+02
1.493895760184081780e+02
1.495283494285506549e+02
1.496671872646031716e+02
1.498060895265656711e+02
1.499450562144381820e+02
1.500840873282207042e+02
1.502231828679132093e+02
1.503623428335157257e+02
1.505015672250282535e+02
1.506408560424507641e+02
1.507802092857832861e+02
1.509196269550257909e+02
1.510591090501783071e+02
1.511986555712408347e+02
1.513382665182133735e+02
1.514779418910958668e+02
1.516176816898883999e+02
1.517574859145909443e+02
1.518973545652034716e+02
1.520372876417259818e+02
1.521772851441585033e+02
1.523173470725010361e+02
1.524574734267535803e+02
1.525976642069161073e+02
1.527379194129886457e+02
1.528782390449711670e+02
1.308454974453864850e+02
1.309655942764515544e+02
1.310857461978060883e+02
1.312059532094501151e+02
1.313262153113836064e+02
1.314465325036065906e+02
1.315669047861190393e+02
1.316873321589209809e+02
1.318078146220124154e+02
1.319283521753933144e+02
1.320489448190636779e+02
1.321695925530235343e+02
1.322902953772728836e+02
1.324110532918116974e+02
1.325318662966400041e+02
1.326527343917577753e+02
1.327736575771650394e+02
1.328946358528617679e+02
1.330156692188479610e+02
1.331367576751236470e+02
1.332579012216888259e+02
1.333790998585434977e+02
1.335003535856876056e+02
1.336216624031212348e+02
1.337430263108443000e+02
1.338644453088568866e+02
1.339859193971589377e+02
1.341074485757504533e+02
1.342290328446314618e+02
1.343506722038019632e+02
1.344723666532619291e+02
1.345941161930113594e+02
1.347159208230502827e+02
1.056907932740240028e+02
1.057863545699318024e+02
1.058819590476271770e+02
1.059776067071101266e+02
1.060732975483806655e+02
1.061690315714387509e+02
1.062648087762844398e+02
1.063606291629177036e+02
1.064564927313385283e+02
1.065523994815469564e+02
1.066483494135429311e+02
1.067443425273265092e+02
1.068403788228976481e+02
1.069364583002563762e+02
1.070325809594026651e+02
1.071287468003365433e+02
1.072249558230579964e+02
1.073212080275670246e+02
1.074175034138636278e+02
1.075138419819478202e+02
1.076102237318195733e+02
1.077066486634789158e+02
1.078031167769258190e+02
1.078996280721603114e+02
1.079961825491823788e+02
1.080927802079920355e+02
1.081894210485892387e+02
1.082861050709740454e+02
1.083828322751464270e+02
1.084796026611063695e+02
1.085764162288539012e+02
1.086732729783890079e+02
1.087701729097116896e+02
8.999830302645176516e+01
9.007847968839070063e+01
9.015869204786388025e+01
9.023894010487131823e+01
9.031922385941302878e+01
9.039954331148898348e+01
9.047989846109919654e+01
9.056028930824366796e+01
9.064071585292239774e+01
9.072117809513535747e+01
9.080167603488260397e+01
9.088220967216409463e+01
9.096277900697984364e+01
9.104338403932985102e+01
9.112402476921410255e+01
9.120470119663262665e+01
9.128541332158539490e+01
9.136616114407242151e+01
9.144694466409372069e+01
9.152776388164924981e+01
9.160861879673905150e+01
9.168950940936309735e+01
9.177043571952141576e+01
9.185139772721396412e+01
9.193239543244078504e+01
9.201342883520186433e+01
9.209449793549718777e+01
9.217560273332678378e+01
9.225674322869063815e+01
9.233791942158873667e+01
9.241913131202107934e+01
9.250037889998769458e+01
9.258166218548856818e+01
8.872200242898348677e+01
8.879989707554096867e+01
8.887782590140804473e+01
8.895578890658472915e+01
8.903378609107099351e+01
8.911181745486685202e+01
8.918988299797229047e+01
8.926798272038733728e+01
8.934611662211194982e+01
8.942428470314618494e+01
8.950248696348998578e+01
8.958072340314338078e+01
8.965899402210636993e+01
8.973729882037895322e+01
8.981563779796113067e+01
8.989401095485288806e+01
8.997241829105425381e+01
9.005085980656519951e+01
9.012933550138572514e+01
9.020784537551585913e+01
9.028638942895557307e+01
9.036496766170489536e+01
9.044358007376378339e+01
9.052222666513227978e+01
9.060090743581035611e+01
9.067962238579802658e+01
9.075837151509529122e+01
9.083715482370213579e+01
9.091597231161858872e+01
9.099482397884462159e+01
9.107370982538024862e+01
9.115262985122546979e+01
9.123158405638027091e+01
7.535624154007301456e+01
7.542145680752439318e+01
7.548670028227138573e+01
7.555197196431399220e+01
7.561727185365219839e+01
7.568259995028603271e+01
7.574795625421546674e+01
7.581334076544051470e+01
7.587875348396117658e+01
7.594419440977743818e+01
7.600966354288931370e+01
7.607516088329680315e+01
7.614068643099989231e+01
7.620624018599860960e+01
7.627182214829292661e+01
7.633743231788285755e+01
7.640307069476840240e+01
7.646873727894954698e+01
7.653443207042630547e+01
7.660015506919867789e+01
7.666590627526666424e+01
7.673168568863025030e+01
7.679749330928945028e+01
7.686332913724426419e+01
7.692919317249469202e+01
7.699508541504071957e+01
7.706100586488237525e+01
7.712695452201963064e+01
7.719293138645248575e+01
7.725893645818096900e+01
7.732496973720505196e+01
7.739103122352474884e+01
7.745712091714005965e+01
6.755022307743381305e+01
6.760785978654425321e+01
6.766552107420868367e+01
6.772320694042710443e+01
6.778091738519951548e+01
6.783865240852591683e+01
6.789641201040632268e+01
6.795419619084070462e+01
6.801200494982909106e+01
6.806983828737145359e+01
6.812769620346782062e+01
6.818557869811817795e+01
6.824348577132252558e+01
6.830141742308086350e+01
6.835937365339319172e+01
6.841735446225951023e+01
6.847535984967981904e+01
6.853338981565413235e+01
6.859144436018242175e+01
6.864952348326471565e+01
6.870762718490098564e+01
6.876575546509126013e+01
6.882390832383552493e+01
6.888208576113378001e+01
6.894028777698603960e+01
6.899851437139227528e+01
6.905676554435250125e+01
6.911504129586671752e+01
6.917334162593493829e+01
6.923166653455713515e+01
6.929001602173333652e+01
6.934839008746352818e+01
6.940678873174771013e+01
6.071023653009784482e+01
6.076131792389683284e+01
6.081242079851743654e+01
6.086354515395965592e+01
6.091469099022348388e+01
6.096585830730893463e+01
6.101704710521599395e+01
6.106825738394466185e+01
6.111948914349495965e+01
6.117074238386686602e+01
6.122201710506038097e+01
6.127331330707551160e+01
6.132463098991225792e+01
6.137597015357061991e+01
6.142733079805059759e+01
6.147871292335218385e+01
6.153011652947538579e+01
6.158154161642021052e+01
6.163298818418663672e+01
6.168445623277469281e+01
6.173594576218434327e+01
6.178745677241562362e+01
6.183898926346851965e+01
6.189054323534301716e+01
6.194211868803913745e+01
6.199371562155686632e+01
6.204533403589622509e+01
6.209697393105718533e+01
6.214863530703975414e+01
6.220031816384395285e+01
6.225202250146975302e+01
6.230374831991717599e+01
6.235549561918620753e+01
5.507583004813759686e+01
5.512153613116509376e+01
5.516726117150617625e+01
5.521300516916082302e+01
5.525876812412904826e+01
5.530455003641084488e+01
5.535035090600621288e+01
5.539617073291515936e+01
5.544200951713767722e+01
5.548786725867377356e+01
5.553374395752344128e+01
5.557963961368668038e+01
5.562555422716350506e+01
5.567148779795388691e+01
5.571744032605786145e+01
5.576341181147540027e+01
5.580940225420651046e+01
5.585541165425119914e+01
5.590144001160945919e+01
5.594748732628129773e+01
5.599355359826670764e+01
5.603963882756569603e+01
5.608574301417825581e+01
5.613186615810438695e+01
5.617800825934408948e+01
5.622416931789737760e+01
5.627034933376422998e+01
5.631654830694466085e+01
5.636276623743867020e+01
5.640900312524625093e+01
5.645525897036739593e+01
5.650153377280212652e+01
5.654782753255042138e+01
4.355205009288705753e+01
4.358770465702368568e+01
4.362337380977083967e+01
4.365905755112852660e+01
4.369475588109673936e+01
4.373046879967548506e+01
4.376619630686476370e+01
4.380193840266456817e+01
4.383769508707491269e+01
4.387346636009577594e+01
4.390925222172717923e+01
4.394505267196910836e+01
4.398086771082157043e+01
4.401669733828456543e+01
4.405254155435808627e+01
4.408840035904214005e+01
4.412427375233671256e+01
4.416016173424183222e+01
4.419606430475747771e+01
4.423198146388364904e+01
4.426791321162035331e+01
4.430385954796759052e+01
4.433982047292535356e+01
4.437579598649364954e+01
4.441178608867247846e+01
4.444779077946183321e+01
4.448381005886172090e+01
4.451984392687214154e+01
4.455589238349309511e+01
4.459195542872456741e+01
4.462803306256658686e+01
4.466412528501912504e+01
4.470023209608218906e+01
4.017103601742747543e+01
4.020348435023638700e+01
4.023594578289704771e+01
4.026842031540947886e+01
4.030090794777366625e+01
4.033340867998960988e+01
4.036592251205731685e+01
4.039844944397678006e+01
4.043098947574800661e+01
4.046354260737098940e+01
4.049610883884573553e+01
4.052868817017224501e+01
4.056128060135051072e+01
4.059388613238053267e+01
4.062650476326231797e+01
4.065913649399585950e+01
4.069178132458116437e+01
4.072443925501823259e+01
4.075711028530704993e+01
4.078979441544763773e+01
4.082249164543998177e+01
4.085520197528408204e+01
4.088792540497994565e+01
4.092066193452756551e+01
4.095341156392694870e+01
4.098617429317808813e+01
4.101895012228099091e+01
4.105173905123565703e+01
4.108454108004207228e+01
4.111735620870025087e+01
4.115018443721019281e+01
4.118302576557189099e+01
4.121588019378535250e+01
