5.355780876744913738e-03
-1.556475748622144183e-02
5.704870201625601538e-04
4.169282483750562027e-03
-6.832072703991839665e-04
1.786339400831469734e-02
2.123079669312695830e-02
3.412728775896994166e-02
4.024890220795185325e-02
5.157953569969801755e-02
5.847119948633210801e-02
9.893188544209589874e-02
1.097433701259079297e-01
1.375775534117088528e-01
1.971736131030503159e-01
2.164279108598127777e-01
5.336761783032867301e-01
6.517113933989193697e-01
8.674580869981509679e-01
1.064999400455912237e+00
1.301009412143188992e+00
1.506470323519236487e+00
1.743212388371210730e+00
1.782987983793998144e+00
1.882303813161966488e+00
1.904748140948227419e+00
1.797417928346761506e+00
1.595725434230315098e+00
1.305800716547896201e+00
1.047581134501812228e+00
7.038626395297712390e-01
5.947640131517722972e-01
3.423362627802324920e-01
1.975529565660822107e-01
2.848376838062965932e-02
8.517253539763929016e-02
3.988912152864566019e-01
7.313117071854696727e-01
9.561135145532749791e-01
8.348104345669143944e-01
1.619363459009415918e+00
2.750476277696821903e+00
4.949973374271792181e+00
6.069064573466534718e+00
8.043586157263723280e+00
8.645727778050392942e+00
8.960479293864619166e+00
9.101089511434965473e+00
7.817401554147005882e+00
8.260356396346827168e+00
6.534364988584547618e+00
5.902926312479135795e+00
5.817714809749820581e+00
2.694128897434895364e+00
4.001939603269517143e+00
2.105290385118446128e+00
1.450210091564810622e+00
2.923133471162358887e+00
5.373941122435051732e+00
4.143717723808815201e+00
6.560795645811134946e+00
1.153264159285331658e+01
1.207221709978869129e+01
1.438409719256623909e+01
1.390155103068052966e+01
1.471959050949004677e+01
1.275806327854721189e+01
7.640922079009206946e+00
5.034458902244774769e+00
-1.705858731262224204e+00
-1.067359547612888448e+01
-2.010724425351529376e+01
-3.421596150833301664e+01
-4.910629194280129184e+01
-6.410652589535897050e+01
-7.637235629069134291e+01
-9.854682350411552250e+01
-1.183473356787929873e+02
-1.370998418505107281e+02
-1.659311390311138723e+02
-1.912531635331825726e+02
-2.105741831218730908e+02
-2.428513716431901059e+02
-2.654787877532741049e+02
-2.810052643615210286e+02
-2.964056496742139757e+02
-3.039546388524474878e+02
-3.190093622810853162e+02
-3.170162105719282977e+02
-3.163483169365908907e+02
-3.122790743026234281e+02
-3.108853259135947269e+02
-2.995269278364111187e+02
-2.895528648198849169e+02
-2.815315898344616130e+02
-2.719193146152820191e+02
-2.621577471851221048e+02
-2.664973608962042704e+02
-2.513158655288711429e+02
-2.549974520364932573e+02
-2.603953366970909542e+02
-2.558933687865298339e+02
-2.647231876665726986e+02
-2.674034918540800163e+02
-2.805858367420859736e+02
-3.110843349592181539e+02
-3.205263343217270631e+02
-3.494909593191148929e+02
-3.682251501555240338e+02
-4.036486358643434755e+02
-4.484640638807317714e+02
-4.860792892740326465e+02
-5.157503461299052105e+02
-5.486197093846125199e+02
-5.930433745402885961e+02
-6.650639114794583975e+02
-6.979014716278970809e+02
-7.406442085860052202e+02
-7.497934078899716042e+02
-7.866374674023244324e+02
-7.409507333034126759e+02
-7.353369502569206588e+02
-7.498521711131269285e+02
-7.109598337858723198e+02
-6.689974061395533909e+02
-6.291142578144692834e+02
-5.913277600617816461e+02
-6.075635429370904603e+02
-5.557407590264098189e+02
-5.097908161470796244e+02
-4.719430384761308801e+02
-4.490130490985919778e+02
-4.230703182421449355e+02
-4.074015290987869662e+02
-3.876938376831525375e+02
-3.936722769080181479e+02
-4.407043017136139724e+02
-4.259409770541837474e+02
-5.059286658676153365e+02
-5.855199257015252670e+02
-6.433388503476223832e+02
-7.949404681389613643e+02
-8.914478721638517982e+02
-1.034956991466039426e+03
-1.181849552259815255e+03
-1.344761624349147496e+03
-1.565687111205836118e+03
-1.827626392807020466e+03
-1.926182548840924937e+03
-2.125701371140628908e+03
-2.304516028762669976e+03
-2.406670084549532930e+03
-2.559509539482296532e+03
-2.621371674353005801e+03
-2.548152604966728177e+03
-2.709143201332952685e+03
-2.579447419057144998e+03
-2.517319297190981615e+03
-2.477790210440074588e+03
-2.390625278603415609e+03
-2.279990914900722146e+03
-2.171563320204036245e+03
-2.098674312639042455e+03
-1.922824849826336958e+03
-1.746030529276445350e+03
-1.718029622211975038e+03
-1.578262523329541409e+03
-1.404241145321854674e+03
-1.419837538303975862e+03
-1.278787772364296188e+03
-1.164487781060230191e+03
-1.108822409504304460e+03
-2.036418697939126560e+03
-1.537445949813065226e+03
-1.448392539735263199e+03
-1.267410859851643863e+03
-1.210095348440788939e+03
-1.485826583533093753e+03
-1.082155698970363119e+03
-1.018008524874757882e+03
-7.570778928365137972e+02
-2.154434428010312388e+02
3.721478450317160878e+02
1.110180560774152582e+03
1.746373433786493251e+03
2.548622498610306593e+03
3.037067883253514992e+03
3.552250545986824818e+03
4.101097140460993614e+03
4.518794835893738309e+03
4.397805053249690900e+03
4.428268575368101665e+03
4.288784517961685196e+03
3.839891799800611352e+03
3.425735573700076657e+03
3.216255959277745660e+03
2.844045523405539825e+03
2.479413790852487637e+03
2.463561316721633830e+03
2.312528502093460702e+03
2.445969104361423888e+03
1.525844526936271222e+03
3.790381633822266394e+03
4.134500084007415353e+03
4.510868543089824925e+03
4.445251612596069208e+03
3.758972434861928377e+03
3.388017502096065527e+03
2.627331087070865124e+03
2.253987929241498477e+03
2.205285106370909944e+03
1.813764495994498475e+03
1.474815550578776993e+03
1.390336857448010051e+03
1.158746412541581321e+03
8.732101323567678719e+02
7.441022521083513084e+02
-8.166065274022906717e-01
-1.464104186315754230e+00
-1.890239592934698454e+00
-2.741667095732918558e+00
-3.162200995467705944e+00
-3.405567849998095031e+00
-3.900950443218973440e+00
-5.586942071991384040e+00
-3.736539441129650196e+00
-3.524498401205452769e+00
-4.798441629489878402e+00
-5.663842728817485295e+00
-3.233308878355899640e+00
-3.184091936000969181e+00
-1.431854819923396693e+00
-5.137593057705596156e-01
1.024729750631047054e+01
2.087950607517988999e+01
3.287578610263668111e+01
4.979202514283372238e+01
6.858556589001602788e+01
8.250304748485031325e+01
1.075892187678540068e+02
1.222594926015247694e+02
1.350302137693013549e+02
1.477468721292333100e+02
1.555497719469988169e+02
1.662887001959358599e+02
1.609026326500732580e+02
1.430149719556916352e+02
1.457491872650043661e+02
1.152478520605465917e+02
1.004194191224335242e+02
6.980356525225325015e+01
4.687337231029955831e+01
1.229639836201167213e+01
-1.378782857420350716e+01
-3.205011757732386712e+01
-5.236134899726142322e+01
-7.184210621777184258e+01
-1.031598287357906116e+02
-1.077602121073041275e+02
-1.282319541387001891e+02
-1.391127283759356317e+02
-1.357643236953098835e+02
-1.438701951185041139e+02
-1.621546928469137470e+02
-1.699680473567626962e+02
-1.771438114298074993e+02
-1.930150610587524511e+02
-2.253806011305389063e+02
-2.672513468632698164e+02
-2.671730814053113363e+02
-3.234919546275832545e+02
-3.432560053185518427e+02
-3.607136174564255384e+02
-3.635435642152996252e+02
-3.670800325034588241e+02
-3.712940369728992209e+02
-3.188942754353776650e+02
-2.870221804629074995e+02
-1.806241743187986231e+02
-8.397642253576664473e+01
5.215470950816761331e+01
1.777506915689870368e+02
3.085081300497461712e+02
4.977374785120414344e+02
6.337670434318546313e+02
7.769842873814841369e+02
9.179820724415379800e+02
1.026862727683194862e+03
1.128399410500739577e+03
1.210164381055950798e+03
1.276461359558399181e+03
1.280160007118841577e+03
1.300232288918338327e+03
1.267099629268093850e+03
1.193129945227824237e+03
1.125139735377573516e+03
9.877615392283983056e+02
8.021091631695122715e+02
6.323894021174772888e+02
4.455296238863719509e+02
2.441454048307692517e+02
1.000792669137591560e+02
-1.728447279743993477e+02
-2.898509441320196061e+02
-4.546375680946246689e+02
-5.841455873696553454e+02
-7.070421655031302635e+02
-7.525649870165576658e+02
-7.096490500223050049e+02
-8.071522107494547527e+02
-7.161250983824778586e+02
-6.619686326350163199e+02
-5.965326165269137846e+02
-5.561654236959986974e+02
-4.823690836763833545e+02
-3.787235988105127831e+02
-2.846917809168907070e+02
-1.976053273217804076e+02
-4.104409493191342762e+01
5.364675188829734509e+01
5.922534055665581576e+01
1.793408762769908265e+02
3.036077138600868466e+02
2.727671059071693662e+02
4.320606781370227054e+02
4.467692922757732958e+02
4.962828931473669059e+02
4.928940351765975265e+02
4.768638564163375690e+02
4.014543793050420959e+02
4.906490164148843860e+02
3.014855331962419882e+02
1.700063268201133724e+02
8.767742187078012250e+01
4.116560764063165578e+01
-9.299056211924491322e+01
-1.451061380291433807e+02
-2.340580997934925449e+02
-2.272442484783306327e+02
-2.708825529595599733e+02
-2.564586571371108334e+02
-2.650032249293693098e+02
-3.099985029845957456e+02
-2.539116844612875639e+02
-1.095483588433165778e+02
-1.075659502142793258e+02
-1.119956269568511864e+01
1.410031417081721372e+02
1.407284291157463940e+02
3.211045027073377014e+02
4.405927796511738279e+02
6.409472333871984802e+02
7.020951325880895411e+02
8.460472530485490097e+02
1.135176060603224414e+03
1.343863889759494441e+03
1.390261371859618748e+03
1.546515014571096117e+03
1.671396265172485300e+03
1.665769332075256898e+03
1.689123036438931194e+03
1.754699208153569771e+03
1.743539715476428228e+03
1.617138857774226608e+03
1.491060627659997408e+03
1.303961298428267355e+03
1.284286501432473187e+03
1.111881104173725589e+03
7.975356978770377054e+02
6.645003754393633244e+02
5.432682492044305036e+02
3.165405775121047895e+02
3.627091497576417964e+02
1.003322351564149244e+02
1.195799966443646127e+02
5.014489676942342555e+01
-4.860081467159699997e+01
4.273043371853674444e+01
6.938338842439385701e+01
-6.240199511440910385e+01
9.721150846628444242e+01
1.829528659851136467e+02
-2.449037014517311039e+00
2.445641104015330995e+02
1.729621009812616421e+02
2.255531260042281758e+02
1.732036606905809322e+02
6.323584387220844292e+02
6.915056614584520958e+02
9.599966812921279598e+02
1.004388075535854796e+03
1.232110844281092568e+03
1.313789195577665851e+03
1.086463724265520796e+03
6.619461418071459775e+02
6.115053354719034360e+02
7.596307931089069143e+02
3.604806927645954602e+02
2.672805804234327525e+02
4.304135880409999118e+02
4.564210744864871003e+02
3.347883818026345466e+02
4.064675079526473382e+02
6.624964169884027569e+02
5.964572640169803890e+02
5.833288608954777601e+02
4.943936751414976243e+02
8.094736366873779616e+02
5.456631316531999119e+02
6.926173393479830338e+02
5.926251301650374899e+02
5.830897114678334674e+02
4.751010392681497478e+02
3.236789120336308656e+02
3.433241316769548916e+02
2.609455902203597475e+02
3.552701838410349922e+01
3.902710613506493331e+01
6.478385895137776629e+01
4.524777554613292807e+01
2.869772506150062963e+00
-9.307693550491963563e+00
-3.610212763430453009e+01
-5.950521550837516571e+01
-6.667146573049953417e+01
-1.647356068893338374e+02
-1.671890443269044795e+02
-2.077505708713382262e+02
-2.269562406210064580e+02
-3.117404816826407910e+02
-6.482991364833983425e+02
-7.853946775502481614e+02
-7.263432371179336542e+02
-8.345372892361278900e+02
-8.889957247769283413e+02
-9.054874452118992849e+02
-6.414395206324977607e+02
-5.900514717996951504e+02
-4.652406447640901774e+02
-4.671087007790828238e+02
-2.908971413314578172e+02
4.687655254706938024e+01
3.312686482045329512e+02
4.384854550005124452e+02
7.889024195361211014e+02
1.149777796249313951e+03
1.329987063148293828e+03
1.611346120684430161e+03
1.820720908052932373e+03
1.989428359538079576e+03
2.215824226296878805e+03
2.385373428416749448e+03
2.405635280989337843e+03
2.376120291060610271e+03
2.293792859972958922e+03
2.353630966979027107e+03
2.244023609035012214e+03
2.200777551529160519e+03
2.119210709029009649e+03
2.092945230998289389e+03
1.994540483522333034e+03
1.869200644215337661e+03
1.982745095564787562e+03
1.827342442993821805e+03
1.747546216933794312e+03
1.733788291990149219e+03
1.680283964840288718e+03
1.470288818408788984e+03
1.470432354466885272e+03
1.304294755578619288e+03
1.190359504460462858e+03
1.001875931520706104e+03
6.480810273849796204e+02
4.192385264946618690e+02
1.810301207052093559e+02
-1.549076668791982172e+02
-8.053912965190717159e+02
-1.036697903584786218e+03
-1.467004671021442164e+03
-1.894545670394931221e+03
-2.065100812788713483e+03
-2.564005563853949752e+03
-2.602589779254017230e+03
-2.538540425741034142e+03
-2.626511807140049768e+03
-2.552300127930818689e+03
-2.178230770200173538e+03
-1.993574102883730120e+03
-1.560012506776070495e+03
-1.260298375204285321e+03
-9.408280931220029970e+02
-6.468541988202754283e+02
-7.246075188999947159e+01
7.567735409115522316e+01
5.302075707843833925e+02
6.985928903403357708e+02
7.805675349812322565e+02
8.562442220440235587e+02
9.053056091275627750e+02
8.216578395125324050e+02
9.076656263586417026e+02
5.161971605372908698e+02
3.321179038571086153e+02
1.101655721368907450e+02
-1.525514459235342315e+02
-3.885945536302670007e+02
-7.189804421689625542e+02
-1.074697720222934322e+03
-1.392361010166985579e+03
-1.602083166629750394e+03
-1.637854505780105228e+03
-1.737464173836305690e+03
-2.019727582059144879e+03
-1.829931286985833594e+03
-2.029644194920179189e+03
-1.982346038322605409e+03
-2.219714019226924393e+03
-2.218276548226869636e+03
-2.205069545915747767e+03
-1.947792463125035283e+03
-2.114510009609744429e+03
-1.947320932148917109e+03
-1.839337090299376086e+03
-1.760444369845647316e+03
-1.799033530117426608e+03
-1.656241228627515284e+03
-1.600822030168494621e+03
-1.437573314593334771e+03
-1.503922880288671649e+03
-1.028828581308202502e+03
-6.756032644594040448e+02
-7.706919481254191169e+02
-6.355794816624344321e+02
-4.738524617333525839e+02
-5.432452755772353612e+02
-6.218408593292463138e+02
-4.494800881740166005e+02
-4.358510533196333085e+02
-3.721246846665678163e+02
-5.459425849675053541e+02
-5.216179156693295909e+02
-5.040093386324689959e+02
-4.747554524138853367e+02
-4.237500266773219550e+02
-6.154258581964227233e+02
-5.638300543975783512e+02
-4.437209883226428246e+02
-7.477586870446282319e+02
-6.155185093449082387e+02
-5.057446731019506956e+02
-5.587694669585245038e+02
-6.532085647531599761e+02
-5.834567500845657833e+02
-6.558652251379273821e+02
-6.878775689753690585e+02
-5.869237565705218458e+02
-5.452131971781051334e+02
-5.458729362452520490e+02
-4.567852205067187583e+02
-4.458908621792272697e+02
-3.426989655913931188e+02
-3.446842171933783447e+02
-2.716495635245973972e+02
-2.512619340485389046e+02
-2.011294726600862930e+02
-1.811476911743879441e+02
-2.302418263149952509e+02
-8.229640220593677213e+01
-7.299453193946932572e+01
-1.496890191389607878e+02
-5.803939080798404859e+01
-1.830461053422957036e+02
-1.219610152124710538e+02
-2.317252727212857337e+02
-7.421435441985562420e+01
-1.068314755673371792e+02
-2.002166785844057131e+02
-1.970440714293292217e+02
-4.563165951458798020e+01
-1.274463325880125666e+02
-3.167530630885736969e+02
-2.075812497904979068e+02
-2.746712767110256550e+02
-9.219756641543094133e+01
-1.436840684593589970e+02
-1.474279791586547219e+02
-2.858295371907682920e+02
-2.259329892707718841e+02
-2.415240125321084577e+02
-2.907384818955952142e+02
-1.766762384967702246e+02
-2.726883444895364619e+02
-1.718147477140086323e+02
-1.466769718651052301e+02
1.791560686081411280e+00
-2.691464014957601236e+01
-7.686678394061871700e+01
-6.084702374777884870e+01
-5.160669584560218937e+01
-4.767310585068010909e+01
-9.176285088192466333e+01
-1.878418558478842328e+02
-1.197874513911631453e+02
-1.231579363526234374e+02
-1.952927376010576950e+02
-3.481175323572615099e+01
-1.941958091153961519e+01
-4.904740092462007262e+00
-4.216396799457292843e+01
-9.802787694149607489e+01
-1.004285616104912009e+02
1.941545003834972505e+01
-3.736612931779492897e+01
7.824531028225752971e-01
-1.298030565579171736e+01
